ID,train_number,planned_arrival,planned_departure,planned_platform,planned_status,category_train,train,path,eva_nr,station_name,station_state,station_city,station_zipcode,station_long,station_lat,station_category,changed_arrival,changed_platform_arrival,changed_departure,changed_platform_departure,message_status,priority,info,arrival_hidden,departure_hidden,arrival_path,departure_path,arrival_status,departure_status,arrival_delay_m,departure_delay_m
6830165283023982751-2411091520-6,7145,2411091540,2411091540,3,,S,1,Kirchheim(Teck)|Kirchheim(Teck)-Ötlingen|Wendlingen(Neckar)|Wernau(Neckar)|Plochingen,8000508,Altbach,Baden-Württemberg,Altbach,73776,9.382434033,48.72031354,3,2411091540,,2411091540,,h,2,Bauarbeiten,,,,,,,0.0,0.0
4368264823792479342-2411091416-22,7140,2411091519,2411091519,4,,S,1,Herrenberg|Nufringen|Gärtringen|Ehningen(b Böblingen)|Hulb|Böblingen|Goldberg(Württ)|Stuttgart-Rohr|Stuttgart-Vaihingen|Stuttgart-Österfeld|Stuttgart Universität|Stuttgart Schwabstr.|Stuttgart Feuersee|Stuttgart Stadtmitte|Stuttgart Hbf (tief)|Stuttgart-Bad Cannstatt|Stuttgart-Untertürkheim|Esslingen-Mettingen|Esslingen(Neckar)|Oberesslingen|Esslingen-Zell,8000508,Altbach,Baden-Württemberg,Altbach,73776,9.382434033,48.72031354,3,2411091523,,2411091523,,h,2,Bauarbeiten,,,,,,,4.0,4.0
-275229670537218485-2411091450-6,7143,2411091510,2411091510,3,,S,1,Kirchheim(Teck)|Kirchheim(Teck)-Ötlingen|Wendlingen(Neckar)|Wernau(Neckar)|Plochingen,8000508,Altbach,Baden-Württemberg,Altbach,73776,9.382434033,48.72031354,3,2411091510,,2411091510,,h,2,Bauarbeiten,,,,,,,0.0,0.0
-5362237697829977230-2411091446-22,7142,2411091549,2411091549,4,,S,1,Herrenberg|Nufringen|Gärtringen|Ehningen(b Böblingen)|Hulb|Böblingen|Goldberg(Württ)|Stuttgart-Rohr|Stuttgart-Vaihingen|Stuttgart-Österfeld|Stuttgart Universität|Stuttgart Schwabstr.|Stuttgart Feuersee|Stuttgart Stadtmitte|Stuttgart Hbf (tief)|Stuttgart-Bad Cannstatt|Stuttgart-Untertürkheim|Esslingen-Mettingen|Esslingen(Neckar)|Oberesslingen|Esslingen-Zell,8000508,Altbach,Baden-Württemberg,Altbach,73776,9.382434033,48.72031354,3,2411091548,,2411091549,,h,2,Bauarbeiten,,,,,,,-1.0,0.0
2922006695511414061-2411091522-10,7542,2411091547,2411091547,4,,S,5,Stuttgart Schwabstr.|Stuttgart Feuersee|Stuttgart Stadtmitte|Stuttgart Hbf (tief)|Stuttgart Nord|Stuttgart-Feuerbach|Stuttgart-Zuffenhausen|Kornwestheim Pbf|Ludwigsburg,8000630,Asperg,Baden-Württemberg,Asperg,71679,9.147977466,48.90725609,4,2411091547,,2411091548,,,,,,,,,,,0.0,1.0
-4899815477540796252-2411091507-3,7543,2411091512,2411091513,3,,S,5,Bietigheim-Bissingen|Tamm(Württ),8000630,Asperg,Baden-Württemberg,Asperg,71679,9.147977466,48.90725609,4,2411091514,,2411091514,,,,,,,,,,,2.0,1.0
-8943419019566147367-2411091452-10,7540,2411091517,2411091517,4,,S,5,Stuttgart Schwabstr.|Stuttgart Feuersee|Stuttgart Stadtmitte|Stuttgart Hbf (tief)|Stuttgart Nord|Stuttgart-Feuerbach|Stuttgart-Zuffenhausen|Kornwestheim Pbf|Ludwigsburg,8000630,Asperg,Baden-Württemberg,Asperg,71679,9.147977466,48.90725609,4,2411091517,,2411091517,,,,,,,,,,,0.0,0.0
6801304589286144337-2411091537-3,7545,2411091542,2411091543,3,,S,5,Bietigheim-Bissingen|Tamm(Württ),8000630,Asperg,Baden-Württemberg,Asperg,71679,9.147977466,48.90725609,4,2411091544,,2411091545,,,,,,,,,,,2.0,2.0
-3924626970669458370-2411091541-1,7345,,2411091541,,,S,3,,8000016,Backnang,Baden-Württemberg,Backnang,71522,9.425986107,48.94264844,3,,,2411091542,,,,,,,,,,,0.0,1.0
-8261116078888715749-2411091456-5,88621,2411091522,2411091524,4,,RE,90,Stuttgart Hbf|Stuttgart-Bad Cannstatt|Waiblingen|Winnenden,8000016,Backnang,Baden-Württemberg,Backnang,71522,9.425986107,48.94264844,3,2411091522,,2411091524,,,,,,,,,,,0.0,0.0
8171908561727237859-2411091433-7,17540,2411091506,2411091507,4,,MEX,19,Gaildorf West|Fichtenberg|Fornsbach|Murrhardt|Sulzbach(Murr)|Oppenweiler(Württ),8000016,Backnang,Baden-Württemberg,Backnang,71522,9.425986107,48.94264844,3,2411091506,,2411091509,,,,,,,,,,,0.0,2.0
7211977659689692913-2411091503-6,17542,2411091536,2411091537,4,,MEX,90,Schwäbisch Hall-Hessental|Gaildorf West|Murrhardt|Sulzbach(Murr)|Oppenweiler(Württ),8000016,Backnang,Baden-Württemberg,Backnang,71522,9.425986107,48.94264844,3,2411091538,,2411091539,,,,,,,,,,,2.0,2.0
-6038487735114022939-2411091526-5,17535,2411091553,2411091554,4,,MEX,19,Stuttgart Hbf|Stuttgart-Bad Cannstatt|Waiblingen|Winnenden,8000016,Backnang,Baden-Württemberg,Backnang,71522,9.425986107,48.94264844,3,2411091553,,2411091554,,,,,,,,,,,0.0,0.0
-3511945380786593269-2411091418-23,7338,2411091518,,5,,S,,Stuttgart Flughafen/Messe|Echterdingen|Leinfelden|Oberaichen|Stuttgart-Rohr|Stuttgart-Vaihingen|Stuttgart-Österfeld|Stuttgart Universität|Stuttgart Schwabstr.|Stuttgart Feuersee|Stuttgart Stadtmitte|Stuttgart Hbf (tief)|Stuttgart-Bad Cannstatt|Stuttgart Nürnberger Str.|Stuttgart-Sommerrain|Fellbach|Waiblingen|Neustadt-Hohenacker|Schwaikheim|Winnenden|Nellmersbach|Maubach,8000016,Backnang,Baden-Württemberg,Backnang,71522,9.425986107,48.94264844,3,2411091518,,,,,,,,,,,,,0.0,0.0
-6269570380150531111-2411091448-23,7340,2411091548,,5,,S,,Stuttgart Flughafen/Messe|Echterdingen|Leinfelden|Oberaichen|Stuttgart-Rohr|Stuttgart-Vaihingen|Stuttgart-Österfeld|Stuttgart Universität|Stuttgart Schwabstr.|Stuttgart Feuersee|Stuttgart Stadtmitte|Stuttgart Hbf (tief)|Stuttgart-Bad Cannstatt|Stuttgart Nürnberger Str.|Stuttgart-Sommerrain|Fellbach|Waiblingen|Neustadt-Hohenacker|Schwaikheim|Winnenden|Nellmersbach|Maubach,8000016,Backnang,Baden-Württemberg,Backnang,71522,9.425986107,48.94264844,3,2411091550,,,,,,,,,,,,,2.0,0.0
-7289711712054290115-2411091511-1,7343,,2411091511,,,S,3,,8000016,Backnang,Baden-Württemberg,Backnang,71522,9.425986107,48.94264844,3,,,2411091511,,,,,,,,,,,0.0,0.0
-6501025132250133137-2411091432-12,7436,2411091502,2411091503,1,,S,4,Stuttgart Schwabstr.|Stuttgart Feuersee|Stuttgart Stadtmitte|Stuttgart Hbf (tief)|Stuttgart Nord|Stuttgart-Feuerbach|Stuttgart-Zuffenhausen|Kornwestheim Pbf|Ludwigsburg|Favoritepark|Freiberg(Neckar),8000873,Benningen (Neckar),Baden-Württemberg,Benningen am Neckar,71726,9.244299075,48.94379773,5,2411091505,,2411091506,,,,,,,,,,,3.0,3.0
4172427275351444706-2411091525-2,7443,2411091527,2411091527,2,,S,4,Marbach(Neckar),8000873,Benningen (Neckar),Baden-Württemberg,Benningen am Neckar,71726,9.244299075,48.94379773,5,2411091527,,2411091527,,,,,,,,,,,0.0,0.0
-7310225330131348888-2411091555-2,7445,2411091557,2411091557,2,,S,4,Marbach(Neckar),8000873,Benningen (Neckar),Baden-Württemberg,Benningen am Neckar,71726,9.244299075,48.94379773,5,2411091557,,2411091557,,,,,,,,,,,0.0,0.0
-737632065509960731-2411091502-12,7438,2411091532,2411091533,1,,S,4,Stuttgart Schwabstr.|Stuttgart Feuersee|Stuttgart Stadtmitte|Stuttgart Hbf (tief)|Stuttgart Nord|Stuttgart-Feuerbach|Stuttgart-Zuffenhausen|Kornwestheim Pbf|Ludwigsburg|Favoritepark|Freiberg(Neckar),8000873,Benningen (Neckar),Baden-Württemberg,Benningen am Neckar,71726,9.244299075,48.94379773,5,2411091540,,2411091541,,,,,,,,,,,8.0,8.0
-3934810304618796517-2411091448-6,7243,2411091500,2411091500,2,,S,2,Schorndorf|Weiler(Rems)|Winterbach(b Schorndorf)|Geradstetten|Grunbach,8000934,Beutelsbach,Baden-Württemberg,Weinstadt,71384,9.38551589,48.81038925,5,2411091503,,2411091503,,,,,,,,,,,3.0,3.0
-3574262159782319876-2411091518-6,7245,2411091530,2411091530,2,,S,2,Schorndorf|Weiler(Rems)|Winterbach(b Schorndorf)|Geradstetten|Grunbach,8000934,Beutelsbach,Baden-Württemberg,Weinstadt,71384,9.38551589,48.81038925,5,2411091530,,2411091530,,,,,,,,,,,0.0,0.0
8277071043988119434-2411091503-22,7240,2411091558,2411091558,1,,S,2,Filderstadt|Stuttgart Flughafen/Messe|Echterdingen|Leinfelden|Oberaichen|Stuttgart-Rohr|Stuttgart-Vaihingen|Stuttgart-Österfeld|Stuttgart Universität|Stuttgart Schwabstr.|Stuttgart Feuersee|Stuttgart Stadtmitte|Stuttgart Hbf (tief)|Stuttgart-Bad Cannstatt|Stuttgart Nürnberger Str.|Stuttgart-Sommerrain|Fellbach|Waiblingen|Rommelshausen|Stetten-Beinstein|Endersbach,8000934,Beutelsbach,Baden-Württemberg,Weinstadt,71384,9.38551589,48.81038925,5,2411091601,,2411091601,,,,,,,,,,,3.0,3.0
-6660169013356802205-2411091433-22,7238,2411091528,2411091528,1,,S,2,Filderstadt|Stuttgart Flughafen/Messe|Echterdingen|Leinfelden|Oberaichen|Stuttgart-Rohr|Stuttgart-Vaihingen|Stuttgart-Österfeld|Stuttgart Universität|Stuttgart Schwabstr.|Stuttgart Feuersee|Stuttgart Stadtmitte|Stuttgart Hbf (tief)|Stuttgart-Bad Cannstatt|Stuttgart Nürnberger Str.|Stuttgart-Sommerrain|Fellbach|Waiblingen|Rommelshausen|Stetten-Beinstein|Endersbach,8000934,Beutelsbach,Baden-Württemberg,Weinstadt,71384,9.38551589,48.81038925,5,2411091536,,2411091536,,,,,,,,,,,8.0,8.0
3650270977307003741-2411091532-1,19568,,2411091532,,,MEX,17a,,8000038,Bietigheim-Bissingen,Baden-Württemberg,Bietigheim-Bissingen,74321,9.137217396,48.94794988,2,,,2411091535,,h,2,Bauarbeiten,,,,,,c,0.0,3.0
-649718231275002869-2411091436-20,19325,2411091555,2411091557,8,,MEX,18,Osterburken|Adelsheim Ost|Sennfeld|Roigheim|Möckmühl|Züttlingen|Siglingen|Neudenau|Herbolzheim(Jagst)|Untergriesheim|Bad Friedrichshall Hbf|Neckarsulm|Heilbronn Sülmertor|Heilbronn Hbf|Nordheim(Württ)|Lauffen(Neckar)|Kirchheim(Neckar)|Walheim(Württ)|Besigheim,8000038,Bietigheim-Bissingen,Baden-Württemberg,Bietigheim-Bissingen,74321,9.137217396,48.94794988,2,2411091557,,2411091558,,,,,,,,,,,2.0,1.0
4072156939518414703-2411091433-11,19322,2411091559,2411091600,10,,MEX,18,Tübingen Hbf|Reutlingen Hbf|Metzingen(Württ)|Nürtingen|Wendlingen(Neckar)|Plochingen|Esslingen(Neckar)|Stuttgart-Bad Cannstatt|Stuttgart Hbf|Ludwigsburg,8000038,Bietigheim-Bissingen,Baden-Württemberg,Bietigheim-Bissingen,74321,9.137217396,48.94794988,2,2411091600,,2411091601,,,,,,,,,,,1.0,1.0
3853183525001441307-2411091444-12,19561,2411091524,,7,,MEX,,Pforzheim Hbf|Eutingen(Baden)|Niefern|Enzberg|Mühlacker|Mühlacker Rößlesweg|Illingen(Württ)|Vaihingen(Enz)|Sersheim|Sachsenheim|Ellental,8000038,Bietigheim-Bissingen,Baden-Württemberg,Bietigheim-Bissingen,74321,9.137217396,48.94794988,2,2411091529,,,,h,2,Bauarbeiten,,,,,c,,5.0,0.0
-6065110151557889097-2411091447-3,19518,2411091503,2411091504,7,,MEX,17a,Stuttgart Hbf|Ludwigsburg,8000038,Bietigheim-Bissingen,Baden-Württemberg,Bietigheim-Bissingen,74321,9.137217396,48.94794988,2,2411091506,,2411091507,,h,2,Bauarbeiten,,,,,,,3.0,3.0
-7124457532343052189-2411091506-3,19074,2411091524,2411091525,10,,RE,8,Stuttgart Hbf|Ludwigsburg,8000038,Bietigheim-Bissingen,Baden-Württemberg,Bietigheim-Bissingen,74321,9.137217396,48.94794988,2,2411091524,,2411091525,,,,,,,,,,,0.0,0.0
3151947987552832297-2411091514-12,19523,2411091552,2411091553,4,,MEX,17a,Pforzheim Hbf|Eutingen(Baden)|Niefern|Enzberg|Mühlacker|Mühlacker Rößlesweg|Illingen(Württ)|Vaihingen(Enz)|Sersheim|Sachsenheim|Ellental,8000038,Bietigheim-Bissingen,Baden-Württemberg,Bietigheim-Bissingen,74321,9.137217396,48.94794988,2,2411091607,,2411091608,,h,2,Bauarbeiten,,,,,,,15.0,15.0
2922006695511414061-2411091522-12,7542,2411091554,,5,,S,,Stuttgart Schwabstr.|Stuttgart Feuersee|Stuttgart Stadtmitte|Stuttgart Hbf (tief)|Stuttgart Nord|Stuttgart-Feuerbach|Stuttgart-Zuffenhausen|Kornwestheim Pbf|Ludwigsburg|Asperg|Tamm(Württ),8000038,Bietigheim-Bissingen,Baden-Württemberg,Bietigheim-Bissingen,74321,9.137217396,48.94794988,2,2411091555,,,,,,,,,,,,,1.0,0.0
-4899815477540796252-2411091507-1,7543,,2411091507,,,S,5,,8000038,Bietigheim-Bissingen,Baden-Württemberg,Bietigheim-Bissingen,74321,9.137217396,48.94794988,2,,,2411091508,,,,,,,,,,,0.0,1.0
5843927138225930066-2411091435-24,19623,2411091552,2411091553,4,,MEX,17c,Bruchsal|Bruchsal Tunnelstraße|Bruchsal Schlachthof|Heidelsheim Nord|Heidelsheim|Helmsheim|Gondelsheim Schlossstadion|Gondelsheim(Baden)|Diedelsheim|Bretten|Bretten Rechberg|Bretten-Ruit|Knittlingen-Kleinvillars|Ölbronn-Dürrn|Maulbronn West|Ötisheim|Mühlacker|Mühlacker Rößlesweg|Illingen(Württ)|Vaihingen(Enz)|Sersheim|Sachsenheim|Ellental,8000038,Bietigheim-Bissingen,Baden-Württemberg,Bietigheim-Bissingen,74321,9.137217396,48.94794988,2,2411091607,,2411091608,,,,,,,,,,,15.0,15.0
1306110444000253418-2411091337-8,19071,2411091530,2411091532,8,,RE,8,Würzburg Hbf|Lauda|Osterburken|Möckmühl|Bad Friedrichshall Hbf|Neckarsulm|Heilbronn Hbf,8000038,Bietigheim-Bissingen,Baden-Württemberg,Bietigheim-Bissingen,74321,9.137217396,48.94794988,2,2411091531,,2411091532,,,,,,,,,,,1.0,0.0
-8943419019566147367-2411091452-12,7540,2411091524,,5,,S,,Stuttgart Schwabstr.|Stuttgart Feuersee|Stuttgart Stadtmitte|Stuttgart Hbf (tief)|Stuttgart Nord|Stuttgart-Feuerbach|Stuttgart-Zuffenhausen|Kornwestheim Pbf|Ludwigsburg|Asperg|Tamm(Württ),8000038,Bietigheim-Bissingen,Baden-Württemberg,Bietigheim-Bissingen,74321,9.137217396,48.94794988,2,2411091524,,,,,,,,,,,,,0.0,0.0
6801304589286144337-2411091537-1,7545,,2411091537,,,S,5,,8000038,Bietigheim-Bissingen,Baden-Württemberg,Bietigheim-Bissingen,74321,9.137217396,48.94794988,2,,,2411091538,,,,,,,,,,,0.0,1.0
-1532929519722123387-2411091447-3,19618,2411091503,2411091504,7,,MEX,17c,Stuttgart Hbf|Ludwigsburg,8000038,Bietigheim-Bissingen,Baden-Württemberg,Bietigheim-Bissingen,74321,9.137217396,48.94794988,2,2411091506,,2411091507,,,,,,,,,,,3.0,3.0
-3387242124464735916-2411091457-7,19229,2411091522,2411091525,8,,MEX,12,Heilbronn Hbf|Nordheim(Württ)|Lauffen(Neckar)|Kirchheim(Neckar)|Walheim(Württ)|Besigheim,8000038,Bietigheim-Bissingen,Baden-Württemberg,Bietigheim-Bissingen,74321,9.137217396,48.94794988,2,2411091523,,2411091526,,,,,,,,,,,1.0,1.0
-151758991652191415-2411091405-13,19234,2411091536,2411091536,10,,MEX,12,Tübingen Hbf|Reutlingen Hbf|Metzingen(Württ)|Bempflingen|Nürtingen|Oberboihingen|Wendlingen(Neckar)|Plochingen|Esslingen(Neckar)|Stuttgart-Bad Cannstatt|Stuttgart Hbf|Ludwigsburg,8000038,Bietigheim-Bissingen,Baden-Württemberg,Bietigheim-Bissingen,74321,9.137217396,48.94794988,2,2411091541,,2411091543,,,,,,,,,,,5.0,7.0
-169740191024342552-2411091333-11,19320,2411091459,2411091500,10,,MEX,18,Tübingen Hbf|Reutlingen Hbf|Metzingen(Württ)|Nürtingen|Wendlingen(Neckar)|Plochingen|Esslingen(Neckar)|Stuttgart-Bad Cannstatt|Stuttgart Hbf|Ludwigsburg,8000038,Bietigheim-Bissingen,Baden-Württemberg,Bietigheim-Bissingen,74321,9.137217396,48.94794988,2,2411091500,,2411091501,,,,,,,,,,,1.0,1.0
-5395300073796226591-2411091516-6,7144,2411091530,2411091530,3,,S,1,Herrenberg|Nufringen|Gärtringen|Ehningen(b Böblingen)|Hulb,8001055,Böblingen,Baden-Württemberg,Böblingen,71034,9.004531864,48.68784871,3,2411091531,,2411091531,,h,2,Bauarbeiten,,,,,,,1.0,1.0
-6317899099651385370-2411091534-1,7043,,2411091534,,,S,60,,8001055,Böblingen,Baden-Württemberg,Böblingen,71034,9.004531864,48.68784871,3,,,2411091534,,,,,,,,,,,0.0,0.0
-849152549781096723-2411091516-2,489,2411091537,2411091538,5,,IC,,Stuttgart Hbf,8001055,Böblingen,Baden-Württemberg,Böblingen,71034,9.004531864,48.68784871,3,2411091537,,2411091538,,h,2,Information,,,,,,,0.0,0.0
5554126035032745996-2411091445-8,17658,2411091520,2411091521,2,,RE,14b,Hochdorf(b Horb)|Eutingen Nord|Eutingen im Gäu|Ergenzingen|Bondorf(b Herrenberg)|Gäufelden|Herrenberg,8001055,Böblingen,Baden-Württemberg,Böblingen,71034,9.004531864,48.68784871,3,2411091520,,2411091521,,c,,,,,,,,,0.0,0.0
5473574269271434737-2411091402-10,17656,2411091520,2411091521,2,,RE,14a,Rottweil|Oberndorf(Neckar)|Sulz(Neckar)|Horb|Eutingen im Gäu|Ergenzingen|Bondorf(b Herrenberg)|Gäufelden|Herrenberg,8001055,Böblingen,Baden-Württemberg,Böblingen,71034,9.004531864,48.68784871,3,2411091520,,2411091521,,c,,,,,,,,,0.0,0.0
7143365029900082015-2411091504-1,7041,,2411091504,,,S,60,,8001055,Böblingen,Baden-Württemberg,Böblingen,71034,9.004531864,48.68784871,3,,,2411091504,,,,,,,,,,,0.0,0.0
-7287303042673595040-2411091427-21,7042,2411091526,,5,,S,,Stuttgart Schwabstr.|Stuttgart Feuersee|Stuttgart Stadtmitte|Stuttgart Hbf (tief)|Stuttgart Nord|Stuttgart-Feuerbach|Stuttgart-Zuffenhausen|Neuwirtshaus(Porscheplatz)|Korntal|Weilimdorf|Ditzingen|Höfingen|Leonberg|Rutesheim|Renningen|Renningen Süd|Magstadt|Maichingen Nord|Maichingen|Sindelfingen,8001055,Böblingen,Baden-Württemberg,Böblingen,71034,9.004531864,48.68784871,3,2411091527,,,,,,,,,,,,,1.0,0.0
-8508751822761551890-2411091535-1,8124,,2411091535,,,WEG,RB46,,8001055,Böblingen,Baden-Württemberg,Böblingen,71034,9.004531864,48.68784871,3,,,2411091535,,,,,,,,,,,0.0,0.0
-2633182889601930465-2411091336-5,50188,2411091509,2411091511,2,,RE,87,Singen(Hohentwiel)|Tuttlingen|Rottweil|Horb,8001055,Böblingen,Baden-Württemberg,Böblingen,71034,9.004531864,48.68784871,3,2411091509,,2411091511,,,,,,,,,,,0.0,0.0
-7164744247011336626-2411091234-7,188,2411091509,2411091511,2,,IC,,Zürich HB|Schaffhausen|Singen(Hohentwiel)|Tuttlingen|Rottweil|Horb,8001055,Böblingen,Baden-Württemberg,Böblingen,71034,9.004531864,48.68784871,3,2411091508,,2411091511,,h,2,Information,,,,,,,-1.0,0.0
8842144962351890374-2411091532-12,8125,2411091555,,1,,WEG,,Dettenhausen|Weil im Schönbuch Untere Halde|Weil im Schönbuch Röte|Weil im Schönbuch Troppel|Holzgerlingen Buch|Holzgerlingen Bf|Holzgerlingen Hülben|Böblingen Zimmerschlag|Böblingen Heusteigstr|Böblingen Südbf|Böblingen Danziger Str,8001055,Böblingen,Baden-Württemberg,Böblingen,71034,9.004531864,48.68784871,3,2411091557,,,,,,,,,,,,,2.0,0.0
1045285798858472014-2411091502-12,8121,2411091525,,1,,WEG,,Dettenhausen|Weil im Schönbuch Untere Halde|Weil im Schönbuch Röte|Weil im Schönbuch Troppel|Holzgerlingen Buch|Holzgerlingen Bf|Holzgerlingen Hülben|Böblingen Zimmerschlag|Böblingen Heusteigstr|Böblingen Südbf|Böblingen Danziger Str,8001055,Böblingen,Baden-Württemberg,Böblingen,71034,9.004531864,48.68784871,3,2411091528,,,,,,,,,,,,,3.0,0.0
7236638317671658556-2411091420-21,7141,2411091529,2411091529,4,,S,1,Kirchheim(Teck)|Kirchheim(Teck)-Ötlingen|Wendlingen(Neckar)|Wernau(Neckar)|Plochingen|Altbach|Esslingen-Zell|Oberesslingen|Esslingen(Neckar)|Esslingen-Mettingen|Stuttgart-Bad Cannstatt|Stuttgart Hbf (tief)|Stuttgart Stadtmitte|Stuttgart Feuersee|Stuttgart Schwabstr.|Stuttgart Universität|Stuttgart-Österfeld|Stuttgart-Vaihingen|Stuttgart-Rohr|Goldberg(Württ),8001055,Böblingen,Baden-Württemberg,Böblingen,71034,9.004531864,48.68784871,3,2411091530,,2411091530,,h,2,Bauarbeiten,,,,,,,1.0,1.0
913351823682649731-2411091457-21,7044,2411091556,,5,,S,,Stuttgart Schwabstr.|Stuttgart Feuersee|Stuttgart Stadtmitte|Stuttgart Hbf (tief)|Stuttgart Nord|Stuttgart-Feuerbach|Stuttgart-Zuffenhausen|Neuwirtshaus(Porscheplatz)|Korntal|Weilimdorf|Ditzingen|Höfingen|Leonberg|Rutesheim|Renningen|Renningen Süd|Magstadt|Maichingen Nord|Maichingen|Sindelfingen,8001055,Böblingen,Baden-Württemberg,Böblingen,71034,9.004531864,48.68784871,3,2411091556,,,,,,,,,,,,,0.0,0.0
-614064001249317400-2411091516-2,50489,2411091537,2411091538,5,,RE,87,Stuttgart Hbf,8001055,Böblingen,Baden-Württemberg,Böblingen,71034,9.004531864,48.68784871,3,2411091537,,2411091538,,,,,,,,,,,0.0,0.0
-275229670537218485-2411091450-21,7143,2411091559,2411091559,4,,S,1,Kirchheim(Teck)|Kirchheim(Teck)-Ötlingen|Wendlingen(Neckar)|Wernau(Neckar)|Plochingen|Altbach|Esslingen-Zell|Oberesslingen|Esslingen(Neckar)|Esslingen-Mettingen|Stuttgart-Bad Cannstatt|Stuttgart Hbf (tief)|Stuttgart Stadtmitte|Stuttgart Feuersee|Stuttgart Schwabstr.|Stuttgart Universität|Stuttgart-Österfeld|Stuttgart-Vaihingen|Stuttgart-Rohr|Goldberg(Württ),8001055,Böblingen,Baden-Württemberg,Böblingen,71034,9.004531864,48.68784871,3,2411091600,,2411091600,,h,2,Bauarbeiten,,,,,,,1.0,1.0
2843072095921400644-2411091505-1,8120,,2411091505,,,WEG,RB46,,8001055,Böblingen,Baden-Württemberg,Böblingen,71034,9.004531864,48.68784871,3,,,2411091505,,,,,,,,,,,0.0,0.0
-5362237697829977230-2411091446-6,7142,2411091500,2411091500,3,,S,1,Herrenberg|Nufringen|Gärtringen|Ehningen(b Böblingen)|Hulb,8001055,Böblingen,Baden-Württemberg,Böblingen,71034,9.004531864,48.68784871,3,2411091500,,2411091501,,h,2,Bauarbeiten,,,,,,,0.0,1.0
2172981486547262984-2411091448-7,7939,2411091509,2411091509,3,,S,6,Weil der Stadt|Malmsheim|Renningen|Rutesheim|Leonberg|Höfingen,8001476,Ditzingen,Baden-Württemberg,Ditzingen,71254,9.067095186,48.82358726,4,2411091509,,2411091509,,,,,,,,,,,0.0,0.0
-5444476258917657908-2411091503-7,7643,2411091524,2411091524,3,,S,6,Weil der Stadt|Malmsheim|Renningen|Rutesheim|Leonberg|Höfingen,8001476,Ditzingen,Baden-Württemberg,Ditzingen,71254,9.067095186,48.82358726,4,2411091524,,2411091524,,,,,,,,,,,0.0,0.0
7143365029900082015-2411091504-11,7041,2411091539,2411091539,3,,S,60,Böblingen|Sindelfingen|Maichingen|Maichingen Nord|Magstadt|Renningen Süd|Renningen|Rutesheim|Leonberg|Höfingen,8001476,Ditzingen,Baden-Württemberg,Ditzingen,71254,9.067095186,48.82358726,4,2411091539,,2411091539,,,,,,,,,,,0.0,0.0
-1234815948704701360-2411091518-7,7941,2411091539,2411091539,3,,S,6,Weil der Stadt|Malmsheim|Renningen|Rutesheim|Leonberg|Höfingen,8001476,Ditzingen,Baden-Württemberg,Ditzingen,71254,9.067095186,48.82358726,4,2411091539,,2411091539,,,,,,,,,,,0.0,0.0
8320292137995350256-2411091457-11,7944,2411091521,2411091521,2,,S,6,Stuttgart Schwabstr.|Stuttgart Feuersee|Stuttgart Stadtmitte|Stuttgart Hbf (tief)|Stuttgart Nord|Stuttgart-Feuerbach|Stuttgart-Zuffenhausen|Neuwirtshaus(Porscheplatz)|Korntal|Weilimdorf,8001476,Ditzingen,Baden-Württemberg,Ditzingen,71254,9.067095186,48.82358726,4,2411091522,,2411091522,,,,,,,,,,,1.0,1.0
2563828640898461556-2411091527-11,7046,2411091551,2411091551,2,,S,60,Stuttgart Schwabstr.|Stuttgart Feuersee|Stuttgart Stadtmitte|Stuttgart Hbf (tief)|Stuttgart Nord|Stuttgart-Feuerbach|Stuttgart-Zuffenhausen|Neuwirtshaus(Porscheplatz)|Korntal|Weilimdorf,8001476,Ditzingen,Baden-Württemberg,Ditzingen,71254,9.067095186,48.82358726,4,2411091551,,2411091551,,,,,,,,,,,0.0,0.0
1497267941418712662-2411091527-11,7946,2411091551,2411091551,2,,S,6,Stuttgart Schwabstr.|Stuttgart Feuersee|Stuttgart Stadtmitte|Stuttgart Hbf (tief)|Stuttgart Nord|Stuttgart-Feuerbach|Stuttgart-Zuffenhausen|Neuwirtshaus(Porscheplatz)|Korntal|Weilimdorf,8001476,Ditzingen,Baden-Württemberg,Ditzingen,71254,9.067095186,48.82358726,4,2411091551,,2411091551,,,,,,,,,,,0.0,0.0
-3211478262182188991-2411091533-7,7645,2411091554,2411091554,3,,S,6,Weil der Stadt|Malmsheim|Renningen|Rutesheim|Leonberg|Höfingen,8001476,Ditzingen,Baden-Württemberg,Ditzingen,71254,9.067095186,48.82358726,4,2411091554,,2411091554,,,,,,,,,,,0.0,0.0
-5544791981213765004-2411091442-11,7638,2411091506,2411091506,2,,S,6,Stuttgart Schwabstr.|Stuttgart Feuersee|Stuttgart Stadtmitte|Stuttgart Hbf (tief)|Stuttgart Nord|Stuttgart-Feuerbach|Stuttgart-Zuffenhausen|Neuwirtshaus(Porscheplatz)|Korntal|Weilimdorf,8001476,Ditzingen,Baden-Württemberg,Ditzingen,71254,9.067095186,48.82358726,4,2411091507,,2411091508,,,,,,,,,,,1.0,2.0
913351823682649731-2411091457-11,7044,2411091521,2411091521,2,,S,60,Stuttgart Schwabstr.|Stuttgart Feuersee|Stuttgart Stadtmitte|Stuttgart Hbf (tief)|Stuttgart Nord|Stuttgart-Feuerbach|Stuttgart-Zuffenhausen|Neuwirtshaus(Porscheplatz)|Korntal|Weilimdorf,8001476,Ditzingen,Baden-Württemberg,Ditzingen,71254,9.067095186,48.82358726,4,2411091522,,2411091522,,,,,,,,,,,1.0,1.0
7026301837444097691-2411091512-11,7640,2411091536,2411091536,2,,S,6,Stuttgart Schwabstr.|Stuttgart Feuersee|Stuttgart Stadtmitte|Stuttgart Hbf (tief)|Stuttgart Nord|Stuttgart-Feuerbach|Stuttgart-Zuffenhausen|Neuwirtshaus(Porscheplatz)|Korntal|Weilimdorf,8001476,Ditzingen,Baden-Württemberg,Ditzingen,71254,9.067095186,48.82358726,4,2411091537,,2411091537,,,,,,,,,,,1.0,1.0
-3747023062711209303-2411091434-11,7039,2411091509,2411091509,3,,S,60,Böblingen|Sindelfingen|Maichingen|Maichingen Nord|Magstadt|Renningen Süd|Renningen|Rutesheim|Leonberg|Höfingen,8001476,Ditzingen,Baden-Württemberg,Ditzingen,71254,9.067095186,48.82358726,4,2411091509,,2411091509,,,,,,,,,,,0.0,0.0
-4314588757347352202-2411091548-2,7344,2411091550,2411091550,2,,S,3,Stuttgart Flughafen/Messe,8001650,Echterdingen,Baden-Württemberg,Echterdingen,70771,9.169307175,48.69214787,4,2411091549,,2411091550,,,,,,,,,c,c,-1.0,0.0
-5955272615429035569-2411091418-25,7241,2411091519,2411091520,1,,S,2,Schorndorf|Weiler(Rems)|Winterbach(b Schorndorf)|Geradstetten|Grunbach|Beutelsbach|Endersbach|Stetten-Beinstein|Rommelshausen|Waiblingen|Fellbach|Stuttgart-Sommerrain|Stuttgart Nürnberger Str.|Stuttgart-Bad Cannstatt|Stuttgart Hbf (tief)|Stuttgart Stadtmitte|Stuttgart Feuersee|Stuttgart Schwabstr.|Stuttgart Universität|Stuttgart-Österfeld|Stuttgart-Vaihingen|Stuttgart-Rohr|Oberaichen|Leinfelden,8001650,Echterdingen,Baden-Württemberg,Echterdingen,70771,9.169307175,48.69214787,4,2411091540,,2411091540,,,,,,,,,,,21.0,20.0
6554930112927852478-2411091411-22,7339,2411091509,2411091510,1,,S,3,Backnang|Maubach|Nellmersbach|Winnenden|Schwaikheim|Neustadt-Hohenacker|Waiblingen|Fellbach|Stuttgart-Sommerrain|Stuttgart Nürnberger Str.|Stuttgart-Bad Cannstatt|Stuttgart Hbf (tief)|Stuttgart Stadtmitte|Stuttgart Feuersee|Stuttgart Schwabstr.|Stuttgart Universität|Stuttgart-Österfeld|Stuttgart-Vaihingen|Stuttgart-Rohr|Oberaichen|Leinfelden,8001650,Echterdingen,Baden-Württemberg,Echterdingen,70771,9.169307175,48.69214787,4,2411091514,,2411091514,,,,,,,,,,,5.0,4.0
5269909663185428628-2411091518-2,7342,2411091520,2411091520,2,,S,3,Stuttgart Flughafen/Messe,8001650,Echterdingen,Baden-Württemberg,Echterdingen,70771,9.169307175,48.69214787,4,2411091522,,2411091522,,,,,,,,,,,2.0,2.0
-3934810304618796517-2411091448-25,7243,2411091549,2411091550,1,,S,2,Schorndorf|Weiler(Rems)|Winterbach(b Schorndorf)|Geradstetten|Grunbach|Beutelsbach|Endersbach|Stetten-Beinstein|Rommelshausen|Waiblingen|Fellbach|Stuttgart-Sommerrain|Stuttgart Nürnberger Str.|Stuttgart-Bad Cannstatt|Stuttgart Hbf (tief)|Stuttgart Stadtmitte|Stuttgart Feuersee|Stuttgart Schwabstr.|Stuttgart Universität|Stuttgart-Österfeld|Stuttgart-Vaihingen|Stuttgart-Rohr|Oberaichen|Leinfelden,8001650,Echterdingen,Baden-Württemberg,Echterdingen,70771,9.169307175,48.69214787,4,2411091552,,2411091552,,,,,,,,,,,3.0,2.0
-8962126915234620710-2411091441-22,7341,2411091539,2411091540,1,,S,3,Backnang|Maubach|Nellmersbach|Winnenden|Schwaikheim|Neustadt-Hohenacker|Waiblingen|Fellbach|Stuttgart-Sommerrain|Stuttgart Nürnberger Str.|Stuttgart-Bad Cannstatt|Stuttgart Hbf (tief)|Stuttgart Stadtmitte|Stuttgart Feuersee|Stuttgart Schwabstr.|Stuttgart Universität|Stuttgart-Österfeld|Stuttgart-Vaihingen|Stuttgart-Rohr|Oberaichen|Leinfelden,8001650,Echterdingen,Baden-Württemberg,Echterdingen,70771,9.169307175,48.69214787,4,2411091540,,2411091541,,,,,,,,,c,c,1.0,1.0
8277071043988119434-2411091503-3,7240,2411091510,2411091510,2,,S,2,Filderstadt|Stuttgart Flughafen/Messe,8001650,Echterdingen,Baden-Württemberg,Echterdingen,70771,9.169307175,48.69214787,4,2411091510,,2411091510,,,,,,,,,,,0.0,0.0
-6016587106580251117-2411091533-3,7242,2411091540,2411091540,2,,S,2,Filderstadt|Stuttgart Flughafen/Messe,8001650,Echterdingen,Baden-Württemberg,Echterdingen,70771,9.169307175,48.69214787,4,2411091539,,2411091540,,,,,,,,,,,-1.0,0.0
-5395300073796226591-2411091516-4,7144,2411091525,2411091525,1,,S,1,Herrenberg|Nufringen|Gärtringen,8001689,Ehningen (b Böblingen),Baden-Württemberg,Ehningen,71139,8.944310368,48.66275549,4,2411091525,,2411091526,,h,2,Bauarbeiten,,,,,,,0.0,1.0
7004552740739658779-2411091350-23,7139,2411091504,2411091504,2,,S,1,Kirchheim(Teck)|Kirchheim(Teck)-Ötlingen|Wendlingen(Neckar)|Wernau(Neckar)|Plochingen|Altbach|Esslingen-Zell|Oberesslingen|Esslingen(Neckar)|Esslingen-Mettingen|Stuttgart-Bad Cannstatt|Stuttgart Hbf (tief)|Stuttgart Stadtmitte|Stuttgart Feuersee|Stuttgart Schwabstr.|Stuttgart Universität|Stuttgart-Österfeld|Stuttgart-Vaihingen|Stuttgart-Rohr|Goldberg(Württ)|Böblingen|Hulb,8001689,Ehningen (b Böblingen),Baden-Württemberg,Ehningen,71139,8.944310368,48.66275549,4,2411091512,,2411091512,,h,2,Bauarbeiten,,,,,,,8.0,8.0
6874832032319201526-2411091546-4,7146,2411091555,2411091555,1,,S,1,Herrenberg|Nufringen|Gärtringen,8001689,Ehningen (b Böblingen),Baden-Württemberg,Ehningen,71139,8.944310368,48.66275549,4,2411091555,,2411091555,,h,2,Bauarbeiten,,,,,,,0.0,0.0
7236638317671658556-2411091420-23,7141,2411091534,2411091534,2,,S,1,Kirchheim(Teck)|Kirchheim(Teck)-Ötlingen|Wendlingen(Neckar)|Wernau(Neckar)|Plochingen|Altbach|Esslingen-Zell|Oberesslingen|Esslingen(Neckar)|Esslingen-Mettingen|Stuttgart-Bad Cannstatt|Stuttgart Hbf (tief)|Stuttgart Stadtmitte|Stuttgart Feuersee|Stuttgart Schwabstr.|Stuttgart Universität|Stuttgart-Österfeld|Stuttgart-Vaihingen|Stuttgart-Rohr|Goldberg(Württ)|Böblingen|Hulb,8001689,Ehningen (b Böblingen),Baden-Württemberg,Ehningen,71139,8.944310368,48.66275549,4,2411091535,,2411091535,,h,2,Bauarbeiten,,,,,,,1.0,1.0
-3934810304618796517-2411091448-7,7243,2411091502,2411091502,3,,S,2,Schorndorf|Weiler(Rems)|Winterbach(b Schorndorf)|Geradstetten|Grunbach|Beutelsbach,8001785,Endersbach,Baden-Württemberg,Weinstadt,71384,9.370192421,48.81317323,4,2411091504,,2411091505,,,,,,,,,,,2.0,3.0
-3574262159782319876-2411091518-7,7245,2411091532,2411091532,3,,S,2,Schorndorf|Weiler(Rems)|Winterbach(b Schorndorf)|Geradstetten|Grunbach|Beutelsbach,8001785,Endersbach,Baden-Württemberg,Weinstadt,71384,9.370192421,48.81317323,4,2411091532,,2411091532,,,,,,,,,,,0.0,0.0
8277071043988119434-2411091503-21,7240,2411091556,2411091556,2,,S,2,Filderstadt|Stuttgart Flughafen/Messe|Echterdingen|Leinfelden|Oberaichen|Stuttgart-Rohr|Stuttgart-Vaihingen|Stuttgart-Österfeld|Stuttgart Universität|Stuttgart Schwabstr.|Stuttgart Feuersee|Stuttgart Stadtmitte|Stuttgart Hbf (tief)|Stuttgart-Bad Cannstatt|Stuttgart Nürnberger Str.|Stuttgart-Sommerrain|Fellbach|Waiblingen|Rommelshausen|Stetten-Beinstein,8001785,Endersbach,Baden-Württemberg,Weinstadt,71384,9.370192421,48.81317323,4,2411091559,,2411091559,,,,,,,,,,,3.0,3.0
-6660169013356802205-2411091433-21,7238,2411091526,2411091526,2,,S,2,Filderstadt|Stuttgart Flughafen/Messe|Echterdingen|Leinfelden|Oberaichen|Stuttgart-Rohr|Stuttgart-Vaihingen|Stuttgart-Österfeld|Stuttgart Universität|Stuttgart Schwabstr.|Stuttgart Feuersee|Stuttgart Stadtmitte|Stuttgart Hbf (tief)|Stuttgart-Bad Cannstatt|Stuttgart Nürnberger Str.|Stuttgart-Sommerrain|Fellbach|Waiblingen|Rommelshausen|Stetten-Beinstein,8001785,Endersbach,Baden-Württemberg,Weinstadt,71384,9.370192421,48.81317323,4,2411091534,,2411091535,,,,,,,,,,,8.0,9.0
-4400107617632202503-2411091542-3,19153,2411091553,2411091554,5,,MEX,16,Stuttgart Hbf|Stuttgart-Bad Cannstatt,8001920,Esslingen (Neckar),Baden-Württemberg,Esslingen am Neckar,73728,9.300578149,48.73854148,3,2411091554,,2411091555,,,,,,,,,,,1.0,1.0
4072156939518414703-2411091433-7,19322,2411091518,2411091518,3,,MEX,18,Tübingen Hbf|Reutlingen Hbf|Metzingen(Württ)|Nürtingen|Wendlingen(Neckar)|Plochingen,8001920,Esslingen (Neckar),Baden-Württemberg,Esslingen am Neckar,73728,9.300578149,48.73854148,3,2411091521,,2411091522,,,,,,,,,,,3.0,4.0
-7424799054836767456-2411091344-20,19148,2411091504,2411091505,3,,MEX,16,Ulm Hbf|Beimerstetten|Westerstetten|Lonsee|Urspring|Amstetten(Württ)|Geislingen(Steige)|Geislingen(Steige)West|Kuchen|Gingen(Fils)|Süßen|Salach|Eislingen(Fils)|Göppingen|Faurndau|Uhingen|Ebersbach(Fils)|Reichenbach(Fils)|Plochingen,8001920,Esslingen (Neckar),Baden-Württemberg,Esslingen am Neckar,73728,9.300578149,48.73854148,3,2411091503,,2411091505,,,,,,,,,,,-1.0,0.0
6830165283023982751-2411091520-9,7145,2411091547,2411091548,7,,S,1,Kirchheim(Teck)|Kirchheim(Teck)-Ötlingen|Wendlingen(Neckar)|Wernau(Neckar)|Plochingen|Altbach|Esslingen-Zell|Oberesslingen,8001920,Esslingen (Neckar),Baden-Württemberg,Esslingen am Neckar,73728,9.300578149,48.73854148,3,2411091547,,2411091548,,h,2,Bauarbeiten,,,,,,,0.0,0.0
4368264823792479342-2411091416-19,7140,2411091512,2411091512,8,,S,1,Herrenberg|Nufringen|Gärtringen|Ehningen(b Böblingen)|Hulb|Böblingen|Goldberg(Württ)|Stuttgart-Rohr|Stuttgart-Vaihingen|Stuttgart-Österfeld|Stuttgart Universität|Stuttgart Schwabstr.|Stuttgart Feuersee|Stuttgart Stadtmitte|Stuttgart Hbf (tief)|Stuttgart-Bad Cannstatt|Stuttgart-Untertürkheim|Esslingen-Mettingen,8001920,Esslingen (Neckar),Baden-Württemberg,Esslingen am Neckar,73728,9.300578149,48.73854148,3,2411091514,,2411091514,,h,2,Bauarbeiten,,,,,,,2.0,2.0
-7943516118168061046-2411091357-11,19227,2411091505,2411091505,6,,MEX,12,Heilbronn Hbf|Nordheim(Württ)|Lauffen(Neckar)|Kirchheim(Neckar)|Walheim(Württ)|Besigheim|Bietigheim-Bissingen|Ludwigsburg|Stuttgart Hbf|Stuttgart-Bad Cannstatt,8001920,Esslingen (Neckar),Baden-Württemberg,Esslingen am Neckar,73728,9.300578149,48.73854148,3,2411091506,,2411091507,,,,,,,,,,,1.0,2.0
-5669163675904014123-2411091505-9,19236,2411091554,2411091554,3,,MEX,12,Tübingen Hbf|Reutlingen Hbf|Metzingen(Württ)|Bempflingen|Nürtingen|Oberboihingen|Wendlingen(Neckar)|Plochingen,8001920,Esslingen (Neckar),Baden-Württemberg,Esslingen am Neckar,73728,9.300578149,48.73854148,3,2411091553,,2411091555,,,,,,,,,,,-1.0,1.0
109318085949003122-2411091537-2,4223,2411091546,2411091549,5,,RE,5,Stuttgart Hbf,8001920,Esslingen (Neckar),Baden-Württemberg,Esslingen am Neckar,73728,9.300578149,48.73854148,3,2411091547,,2411091550,,h,2,Information,,,,,,,1.0,1.0
7108560216606641199-2411091303-12,4218,2411091509,2411091510,3,,RE,5,Friedrichshafen Stadt|Meckenbeuren|Ravensburg|Aulendorf|Bad Schussenried|Biberach(Riß)|Laupheim West|Ulm Hbf|Geislingen(Steige)|Göppingen|Plochingen,8001920,Esslingen (Neckar),Baden-Württemberg,Esslingen am Neckar,73728,9.300578149,48.73854148,3,2411091516,,2411091517,,h,2,Information,,,,,,,7.0,7.0
-275229670537218485-2411091450-9,7143,2411091517,2411091518,7,,S,1,Kirchheim(Teck)|Kirchheim(Teck)-Ötlingen|Wendlingen(Neckar)|Wernau(Neckar)|Plochingen|Altbach|Esslingen-Zell|Oberesslingen,8001920,Esslingen (Neckar),Baden-Württemberg,Esslingen am Neckar,73728,9.300578149,48.73854148,3,2411091517,,2411091518,,h,2,Bauarbeiten,,,,,,,0.0,0.0
1774589824052612153-2411091336-24,19323,2411091534,2411091535,6,,MEX,18,Osterburken|Adelsheim Ost|Sennfeld|Roigheim|Möckmühl|Züttlingen|Siglingen|Neudenau|Herbolzheim(Jagst)|Untergriesheim|Bad Friedrichshall Hbf|Neckarsulm|Heilbronn Sülmertor|Heilbronn Hbf|Nordheim(Württ)|Lauffen(Neckar)|Kirchheim(Neckar)|Walheim(Württ)|Besigheim|Bietigheim-Bissingen|Ludwigsburg|Stuttgart Hbf|Stuttgart-Bad Cannstatt,8001920,Esslingen (Neckar),Baden-Württemberg,Esslingen am Neckar,73728,9.300578149,48.73854148,3,2411091537,,2411091538,,,,,,,,,,,3.0,3.0
-5362237697829977230-2411091446-19,7142,2411091542,2411091542,8,,S,1,Herrenberg|Nufringen|Gärtringen|Ehningen(b Böblingen)|Hulb|Böblingen|Goldberg(Württ)|Stuttgart-Rohr|Stuttgart-Vaihingen|Stuttgart-Österfeld|Stuttgart Universität|Stuttgart Schwabstr.|Stuttgart Feuersee|Stuttgart Stadtmitte|Stuttgart Hbf (tief)|Stuttgart-Bad Cannstatt|Stuttgart-Untertürkheim|Esslingen-Mettingen,8001920,Esslingen (Neckar),Baden-Württemberg,Esslingen am Neckar,73728,9.300578149,48.73854148,3,2411091541,,2411091542,,h,2,Bauarbeiten,,,,,,,-1.0,0.0
6830165283023982751-2411091520-10,7145,2411091550,2411091550,3,,S,1,Kirchheim(Teck)|Kirchheim(Teck)-Ötlingen|Wendlingen(Neckar)|Wernau(Neckar)|Plochingen|Altbach|Esslingen-Zell|Oberesslingen|Esslingen(Neckar),8001921,Esslingen-Mettingen,Baden-Württemberg,Esslingen am Neckar,73733,9.275799007,48.74696655,3,2411091550,,2411091550,,h,2,Bauarbeiten,,,,,,,0.0,0.0
4368264823792479342-2411091416-18,7140,2411091509,2411091509,4,,S,1,Herrenberg|Nufringen|Gärtringen|Ehningen(b Böblingen)|Hulb|Böblingen|Goldberg(Württ)|Stuttgart-Rohr|Stuttgart-Vaihingen|Stuttgart-Österfeld|Stuttgart Universität|Stuttgart Schwabstr.|Stuttgart Feuersee|Stuttgart Stadtmitte|Stuttgart Hbf (tief)|Stuttgart-Bad Cannstatt|Stuttgart-Untertürkheim,8001921,Esslingen-Mettingen,Baden-Württemberg,Esslingen am Neckar,73733,9.275799007,48.74696655,3,2411091512,,2411091514,,h,2,Bauarbeiten,,,,,,,3.0,5.0
-275229670537218485-2411091450-10,7143,2411091520,2411091520,3,,S,1,Kirchheim(Teck)|Kirchheim(Teck)-Ötlingen|Wendlingen(Neckar)|Wernau(Neckar)|Plochingen|Altbach|Esslingen-Zell|Oberesslingen|Esslingen(Neckar),8001921,Esslingen-Mettingen,Baden-Württemberg,Esslingen am Neckar,73733,9.275799007,48.74696655,3,2411091520,,2411091521,,h,2,Bauarbeiten,,,,,,,0.0,1.0
-5362237697829977230-2411091446-18,7142,2411091539,2411091539,4,,S,1,Herrenberg|Nufringen|Gärtringen|Ehningen(b Böblingen)|Hulb|Böblingen|Goldberg(Württ)|Stuttgart-Rohr|Stuttgart-Vaihingen|Stuttgart-Österfeld|Stuttgart Universität|Stuttgart Schwabstr.|Stuttgart Feuersee|Stuttgart Stadtmitte|Stuttgart Hbf (tief)|Stuttgart-Bad Cannstatt|Stuttgart-Untertürkheim,8001921,Esslingen-Mettingen,Baden-Württemberg,Esslingen am Neckar,73733,9.275799007,48.74696655,3,2411091539,,2411091539,,h,2,Bauarbeiten,,,,,,,0.0,0.0
6830165283023982751-2411091520-7,7145,2411091542,2411091542,3,,S,1,Kirchheim(Teck)|Kirchheim(Teck)-Ötlingen|Wendlingen(Neckar)|Wernau(Neckar)|Plochingen|Altbach,8006642,Esslingen-Zell,Baden-Württemberg,Esslingen am Neckar,73730,9.359739507,48.72436142,3,2411091542,,2411091542,,h,2,Bauarbeiten,,,,,,,0.0,0.0
4368264823792479342-2411091416-21,7140,2411091517,2411091517,4,,S,1,Herrenberg|Nufringen|Gärtringen|Ehningen(b Böblingen)|Hulb|Böblingen|Goldberg(Württ)|Stuttgart-Rohr|Stuttgart-Vaihingen|Stuttgart-Österfeld|Stuttgart Universität|Stuttgart Schwabstr.|Stuttgart Feuersee|Stuttgart Stadtmitte|Stuttgart Hbf (tief)|Stuttgart-Bad Cannstatt|Stuttgart-Untertürkheim|Esslingen-Mettingen|Esslingen(Neckar)|Oberesslingen,8006642,Esslingen-Zell,Baden-Württemberg,Esslingen am Neckar,73730,9.359739507,48.72436142,3,2411091521,,2411091521,,h,2,Bauarbeiten,,,,,,,4.0,4.0
-275229670537218485-2411091450-7,7143,2411091512,2411091512,3,,S,1,Kirchheim(Teck)|Kirchheim(Teck)-Ötlingen|Wendlingen(Neckar)|Wernau(Neckar)|Plochingen|Altbach,8006642,Esslingen-Zell,Baden-Württemberg,Esslingen am Neckar,73730,9.359739507,48.72436142,3,2411091512,,2411091513,,h,2,Bauarbeiten,,,,,,,0.0,1.0
-5362237697829977230-2411091446-21,7142,2411091547,2411091547,4,,S,1,Herrenberg|Nufringen|Gärtringen|Ehningen(b Böblingen)|Hulb|Böblingen|Goldberg(Württ)|Stuttgart-Rohr|Stuttgart-Vaihingen|Stuttgart-Österfeld|Stuttgart Universität|Stuttgart Schwabstr.|Stuttgart Feuersee|Stuttgart Stadtmitte|Stuttgart Hbf (tief)|Stuttgart-Bad Cannstatt|Stuttgart-Untertürkheim|Esslingen-Mettingen|Esslingen(Neckar)|Oberesslingen,8006642,Esslingen-Zell,Baden-Württemberg,Esslingen am Neckar,73730,9.359739507,48.72436142,3,2411091546,,2411091547,,h,2,Bauarbeiten,,,,,,,-1.0,0.0
2117167495013711453-2411091455-4,7441,2411091503,2411091503,2,,S,4,Marbach(Neckar)|Benningen(Neckar)|Freiberg(Neckar),8001967,Favoritepark,Baden-Württemberg,Ludwigsburg,71634,9.180574277,48.90948451,5,2411091505,,2411091505,,,,,,,,,,,2.0,2.0
4172427275351444706-2411091525-4,7443,2411091533,2411091533,2,,S,4,Marbach(Neckar)|Benningen(Neckar)|Freiberg(Neckar),8001967,Favoritepark,Baden-Württemberg,Ludwigsburg,71634,9.180574277,48.90948451,5,2411091534,,2411091535,,,,,,,,,,,1.0,2.0
-737632065509960731-2411091502-10,7438,2411091526,2411091526,1,,S,4,Stuttgart Schwabstr.|Stuttgart Feuersee|Stuttgart Stadtmitte|Stuttgart Hbf (tief)|Stuttgart Nord|Stuttgart-Feuerbach|Stuttgart-Zuffenhausen|Kornwestheim Pbf|Ludwigsburg,8001967,Favoritepark,Baden-Württemberg,Ludwigsburg,71634,9.180574277,48.90948451,5,2411091533,,2411091534,,,,,,,,,,,7.0,8.0
-3297446366946865783-2411091532-10,7440,2411091556,2411091556,1,,S,4,Stuttgart Schwabstr.|Stuttgart Feuersee|Stuttgart Stadtmitte|Stuttgart Hbf (tief)|Stuttgart Nord|Stuttgart-Feuerbach|Stuttgart-Zuffenhausen|Kornwestheim Pbf|Ludwigsburg,8001967,Favoritepark,Baden-Württemberg,Ludwigsburg,71634,9.180574277,48.90948451,5,2411091556,,2411091556,,,,,,,,,,,0.0,0.0
5269909663185428628-2411091518-16,7342,2411091556,2411091557,1,,S,3,Stuttgart Flughafen/Messe|Echterdingen|Leinfelden|Oberaichen|Stuttgart-Rohr|Stuttgart-Vaihingen|Stuttgart-Österfeld|Stuttgart Universität|Stuttgart Schwabstr.|Stuttgart Feuersee|Stuttgart Stadtmitte|Stuttgart Hbf (tief)|Stuttgart-Bad Cannstatt|Stuttgart Nürnberger Str.|Stuttgart-Sommerrain,8001974,Fellbach,Baden-Württemberg,Fellbach,70736,9.270645988,48.8202936,3,2411091600,,2411091601,,,,,,,,,,,4.0,4.0
-3934810304618796517-2411091448-11,7243,2411091512,2411091513,4,,S,2,Schorndorf|Weiler(Rems)|Winterbach(b Schorndorf)|Geradstetten|Grunbach|Beutelsbach|Endersbach|Stetten-Beinstein|Rommelshausen|Waiblingen,8001974,Fellbach,Baden-Württemberg,Fellbach,70736,9.270645988,48.8202936,3,2411091514,,2411091514,,,,,,,,,,,2.0,1.0
-3574262159782319876-2411091518-11,7245,2411091542,2411091543,4,,S,2,Schorndorf|Weiler(Rems)|Winterbach(b Schorndorf)|Geradstetten|Grunbach|Beutelsbach|Endersbach|Stetten-Beinstein|Rommelshausen|Waiblingen,8001974,Fellbach,Baden-Württemberg,Fellbach,70736,9.270645988,48.8202936,3,2411091544,,2411091544,,,,,,,,,,,2.0,1.0
-8962126915234620710-2411091441-8,7341,2411091502,2411091503,4,,S,3,Backnang|Maubach|Nellmersbach|Winnenden|Schwaikheim|Neustadt-Hohenacker|Waiblingen,8001974,Fellbach,Baden-Württemberg,Fellbach,70736,9.270645988,48.8202936,3,2411091503,,2411091504,,,,,,,,,,,1.0,1.0
8277071043988119434-2411091503-17,7240,2411091546,2411091547,1,,S,2,Filderstadt|Stuttgart Flughafen/Messe|Echterdingen|Leinfelden|Oberaichen|Stuttgart-Rohr|Stuttgart-Vaihingen|Stuttgart-Österfeld|Stuttgart Universität|Stuttgart Schwabstr.|Stuttgart Feuersee|Stuttgart Stadtmitte|Stuttgart Hbf (tief)|Stuttgart-Bad Cannstatt|Stuttgart Nürnberger Str.|Stuttgart-Sommerrain,8001974,Fellbach,Baden-Württemberg,Fellbach,70736,9.270645988,48.8202936,3,2411091549,,2411091550,,,,,,,,,,,3.0,3.0
-6660169013356802205-2411091433-17,7238,2411091516,2411091517,1,,S,2,Filderstadt|Stuttgart Flughafen/Messe|Echterdingen|Leinfelden|Oberaichen|Stuttgart-Rohr|Stuttgart-Vaihingen|Stuttgart-Österfeld|Stuttgart Universität|Stuttgart Schwabstr.|Stuttgart Feuersee|Stuttgart Stadtmitte|Stuttgart Hbf (tief)|Stuttgart-Bad Cannstatt|Stuttgart Nürnberger Str.|Stuttgart-Sommerrain,8001974,Fellbach,Baden-Württemberg,Fellbach,70736,9.270645988,48.8202936,3,2411091523,,2411091524,,,,,,,,,,,7.0,7.0
-6269570380150531111-2411091448-16,7340,2411091526,2411091527,1,,S,3,Stuttgart Flughafen/Messe|Echterdingen|Leinfelden|Oberaichen|Stuttgart-Rohr|Stuttgart-Vaihingen|Stuttgart-Österfeld|Stuttgart Universität|Stuttgart Schwabstr.|Stuttgart Feuersee|Stuttgart Stadtmitte|Stuttgart Hbf (tief)|Stuttgart-Bad Cannstatt|Stuttgart Nürnberger Str.|Stuttgart-Sommerrain,8001974,Fellbach,Baden-Württemberg,Fellbach,70736,9.270645988,48.8202936,3,2411091528,,2411091529,,,,,,,,,,,2.0,2.0
-7289711712054290115-2411091511-8,7343,2411091532,2411091533,4,,S,3,Backnang|Maubach|Nellmersbach|Winnenden|Schwaikheim|Neustadt-Hohenacker|Waiblingen,8001974,Fellbach,Baden-Württemberg,Fellbach,70736,9.270645988,48.8202936,3,2411091532,,2411091533,,,,,,,,,,,0.0,0.0
-4314588757347352202-2411091548-1,7344,,2411091548,,,S,3,,8005768,Stuttgart Flughafen/Messe,Baden-Württemberg,Leinfelden-Echterdingen,70629,9.193411574,48.69075193,4,,,2411091548,,,,,,,,,,c,0.0,0.0
-5955272615429035569-2411091418-26,7241,2411091522,2411091523,1,,S,2,Schorndorf|Weiler(Rems)|Winterbach(b Schorndorf)|Geradstetten|Grunbach|Beutelsbach|Endersbach|Stetten-Beinstein|Rommelshausen|Waiblingen|Fellbach|Stuttgart-Sommerrain|Stuttgart Nürnberger Str.|Stuttgart-Bad Cannstatt|Stuttgart Hbf (tief)|Stuttgart Stadtmitte|Stuttgart Feuersee|Stuttgart Schwabstr.|Stuttgart Universität|Stuttgart-Österfeld|Stuttgart-Vaihingen|Stuttgart-Rohr|Oberaichen|Leinfelden|Echterdingen,8005768,Stuttgart Flughafen/Messe,Baden-Württemberg,Leinfelden-Echterdingen,70629,9.193411574,48.69075193,4,2411091542,,2411091542,,,,,,,,,,,20.0,19.0
6554930112927852478-2411091411-23,7339,2411091512,,2,,S,,Backnang|Maubach|Nellmersbach|Winnenden|Schwaikheim|Neustadt-Hohenacker|Waiblingen|Fellbach|Stuttgart-Sommerrain|Stuttgart Nürnberger Str.|Stuttgart-Bad Cannstatt|Stuttgart Hbf (tief)|Stuttgart Stadtmitte|Stuttgart Feuersee|Stuttgart Schwabstr.|Stuttgart Universität|Stuttgart-Österfeld|Stuttgart-Vaihingen|Stuttgart-Rohr|Oberaichen|Leinfelden|Echterdingen,8005768,Stuttgart Flughafen/Messe,Baden-Württemberg,Leinfelden-Echterdingen,70629,9.193411574,48.69075193,4,2411091517,,,,,,,,,,,,,5.0,0.0
5269909663185428628-2411091518-1,7342,,2411091518,,,S,3,,8005768,Stuttgart Flughafen/Messe,Baden-Württemberg,Leinfelden-Echterdingen,70629,9.193411574,48.69075193,4,,,2411091520,,,,,,,,,,,0.0,2.0
-3934810304618796517-2411091448-26,7243,2411091552,2411091553,1,,S,2,Schorndorf|Weiler(Rems)|Winterbach(b Schorndorf)|Geradstetten|Grunbach|Beutelsbach|Endersbach|Stetten-Beinstein|Rommelshausen|Waiblingen|Fellbach|Stuttgart-Sommerrain|Stuttgart Nürnberger Str.|Stuttgart-Bad Cannstatt|Stuttgart Hbf (tief)|Stuttgart Stadtmitte|Stuttgart Feuersee|Stuttgart Schwabstr.|Stuttgart Universität|Stuttgart-Österfeld|Stuttgart-Vaihingen|Stuttgart-Rohr|Oberaichen|Leinfelden|Echterdingen,8005768,Stuttgart Flughafen/Messe,Baden-Württemberg,Leinfelden-Echterdingen,70629,9.193411574,48.69075193,4,2411091555,,2411091554,,,,,,,,,,,3.0,1.0
-8962126915234620710-2411091441-23,7341,2411091542,,2,,S,,Backnang|Maubach|Nellmersbach|Winnenden|Schwaikheim|Neustadt-Hohenacker|Waiblingen|Fellbach|Stuttgart-Sommerrain|Stuttgart Nürnberger Str.|Stuttgart-Bad Cannstatt|Stuttgart Hbf (tief)|Stuttgart Stadtmitte|Stuttgart Feuersee|Stuttgart Schwabstr.|Stuttgart Universität|Stuttgart-Österfeld|Stuttgart-Vaihingen|Stuttgart-Rohr|Oberaichen|Leinfelden|Echterdingen,8005768,Stuttgart Flughafen/Messe,Baden-Württemberg,Leinfelden-Echterdingen,70629,9.193411574,48.69075193,4,2411091543,,,,,,,,,,,c,,1.0,0.0
8277071043988119434-2411091503-2,7240,2411091507,2411091508,2,,S,2,Filderstadt,8005768,Stuttgart Flughafen/Messe,Baden-Württemberg,Leinfelden-Echterdingen,70629,9.193411574,48.69075193,4,2411091507,,2411091508,,,,,,,,,,,0.0,0.0
-6016587106580251117-2411091533-2,7242,2411091537,2411091538,2,,S,2,Filderstadt,8005768,Stuttgart Flughafen/Messe,Baden-Württemberg,Leinfelden-Echterdingen,70629,9.193411574,48.69075193,4,2411091536,,2411091538,,,,,,,,,,,-1.0,0.0
2117167495013711453-2411091455-3,7441,2411091500,2411091501,2,,S,4,Marbach(Neckar)|Benningen(Neckar),8002065,Freiberg (Neckar),Baden-Württemberg,Freiberg am Neckar,71691,9.197530085,48.92994974,5,2411091502,,2411091502,,,,,,,,,,,2.0,1.0
4172427275351444706-2411091525-3,7443,2411091530,2411091531,2,,S,4,Marbach(Neckar)|Benningen(Neckar),8002065,Freiberg (Neckar),Baden-Württemberg,Freiberg am Neckar,71691,9.197530085,48.92994974,5,2411091531,,2411091531,,,,,,,,,,,1.0,0.0
-737632065509960731-2411091502-11,7438,2411091529,2411091529,3,,S,4,Stuttgart Schwabstr.|Stuttgart Feuersee|Stuttgart Stadtmitte|Stuttgart Hbf (tief)|Stuttgart Nord|Stuttgart-Feuerbach|Stuttgart-Zuffenhausen|Kornwestheim Pbf|Ludwigsburg|Favoritepark,8002065,Freiberg (Neckar),Baden-Württemberg,Freiberg am Neckar,71691,9.197530085,48.92994974,5,2411091536,,2411091537,,,,,,,,,,,7.0,8.0
-3297446366946865783-2411091532-11,7440,2411091559,2411091559,3,,S,4,Stuttgart Schwabstr.|Stuttgart Feuersee|Stuttgart Stadtmitte|Stuttgart Hbf (tief)|Stuttgart Nord|Stuttgart-Feuerbach|Stuttgart-Zuffenhausen|Kornwestheim Pbf|Ludwigsburg|Favoritepark,8002065,Freiberg (Neckar),Baden-Württemberg,Freiberg am Neckar,71691,9.197530085,48.92994974,5,2411091559,,2411091559,,,,,,,,,,,0.0,0.0
-5395300073796226591-2411091516-3,7144,2411091522,2411091522,2,,S,1,Herrenberg|Nufringen,8002165,Gärtringen,Baden-Württemberg,Gärtringen,71116,8.908864487,48.64080021,5,2411091522,,2411091523,,h,2,Bauarbeiten,,,,,,,0.0,1.0
7004552740739658779-2411091350-24,7139,2411091507,2411091507,1,,S,1,Kirchheim(Teck)|Kirchheim(Teck)-Ötlingen|Wendlingen(Neckar)|Wernau(Neckar)|Plochingen|Altbach|Esslingen-Zell|Oberesslingen|Esslingen(Neckar)|Esslingen-Mettingen|Stuttgart-Bad Cannstatt|Stuttgart Hbf (tief)|Stuttgart Stadtmitte|Stuttgart Feuersee|Stuttgart Schwabstr.|Stuttgart Universität|Stuttgart-Österfeld|Stuttgart-Vaihingen|Stuttgart-Rohr|Goldberg(Württ)|Böblingen|Hulb|Ehningen(b Böblingen),8002165,Gärtringen,Baden-Württemberg,Gärtringen,71116,8.908864487,48.64080021,5,2411091515,,2411091515,,h,2,Bauarbeiten,,,,,,,8.0,8.0
6874832032319201526-2411091546-3,7146,2411091552,2411091552,2,,S,1,Herrenberg|Nufringen,8002165,Gärtringen,Baden-Württemberg,Gärtringen,71116,8.908864487,48.64080021,5,2411091552,,2411091552,,h,2,Bauarbeiten,,,,,,,0.0,0.0
7236638317671658556-2411091420-24,7141,2411091537,2411091537,1,,S,1,Kirchheim(Teck)|Kirchheim(Teck)-Ötlingen|Wendlingen(Neckar)|Wernau(Neckar)|Plochingen|Altbach|Esslingen-Zell|Oberesslingen|Esslingen(Neckar)|Esslingen-Mettingen|Stuttgart-Bad Cannstatt|Stuttgart Hbf (tief)|Stuttgart Stadtmitte|Stuttgart Feuersee|Stuttgart Schwabstr.|Stuttgart Universität|Stuttgart-Österfeld|Stuttgart-Vaihingen|Stuttgart-Rohr|Goldberg(Württ)|Böblingen|Hulb|Ehningen(b Böblingen),8002165,Gärtringen,Baden-Württemberg,Gärtringen,71116,8.908864487,48.64080021,5,2411091538,,2411091538,,h,2,Bauarbeiten,,,,,,,1.0,1.0
-5445906738201891339-2411091548-4,7247,2411091555,2411091556,1,,S,2,Schorndorf|Weiler(Rems)|Winterbach(b Schorndorf),8002240,Geradstetten,Baden-Württemberg,Remshalden,73630,9.439522346,48.80527689,5,2411091558,,2411091558,,,,,,,,,,,3.0,2.0
-7476481686954670934-2411091403-24,7236,2411091502,2411091502,2,,S,2,Filderstadt|Stuttgart Flughafen/Messe|Echterdingen|Leinfelden|Oberaichen|Stuttgart-Rohr|Stuttgart-Vaihingen|Stuttgart-Österfeld|Stuttgart Universität|Stuttgart Schwabstr.|Stuttgart Feuersee|Stuttgart Stadtmitte|Stuttgart Hbf (tief)|Stuttgart-Bad Cannstatt|Stuttgart Nürnberger Str.|Stuttgart-Sommerrain|Fellbach|Waiblingen|Rommelshausen|Stetten-Beinstein|Endersbach|Beutelsbach|Grunbach,8002240,Geradstetten,Baden-Württemberg,Remshalden,73630,9.439522346,48.80527689,5,2411091503,,2411091503,,,,,,,,,,,1.0,1.0
-3574262159782319876-2411091518-4,7245,2411091525,2411091526,1,,S,2,Schorndorf|Weiler(Rems)|Winterbach(b Schorndorf),8002240,Geradstetten,Baden-Württemberg,Remshalden,73630,9.439522346,48.80527689,5,2411091525,,2411091526,,,,,,,,,,,0.0,0.0
-6660169013356802205-2411091433-24,7238,2411091532,2411091532,2,,S,2,Filderstadt|Stuttgart Flughafen/Messe|Echterdingen|Leinfelden|Oberaichen|Stuttgart-Rohr|Stuttgart-Vaihingen|Stuttgart-Österfeld|Stuttgart Universität|Stuttgart Schwabstr.|Stuttgart Feuersee|Stuttgart Stadtmitte|Stuttgart Hbf (tief)|Stuttgart-Bad Cannstatt|Stuttgart Nürnberger Str.|Stuttgart-Sommerrain|Fellbach|Waiblingen|Rommelshausen|Stetten-Beinstein|Endersbach|Beutelsbach|Grunbach,8002240,Geradstetten,Baden-Württemberg,Remshalden,73630,9.439522346,48.80527689,5,2411091540,,2411091541,,,,,,,,,,,8.0,9.0
-5395300073796226591-2411091516-7,7144,2411091532,2411091532,2,,S,1,Herrenberg|Nufringen|Gärtringen|Ehningen(b Böblingen)|Hulb|Böblingen,8005201,Goldberg,Baden-Württemberg,Böblingen,71032,9.019733387,48.69651581,5,2411091533,,2411091533,,h,2,Bauarbeiten,,,,,,,1.0,1.0
7236638317671658556-2411091420-20,7141,2411091527,2411091527,1,,S,1,Kirchheim(Teck)|Kirchheim(Teck)-Ötlingen|Wendlingen(Neckar)|Wernau(Neckar)|Plochingen|Altbach|Esslingen-Zell|Oberesslingen|Esslingen(Neckar)|Esslingen-Mettingen|Stuttgart-Bad Cannstatt|Stuttgart Hbf (tief)|Stuttgart Stadtmitte|Stuttgart Feuersee|Stuttgart Schwabstr.|Stuttgart Universität|Stuttgart-Österfeld|Stuttgart-Vaihingen|Stuttgart-Rohr,8005201,Goldberg,Baden-Württemberg,Böblingen,71032,9.019733387,48.69651581,5,2411091528,,2411091528,,h,2,Bauarbeiten,,,,,,,1.0,1.0
-275229670537218485-2411091450-20,7143,2411091557,2411091557,1,,S,1,Kirchheim(Teck)|Kirchheim(Teck)-Ötlingen|Wendlingen(Neckar)|Wernau(Neckar)|Plochingen|Altbach|Esslingen-Zell|Oberesslingen|Esslingen(Neckar)|Esslingen-Mettingen|Stuttgart-Bad Cannstatt|Stuttgart Hbf (tief)|Stuttgart Stadtmitte|Stuttgart Feuersee|Stuttgart Schwabstr.|Stuttgart Universität|Stuttgart-Österfeld|Stuttgart-Vaihingen|Stuttgart-Rohr,8005201,Goldberg,Baden-Württemberg,Böblingen,71032,9.019733387,48.69651581,5,2411091557,,2411091558,,h,2,Bauarbeiten,,,,,,,0.0,1.0
-5362237697829977230-2411091446-7,7142,2411091502,2411091502,2,,S,1,Herrenberg|Nufringen|Gärtringen|Ehningen(b Böblingen)|Hulb|Böblingen,8005201,Goldberg,Baden-Württemberg,Böblingen,71032,9.019733387,48.69651581,5,2411091502,,2411091502,,h,2,Bauarbeiten,,,,,,,0.0,0.0
-5445906738201891339-2411091548-5,7247,2411091557,2411091558,2,,S,2,Schorndorf|Weiler(Rems)|Winterbach(b Schorndorf)|Geradstetten,8002448,Grunbach,Baden-Württemberg,Remshalden,73630,9.419580601,48.810414,4,2411091600,,2411091600,,,,,,,,,,,3.0,2.0
-7476481686954670934-2411091403-23,7236,2411091500,2411091500,3,,S,2,Filderstadt|Stuttgart Flughafen/Messe|Echterdingen|Leinfelden|Oberaichen|Stuttgart-Rohr|Stuttgart-Vaihingen|Stuttgart-Österfeld|Stuttgart Universität|Stuttgart Schwabstr.|Stuttgart Feuersee|Stuttgart Stadtmitte|Stuttgart Hbf (tief)|Stuttgart-Bad Cannstatt|Stuttgart Nürnberger Str.|Stuttgart-Sommerrain|Fellbach|Waiblingen|Rommelshausen|Stetten-Beinstein|Endersbach|Beutelsbach,8002448,Grunbach,Baden-Württemberg,Remshalden,73630,9.419580601,48.810414,4,2411091501,,2411091501,,,,,,,,,,,1.0,1.0
-3574262159782319876-2411091518-5,7245,2411091527,2411091528,2,,S,2,Schorndorf|Weiler(Rems)|Winterbach(b Schorndorf)|Geradstetten,8002448,Grunbach,Baden-Württemberg,Remshalden,73630,9.419580601,48.810414,4,2411091527,,2411091528,,,,,,,,,,,0.0,0.0
-6660169013356802205-2411091433-23,7238,2411091530,2411091530,3,,S,2,Filderstadt|Stuttgart Flughafen/Messe|Echterdingen|Leinfelden|Oberaichen|Stuttgart-Rohr|Stuttgart-Vaihingen|Stuttgart-Österfeld|Stuttgart Universität|Stuttgart Schwabstr.|Stuttgart Feuersee|Stuttgart Stadtmitte|Stuttgart Hbf (tief)|Stuttgart-Bad Cannstatt|Stuttgart Nürnberger Str.|Stuttgart-Sommerrain|Fellbach|Waiblingen|Rommelshausen|Stetten-Beinstein|Endersbach|Beutelsbach,8002448,Grunbach,Baden-Württemberg,Remshalden,73630,9.419580601,48.810414,4,2411091538,,2411091538,,,,,,,,,,,8.0,8.0
-5395300073796226591-2411091516-1,7144,,2411091516,,,S,1,,8002785,Herrenberg,Baden-Württemberg,Herrenberg,71083,8.862625253,48.59395697,3,,,2411091516,,h,2,Bauarbeiten,,,,,,,0.0,0.0
-849152549781096723-2411091516-3,489,2411091547,2411091547,4,,IC,,Stuttgart Hbf|Böblingen,8002785,Herrenberg,Baden-Württemberg,Herrenberg,71083,8.862625253,48.59395697,3,2411091547,,2411091548,,h,2,Information,,,,,,,0.0,1.0
5554126035032745996-2411091445-7,17658,2411091510,2411091511,1,,RE,14b,Hochdorf(b Horb)|Eutingen Nord|Eutingen im Gäu|Ergenzingen|Bondorf(b Herrenberg)|Gäufelden,8002785,Herrenberg,Baden-Württemberg,Herrenberg,71083,8.862625253,48.59395697,3,2411091510,,2411091511,,c,,,,,,,,,0.0,0.0
5473574269271434737-2411091402-9,17656,2411091510,2411091511,1,,RE,14a,Rottweil|Oberndorf(Neckar)|Sulz(Neckar)|Horb|Eutingen im Gäu|Ergenzingen|Bondorf(b Herrenberg)|Gäufelden,8002785,Herrenberg,Baden-Württemberg,Herrenberg,71083,8.862625253,48.59395697,3,2411091510,,2411091511,,c,,,,,,,,,0.0,0.0
8891266460667573090-2411091337-25,22785,2411091512,,102,,RB,,Bad Urach|Bad Urach Ermstalklinik|Bad Urach Wasserfall|Dettingen Gsaidt|Dettingen Freibad|Dettingen-Mitte|Dettingen Lehen|Metzingen-Neuhausen|Metzingen(Württ)|Reutlingen-Sondelfingen|Reutlingen Hbf|Reutlingen West|Reutlingen-Betzingen|Wannweil|Kirchentellinsfurt|Tübingen-Lustnau|Tübingen Hbf|Tübingen West|Unterjesingen Sandäcker|Unterjesingen Mitte|Pfäffingen|Entringen|Altingen(Württ)|Gültstein,8002785,Herrenberg,Baden-Württemberg,Herrenberg,71083,8.862625253,48.59395697,3,2411091513,,,,,,,,,,,,,1.0,0.0
7004552740739658779-2411091350-26,7139,2411091514,,3,,S,,Kirchheim(Teck)|Kirchheim(Teck)-Ötlingen|Wendlingen(Neckar)|Wernau(Neckar)|Plochingen|Altbach|Esslingen-Zell|Oberesslingen|Esslingen(Neckar)|Esslingen-Mettingen|Stuttgart-Bad Cannstatt|Stuttgart Hbf (tief)|Stuttgart Stadtmitte|Stuttgart Feuersee|Stuttgart Schwabstr.|Stuttgart Universität|Stuttgart-Österfeld|Stuttgart-Vaihingen|Stuttgart-Rohr|Goldberg(Württ)|Böblingen|Hulb|Ehningen(b Böblingen)|Gärtringen|Nufringen,8002785,Herrenberg,Baden-Württemberg,Herrenberg,71083,8.862625253,48.59395697,3,2411091521,2,,,h,2,Bauarbeiten,,,,,,,7.0,0.0
6874832032319201526-2411091546-1,7146,,2411091546,,,S,1,,8002785,Herrenberg,Baden-Württemberg,Herrenberg,71083,8.862625253,48.59395697,3,,,2411091546,,h,2,Bauarbeiten,,,,,,,0.0,0.0
-8109577220092481634-2411091518-1,22870,,2411091518,,,RB,63,,8002785,Herrenberg,Baden-Württemberg,Herrenberg,71083,8.862625253,48.59395697,3,,,2411091518,,,,,,,,,,,0.0,0.0
7236638317671658556-2411091420-26,7141,2411091544,,3,,S,,Kirchheim(Teck)|Kirchheim(Teck)-Ötlingen|Wendlingen(Neckar)|Wernau(Neckar)|Plochingen|Altbach|Esslingen-Zell|Oberesslingen|Esslingen(Neckar)|Esslingen-Mettingen|Stuttgart-Bad Cannstatt|Stuttgart Hbf (tief)|Stuttgart Stadtmitte|Stuttgart Feuersee|Stuttgart Schwabstr.|Stuttgart Universität|Stuttgart-Österfeld|Stuttgart-Vaihingen|Stuttgart-Rohr|Goldberg(Württ)|Böblingen|Hulb|Ehningen(b Böblingen)|Gärtringen|Nufringen,8002785,Herrenberg,Baden-Württemberg,Herrenberg,71083,8.862625253,48.59395697,3,2411091545,,,,h,2,Bauarbeiten,,,,,,,1.0,0.0
-8362520837084877130-2411091548-1,22790,,2411091548,,,RB,63,,8002785,Herrenberg,Baden-Württemberg,Herrenberg,71083,8.862625253,48.59395697,3,,,2411091548,,,,,,,,,,,0.0,0.0
-614064001249317400-2411091516-3,50489,2411091547,2411091547,4,,RE,87,Stuttgart Hbf|Böblingen,8002785,Herrenberg,Baden-Württemberg,Herrenberg,71083,8.862625253,48.59395697,3,2411091547,,2411091548,,,,,,,,,,,0.0,1.0
8728041641626932906-2411091449-17,22865,2411091542,,102,,RB,,Metzingen(Württ)|Reutlingen-Sondelfingen|Reutlingen Hbf|Reutlingen West|Reutlingen-Betzingen|Wannweil|Kirchentellinsfurt|Tübingen-Lustnau|Tübingen Hbf|Tübingen West|Unterjesingen Sandäcker|Unterjesingen Mitte|Pfäffingen|Entringen|Altingen(Württ)|Gültstein,8002785,Herrenberg,Baden-Württemberg,Herrenberg,71083,8.862625253,48.59395697,3,2411091543,,,,,,,,,,,,,1.0,0.0
2172981486547262984-2411091448-6,7939,2411091505,2411091506,1,,S,6,Weil der Stadt|Malmsheim|Renningen|Rutesheim|Leonberg,8002892,Höfingen,Baden-Württemberg,Leonberg,71229,9.026180834,48.81503436,5,2411091506,,2411091506,,,,,,,,,,,1.0,0.0
-5444476258917657908-2411091503-6,7643,2411091520,2411091521,1,,S,6,Weil der Stadt|Malmsheim|Renningen|Rutesheim|Leonberg,8002892,Höfingen,Baden-Württemberg,Leonberg,71229,9.026180834,48.81503436,5,2411091520,,2411091521,,,,,,,,,,,0.0,0.0
7143365029900082015-2411091504-10,7041,2411091535,2411091536,1,,S,60,Böblingen|Sindelfingen|Maichingen|Maichingen Nord|Magstadt|Renningen Süd|Renningen|Rutesheim|Leonberg,8002892,Höfingen,Baden-Württemberg,Leonberg,71229,9.026180834,48.81503436,5,2411091535,,2411091536,,,,,,,,,,,0.0,0.0
-1234815948704701360-2411091518-6,7941,2411091535,2411091536,1,,S,6,Weil der Stadt|Malmsheim|Renningen|Rutesheim|Leonberg,8002892,Höfingen,Baden-Württemberg,Leonberg,71229,9.026180834,48.81503436,5,2411091535,,2411091536,,,,,,,,,,,0.0,0.0
8320292137995350256-2411091457-12,7944,2411091524,2411091524,2,,S,6,Stuttgart Schwabstr.|Stuttgart Feuersee|Stuttgart Stadtmitte|Stuttgart Hbf (tief)|Stuttgart Nord|Stuttgart-Feuerbach|Stuttgart-Zuffenhausen|Neuwirtshaus(Porscheplatz)|Korntal|Weilimdorf|Ditzingen,8002892,Höfingen,Baden-Württemberg,Leonberg,71229,9.026180834,48.81503436,5,2411091525,,2411091525,,,,,,,,,,,1.0,1.0
2563828640898461556-2411091527-12,7046,2411091554,2411091554,2,,S,60,Stuttgart Schwabstr.|Stuttgart Feuersee|Stuttgart Stadtmitte|Stuttgart Hbf (tief)|Stuttgart Nord|Stuttgart-Feuerbach|Stuttgart-Zuffenhausen|Neuwirtshaus(Porscheplatz)|Korntal|Weilimdorf|Ditzingen,8002892,Höfingen,Baden-Württemberg,Leonberg,71229,9.026180834,48.81503436,5,2411091554,,2411091554,,,,,,,,,,,0.0,0.0
1497267941418712662-2411091527-12,7946,2411091554,2411091554,2,,S,6,Stuttgart Schwabstr.|Stuttgart Feuersee|Stuttgart Stadtmitte|Stuttgart Hbf (tief)|Stuttgart Nord|Stuttgart-Feuerbach|Stuttgart-Zuffenhausen|Neuwirtshaus(Porscheplatz)|Korntal|Weilimdorf|Ditzingen,8002892,Höfingen,Baden-Württemberg,Leonberg,71229,9.026180834,48.81503436,5,2411091554,,2411091554,,,,,,,,,,,0.0,0.0
-3211478262182188991-2411091533-6,7645,2411091550,2411091551,1,,S,6,Weil der Stadt|Malmsheim|Renningen|Rutesheim|Leonberg,8002892,Höfingen,Baden-Württemberg,Leonberg,71229,9.026180834,48.81503436,5,2411091550,,2411091551,,,,,,,,,,,0.0,0.0
-5544791981213765004-2411091442-12,7638,2411091509,2411091509,2,,S,6,Stuttgart Schwabstr.|Stuttgart Feuersee|Stuttgart Stadtmitte|Stuttgart Hbf (tief)|Stuttgart Nord|Stuttgart-Feuerbach|Stuttgart-Zuffenhausen|Neuwirtshaus(Porscheplatz)|Korntal|Weilimdorf|Ditzingen,8002892,Höfingen,Baden-Württemberg,Leonberg,71229,9.026180834,48.81503436,5,2411091511,,2411091511,,,,,,,,,,,2.0,2.0
913351823682649731-2411091457-12,7044,2411091524,2411091524,2,,S,60,Stuttgart Schwabstr.|Stuttgart Feuersee|Stuttgart Stadtmitte|Stuttgart Hbf (tief)|Stuttgart Nord|Stuttgart-Feuerbach|Stuttgart-Zuffenhausen|Neuwirtshaus(Porscheplatz)|Korntal|Weilimdorf|Ditzingen,8002892,Höfingen,Baden-Württemberg,Leonberg,71229,9.026180834,48.81503436,5,2411091525,,2411091525,,,,,,,,,,,1.0,1.0
7026301837444097691-2411091512-12,7640,2411091539,2411091539,2,,S,6,Stuttgart Schwabstr.|Stuttgart Feuersee|Stuttgart Stadtmitte|Stuttgart Hbf (tief)|Stuttgart Nord|Stuttgart-Feuerbach|Stuttgart-Zuffenhausen|Neuwirtshaus(Porscheplatz)|Korntal|Weilimdorf|Ditzingen,8002892,Höfingen,Baden-Württemberg,Leonberg,71229,9.026180834,48.81503436,5,2411091540,,2411091541,,,,,,,,,,,1.0,2.0
-3747023062711209303-2411091434-10,7039,2411091505,2411091506,1,,S,60,Böblingen|Sindelfingen|Maichingen|Maichingen Nord|Magstadt|Renningen Süd|Renningen|Rutesheim|Leonberg,8002892,Höfingen,Baden-Württemberg,Leonberg,71229,9.026180834,48.81503436,5,2411091506,,2411091506,,,,,,,,,,,1.0,0.0
-5395300073796226591-2411091516-5,7144,2411091528,2411091528,2,,S,1,Herrenberg|Nufringen|Gärtringen|Ehningen(b Böblingen),8003022,Hulb,Baden-Württemberg,Böblingen-Hulb,71032,8.982396429,48.67924173,5,2411091528,,2411091529,,h,2,Bauarbeiten,,,,,,,0.0,1.0
7004552740739658779-2411091350-22,7139,2411091501,2411091501,1,,S,1,Kirchheim(Teck)|Kirchheim(Teck)-Ötlingen|Wendlingen(Neckar)|Wernau(Neckar)|Plochingen|Altbach|Esslingen-Zell|Oberesslingen|Esslingen(Neckar)|Esslingen-Mettingen|Stuttgart-Bad Cannstatt|Stuttgart Hbf (tief)|Stuttgart Stadtmitte|Stuttgart Feuersee|Stuttgart Schwabstr.|Stuttgart Universität|Stuttgart-Österfeld|Stuttgart-Vaihingen|Stuttgart-Rohr|Goldberg(Württ)|Böblingen,8003022,Hulb,Baden-Württemberg,Böblingen-Hulb,71032,8.982396429,48.67924173,5,2411091509,,2411091509,,h,2,Bauarbeiten,,,,,,,8.0,8.0
6874832032319201526-2411091546-5,7146,2411091558,2411091558,2,,S,1,Herrenberg|Nufringen|Gärtringen|Ehningen(b Böblingen),8003022,Hulb,Baden-Württemberg,Böblingen-Hulb,71032,8.982396429,48.67924173,5,2411091558,,2411091558,,h,2,Bauarbeiten,,,,,,,0.0,0.0
7236638317671658556-2411091420-22,7141,2411091531,2411091531,1,,S,1,Kirchheim(Teck)|Kirchheim(Teck)-Ötlingen|Wendlingen(Neckar)|Wernau(Neckar)|Plochingen|Altbach|Esslingen-Zell|Oberesslingen|Esslingen(Neckar)|Esslingen-Mettingen|Stuttgart-Bad Cannstatt|Stuttgart Hbf (tief)|Stuttgart Stadtmitte|Stuttgart Feuersee|Stuttgart Schwabstr.|Stuttgart Universität|Stuttgart-Österfeld|Stuttgart-Vaihingen|Stuttgart-Rohr|Goldberg(Württ)|Böblingen,8003022,Hulb,Baden-Württemberg,Böblingen-Hulb,71032,8.982396429,48.67924173,5,2411091532,,2411091532,,h,2,Bauarbeiten,,,,,,,1.0,1.0
-5955272615429035569-2411091418-27,7241,2411091527,,1,,S,,Schorndorf|Weiler(Rems)|Winterbach(b Schorndorf)|Geradstetten|Grunbach|Beutelsbach|Endersbach|Stetten-Beinstein|Rommelshausen|Waiblingen|Fellbach|Stuttgart-Sommerrain|Stuttgart Nürnberger Str.|Stuttgart-Bad Cannstatt|Stuttgart Hbf (tief)|Stuttgart Stadtmitte|Stuttgart Feuersee|Stuttgart Schwabstr.|Stuttgart Universität|Stuttgart-Österfeld|Stuttgart-Vaihingen|Stuttgart-Rohr|Oberaichen|Leinfelden|Echterdingen|Stuttgart Flughafen/Messe,8001984,Filderstadt,Baden-Württemberg,Filderstadt,70794,9.217581315,48.67649151,5,2411091546,,,,,,,,,,,,,19.0,0.0
-3934810304618796517-2411091448-27,7243,2411091557,,1,,S,,Schorndorf|Weiler(Rems)|Winterbach(b Schorndorf)|Geradstetten|Grunbach|Beutelsbach|Endersbach|Stetten-Beinstein|Rommelshausen|Waiblingen|Fellbach|Stuttgart-Sommerrain|Stuttgart Nürnberger Str.|Stuttgart-Bad Cannstatt|Stuttgart Hbf (tief)|Stuttgart Stadtmitte|Stuttgart Feuersee|Stuttgart Schwabstr.|Stuttgart Universität|Stuttgart-Österfeld|Stuttgart-Vaihingen|Stuttgart-Rohr|Oberaichen|Leinfelden|Echterdingen|Stuttgart Flughafen/Messe,8001984,Filderstadt,Baden-Württemberg,Filderstadt,70794,9.217581315,48.67649151,5,2411091558,2,,,,,,,,,,,,1.0,0.0
8277071043988119434-2411091503-1,7240,,2411091503,,,S,2,,8001984,Filderstadt,Baden-Württemberg,Filderstadt,70794,9.217581315,48.67649151,5,,,2411091503,1,,,,,,,,,,0.0,0.0
-6016587106580251117-2411091533-1,7242,,2411091533,,,S,2,,8001984,Filderstadt,Baden-Württemberg,Filderstadt,70794,9.217581315,48.67649151,5,,,2411091533,,,,,,,,,,,0.0,0.0
6830165283023982751-2411091520-1,7145,,2411091520,,,S,1,,8003280,Kirchheim (Teck),Baden-Württemberg,Kirchheim unter Teck,73230,9.443872422,48.64415981,4,,,2411091522,,h,2,Bauarbeiten,,,,,,,0.0,2.0
4368264823792479342-2411091416-27,7140,2411091539,,2,,S,,Herrenberg|Nufringen|Gärtringen|Ehningen(b Böblingen)|Hulb|Böblingen|Goldberg(Württ)|Stuttgart-Rohr|Stuttgart-Vaihingen|Stuttgart-Österfeld|Stuttgart Universität|Stuttgart Schwabstr.|Stuttgart Feuersee|Stuttgart Stadtmitte|Stuttgart Hbf (tief)|Stuttgart-Bad Cannstatt|Stuttgart-Untertürkheim|Esslingen-Mettingen|Esslingen(Neckar)|Oberesslingen|Esslingen-Zell|Altbach|Plochingen|Wernau(Neckar)|Wendlingen(Neckar)|Kirchheim(Teck)-Ötlingen,8003280,Kirchheim (Teck),Baden-Württemberg,Kirchheim unter Teck,73230,9.443872422,48.64415981,4,2411091546,,,,h,2,Bauarbeiten,,,,,,,7.0,0.0
6042905361873535715-2411091346-27,7138,2411091509,,2,,S,,Herrenberg|Nufringen|Gärtringen|Ehningen(b Böblingen)|Hulb|Böblingen|Goldberg(Württ)|Stuttgart-Rohr|Stuttgart-Vaihingen|Stuttgart-Österfeld|Stuttgart Universität|Stuttgart Schwabstr.|Stuttgart Feuersee|Stuttgart Stadtmitte|Stuttgart Hbf (tief)|Stuttgart-Bad Cannstatt|Stuttgart-Untertürkheim|Esslingen-Mettingen|Esslingen(Neckar)|Oberesslingen|Esslingen-Zell|Altbach|Plochingen|Wernau(Neckar)|Wendlingen(Neckar)|Kirchheim(Teck)-Ötlingen,8003280,Kirchheim (Teck),Baden-Württemberg,Kirchheim unter Teck,73230,9.443872422,48.64415981,4,2411091513,,,,h,2,Bauarbeiten,,,,,,,4.0,0.0
-8323663193707917185-2411091517-1,37971,,2411091517,,,RB,64,,8003280,Kirchheim (Teck),Baden-Württemberg,Kirchheim unter Teck,73230,9.443872422,48.64415981,4,,,2411091517,,,,,,,,,,,0.0,0.0
-3428340801024684137-2411091454-7,37970,2411091512,,1,,RB,,Oberlenningen|Unterlenningen|Brucken|Owen(Teck)|Dettingen(Teck)|Kirchheim(Teck)Süd,8003280,Kirchheim (Teck),Baden-Württemberg,Kirchheim unter Teck,73230,9.443872422,48.64415981,4,2411091512,,,,,,,,,,,,,0.0,0.0
9072809401414477062-2411091550-1,7147,,2411091550,,,S,1,,8003280,Kirchheim (Teck),Baden-Württemberg,Kirchheim unter Teck,73230,9.443872422,48.64415981,4,,,2411091552,,h,2,Bauarbeiten,,,,,,,0.0,2.0
6830165283023982751-2411091520-2,7145,2411091523,2411091523,1,,S,1,Kirchheim(Teck),8003282,Kirchheim (Teck)-Ötlingen,Baden-Württemberg,Kirchheim unter Teck,73230,9.416261302,48.65782388,5,2411091524,,2411091524,,h,2,Bauarbeiten,,,,,,,1.0,1.0
4368264823792479342-2411091416-26,7140,2411091536,2411091537,1,,S,1,Herrenberg|Nufringen|Gärtringen|Ehningen(b Böblingen)|Hulb|Böblingen|Goldberg(Württ)|Stuttgart-Rohr|Stuttgart-Vaihingen|Stuttgart-Österfeld|Stuttgart Universität|Stuttgart Schwabstr.|Stuttgart Feuersee|Stuttgart Stadtmitte|Stuttgart Hbf (tief)|Stuttgart-Bad Cannstatt|Stuttgart-Untertürkheim|Esslingen-Mettingen|Esslingen(Neckar)|Oberesslingen|Esslingen-Zell|Altbach|Plochingen|Wernau(Neckar)|Wendlingen(Neckar),8003282,Kirchheim (Teck)-Ötlingen,Baden-Württemberg,Kirchheim unter Teck,73230,9.416261302,48.65782388,5,2411091544,,2411091544,,h,2,Bauarbeiten,,,,,,,8.0,7.0
6042905361873535715-2411091346-26,7138,2411091506,2411091507,1,,S,1,Herrenberg|Nufringen|Gärtringen|Ehningen(b Böblingen)|Hulb|Böblingen|Goldberg(Württ)|Stuttgart-Rohr|Stuttgart-Vaihingen|Stuttgart-Österfeld|Stuttgart Universität|Stuttgart Schwabstr.|Stuttgart Feuersee|Stuttgart Stadtmitte|Stuttgart Hbf (tief)|Stuttgart-Bad Cannstatt|Stuttgart-Untertürkheim|Esslingen-Mettingen|Esslingen(Neckar)|Oberesslingen|Esslingen-Zell|Altbach|Plochingen|Wernau(Neckar)|Wendlingen(Neckar),8003282,Kirchheim (Teck)-Ötlingen,Baden-Württemberg,Kirchheim unter Teck,73230,9.416261302,48.65782388,5,2411091510,,2411091510,,h,2,Bauarbeiten,,,,,,,4.0,3.0
9072809401414477062-2411091550-2,7147,2411091553,2411091553,1,,S,1,Kirchheim(Teck),8003282,Kirchheim (Teck)-Ötlingen,Baden-Württemberg,Kirchheim unter Teck,73230,9.416261302,48.65782388,5,2411091554,,2411091555,,h,2,Bauarbeiten,,,,,,,1.0,2.0
2172981486547262984-2411091448-9,7939,2411091513,2411091514,3,,S,6,Weil der Stadt|Malmsheim|Renningen|Rutesheim|Leonberg|Höfingen|Ditzingen|Weilimdorf,8003409,Korntal,Baden-Württemberg,Korntal,70825,9.121099128,48.82640246,4,2411091514,,2411091515,,,,,,,,,,,1.0,1.0
-5444476258917657908-2411091503-9,7643,2411091528,2411091529,3,,S,6,Weil der Stadt|Malmsheim|Renningen|Rutesheim|Leonberg|Höfingen|Ditzingen|Weilimdorf,8003409,Korntal,Baden-Württemberg,Korntal,70825,9.121099128,48.82640246,4,2411091528,,2411091529,,,,,,,,,,,0.0,0.0
7143365029900082015-2411091504-13,7041,2411091543,2411091544,3,,S,60,Böblingen|Sindelfingen|Maichingen|Maichingen Nord|Magstadt|Renningen Süd|Renningen|Rutesheim|Leonberg|Höfingen|Ditzingen|Weilimdorf,8003409,Korntal,Baden-Württemberg,Korntal,70825,9.121099128,48.82640246,4,2411091543,,2411091544,,,,,,,,,,,0.0,0.0
-1234815948704701360-2411091518-9,7941,2411091543,2411091544,3,,S,6,Weil der Stadt|Malmsheim|Renningen|Rutesheim|Leonberg|Höfingen|Ditzingen|Weilimdorf,8003409,Korntal,Baden-Württemberg,Korntal,70825,9.121099128,48.82640246,4,2411091543,,2411091544,,,,,,,,,,,0.0,0.0
8320292137995350256-2411091457-9,7944,2411091516,2411091516,1,,S,6,Stuttgart Schwabstr.|Stuttgart Feuersee|Stuttgart Stadtmitte|Stuttgart Hbf (tief)|Stuttgart Nord|Stuttgart-Feuerbach|Stuttgart-Zuffenhausen|Neuwirtshaus(Porscheplatz),8003409,Korntal,Baden-Württemberg,Korntal,70825,9.121099128,48.82640246,4,2411091518,,2411091518,,,,,,,,,,,2.0,2.0
-496343426423480334-2411091505-1,1180,,2411091505,,,WEG,RB47,,8003409,Korntal,Baden-Württemberg,Korntal,70825,9.121099128,48.82640246,4,,,2411091505,,,,,,,,,,,0.0,0.0
2563828640898461556-2411091527-9,7046,2411091546,2411091546,1,,S,60,Stuttgart Schwabstr.|Stuttgart Feuersee|Stuttgart Stadtmitte|Stuttgart Hbf (tief)|Stuttgart Nord|Stuttgart-Feuerbach|Stuttgart-Zuffenhausen|Neuwirtshaus(Porscheplatz),8003409,Korntal,Baden-Württemberg,Korntal,70825,9.121099128,48.82640246,4,2411091546,,2411091546,,,,,,,,,,,0.0,0.0
-8729589083131489622-2411091501-7,1181,2411091524,,7,,WEG,,Heimerdingen|Hemmingen|Schwieberdingen|Münchingen|Münchingen Rührberg|Korntal Gymnasium,8003409,Korntal,Baden-Württemberg,Korntal,70825,9.121099128,48.82640246,4,2411091525,,,,,,,,,,,,,1.0,0.0
1497267941418712662-2411091527-9,7946,2411091546,2411091546,1,,S,6,Stuttgart Schwabstr.|Stuttgart Feuersee|Stuttgart Stadtmitte|Stuttgart Hbf (tief)|Stuttgart Nord|Stuttgart-Feuerbach|Stuttgart-Zuffenhausen|Neuwirtshaus(Porscheplatz),8003409,Korntal,Baden-Württemberg,Korntal,70825,9.121099128,48.82640246,4,2411091546,,2411091546,,,,,,,,,,,0.0,0.0
-3211478262182188991-2411091533-9,7645,2411091558,2411091559,3,,S,6,Weil der Stadt|Malmsheim|Renningen|Rutesheim|Leonberg|Höfingen|Ditzingen|Weilimdorf,8003409,Korntal,Baden-Württemberg,Korntal,70825,9.121099128,48.82640246,4,2411091559,,2411091559,,,,,,,,,,,1.0,0.0
4515995913424844466-2411091531-7,1187,2411091554,,7,,WEG,,Heimerdingen|Hemmingen|Schwieberdingen|Münchingen|Münchingen Rührberg|Korntal Gymnasium,8003409,Korntal,Baden-Württemberg,Korntal,70825,9.121099128,48.82640246,4,2411091554,,,,,,,,,,,,,0.0,0.0
-5544791981213765004-2411091442-9,7638,2411091501,2411091501,1,,S,6,Stuttgart Schwabstr.|Stuttgart Feuersee|Stuttgart Stadtmitte|Stuttgart Hbf (tief)|Stuttgart Nord|Stuttgart-Feuerbach|Stuttgart-Zuffenhausen|Neuwirtshaus(Porscheplatz),8003409,Korntal,Baden-Württemberg,Korntal,70825,9.121099128,48.82640246,4,2411091502,,2411091503,,,,,,,,,,,1.0,2.0
913351823682649731-2411091457-9,7044,2411091516,2411091516,1,,S,60,Stuttgart Schwabstr.|Stuttgart Feuersee|Stuttgart Stadtmitte|Stuttgart Hbf (tief)|Stuttgart Nord|Stuttgart-Feuerbach|Stuttgart-Zuffenhausen|Neuwirtshaus(Porscheplatz),8003409,Korntal,Baden-Württemberg,Korntal,70825,9.121099128,48.82640246,4,2411091518,,2411091518,,,,,,,,,,,2.0,2.0
7026301837444097691-2411091512-9,7640,2411091531,2411091531,1,,S,6,Stuttgart Schwabstr.|Stuttgart Feuersee|Stuttgart Stadtmitte|Stuttgart Hbf (tief)|Stuttgart Nord|Stuttgart-Feuerbach|Stuttgart-Zuffenhausen|Neuwirtshaus(Porscheplatz),8003409,Korntal,Baden-Württemberg,Korntal,70825,9.121099128,48.82640246,4,2411091533,,2411091533,,,,,,,,,,,2.0,2.0
5933810913744894923-2411091535-1,1186,,2411091535,,,WEG,RB47,,8003409,Korntal,Baden-Württemberg,Korntal,70825,9.121099128,48.82640246,4,,,2411091535,,,,,,,,,,,0.0,0.0
-3747023062711209303-2411091434-13,7039,2411091513,2411091514,3,,S,60,Böblingen|Sindelfingen|Maichingen|Maichingen Nord|Magstadt|Renningen Süd|Renningen|Rutesheim|Leonberg|Höfingen|Ditzingen|Weilimdorf,8003409,Korntal,Baden-Württemberg,Korntal,70825,9.121099128,48.82640246,4,2411091514,,2411091515,,,,,,,,,,,1.0,1.0
2922006695511414061-2411091522-8,7542,2411091540,2411091540,4,,S,5,Stuttgart Schwabstr.|Stuttgart Feuersee|Stuttgart Stadtmitte|Stuttgart Hbf (tief)|Stuttgart Nord|Stuttgart-Feuerbach|Stuttgart-Zuffenhausen,8003411,Kornwestheim Pbf,Baden-Württemberg,Kornwestheim,70806,9.179967278,48.86215948,3,2411091541,,2411091541,,,,,,,,,,,1.0,1.0
2117167495013711453-2411091455-6,7441,2411091509,2411091510,3,,S,4,Marbach(Neckar)|Benningen(Neckar)|Freiberg(Neckar)|Favoritepark|Ludwigsburg,8003411,Kornwestheim Pbf,Baden-Württemberg,Kornwestheim,70806,9.179967278,48.86215948,3,2411091512,,2411091513,,,,,,,,,,,3.0,3.0
4172427275351444706-2411091525-6,7443,2411091539,2411091540,3,,S,4,Marbach(Neckar)|Benningen(Neckar)|Freiberg(Neckar)|Favoritepark|Ludwigsburg,8003411,Kornwestheim Pbf,Baden-Württemberg,Kornwestheim,70806,9.179967278,48.86215948,3,2411091541,,2411091542,,,,,,,,,,,2.0,2.0
-4899815477540796252-2411091507-5,7543,2411091519,2411091520,3,,S,5,Bietigheim-Bissingen|Tamm(Württ)|Asperg|Ludwigsburg,8003411,Kornwestheim Pbf,Baden-Württemberg,Kornwestheim,70806,9.179967278,48.86215948,3,2411091521,,2411091522,,,,,,,,,,,2.0,2.0
-737632065509960731-2411091502-8,7438,2411091520,2411091520,4,,S,4,Stuttgart Schwabstr.|Stuttgart Feuersee|Stuttgart Stadtmitte|Stuttgart Hbf (tief)|Stuttgart Nord|Stuttgart-Feuerbach|Stuttgart-Zuffenhausen,8003411,Kornwestheim Pbf,Baden-Württemberg,Kornwestheim,70806,9.179967278,48.86215948,3,2411091527,,2411091528,,,,,,,,,,,7.0,8.0
-8943419019566147367-2411091452-8,7540,2411091510,2411091510,4,,S,5,Stuttgart Schwabstr.|Stuttgart Feuersee|Stuttgart Stadtmitte|Stuttgart Hbf (tief)|Stuttgart Nord|Stuttgart-Feuerbach|Stuttgart-Zuffenhausen,8003411,Kornwestheim Pbf,Baden-Württemberg,Kornwestheim,70806,9.179967278,48.86215948,3,2411091510,,2411091511,,,,,,,,,,,0.0,1.0
6801304589286144337-2411091537-5,7545,2411091549,2411091550,3,,S,5,Bietigheim-Bissingen|Tamm(Württ)|Asperg|Ludwigsburg,8003411,Kornwestheim Pbf,Baden-Württemberg,Kornwestheim,70806,9.179967278,48.86215948,3,2411091551,,2411091552,,,,,,,,,,,2.0,2.0
-3297446366946865783-2411091532-8,7440,2411091550,2411091550,4,,S,4,Stuttgart Schwabstr.|Stuttgart Feuersee|Stuttgart Stadtmitte|Stuttgart Hbf (tief)|Stuttgart Nord|Stuttgart-Feuerbach|Stuttgart-Zuffenhausen,8003411,Kornwestheim Pbf,Baden-Württemberg,Kornwestheim,70806,9.179967278,48.86215948,3,2411091550,,2411091550,,,,,,,,,,,0.0,0.0
-4314588757347352202-2411091548-3,7344,2411091552,2411091553,2,,S,3,Stuttgart Flughafen/Messe|Echterdingen,8003622,Leinfelden,Baden-Württemberg,Leinfelden-Echterdingen,70771,9.142859698,48.6964193,4,2411091552,,2411091553,,,,,,,,,c,c,0.0,0.0
-5955272615429035569-2411091418-24,7241,2411091516,2411091517,1,,S,2,Schorndorf|Weiler(Rems)|Winterbach(b Schorndorf)|Geradstetten|Grunbach|Beutelsbach|Endersbach|Stetten-Beinstein|Rommelshausen|Waiblingen|Fellbach|Stuttgart-Sommerrain|Stuttgart Nürnberger Str.|Stuttgart-Bad Cannstatt|Stuttgart Hbf (tief)|Stuttgart Stadtmitte|Stuttgart Feuersee|Stuttgart Schwabstr.|Stuttgart Universität|Stuttgart-Österfeld|Stuttgart-Vaihingen|Stuttgart-Rohr|Oberaichen,8003622,Leinfelden,Baden-Württemberg,Leinfelden-Echterdingen,70771,9.142859698,48.6964193,4,2411091537,,2411091537,,,,,,,,,,,21.0,20.0
6554930112927852478-2411091411-21,7339,2411091506,2411091507,1,,S,3,Backnang|Maubach|Nellmersbach|Winnenden|Schwaikheim|Neustadt-Hohenacker|Waiblingen|Fellbach|Stuttgart-Sommerrain|Stuttgart Nürnberger Str.|Stuttgart-Bad Cannstatt|Stuttgart Hbf (tief)|Stuttgart Stadtmitte|Stuttgart Feuersee|Stuttgart Schwabstr.|Stuttgart Universität|Stuttgart-Österfeld|Stuttgart-Vaihingen|Stuttgart-Rohr|Oberaichen,8003622,Leinfelden,Baden-Württemberg,Leinfelden-Echterdingen,70771,9.142859698,48.6964193,4,2411091512,,2411091512,,,,,,,,,,,6.0,5.0
5269909663185428628-2411091518-3,7342,2411091522,2411091523,2,,S,3,Stuttgart Flughafen/Messe|Echterdingen,8003622,Leinfelden,Baden-Württemberg,Leinfelden-Echterdingen,70771,9.142859698,48.6964193,4,2411091525,,2411091525,,,,,,,,,,,3.0,2.0
-3934810304618796517-2411091448-24,7243,2411091546,2411091547,1,,S,2,Schorndorf|Weiler(Rems)|Winterbach(b Schorndorf)|Geradstetten|Grunbach|Beutelsbach|Endersbach|Stetten-Beinstein|Rommelshausen|Waiblingen|Fellbach|Stuttgart-Sommerrain|Stuttgart Nürnberger Str.|Stuttgart-Bad Cannstatt|Stuttgart Hbf (tief)|Stuttgart Stadtmitte|Stuttgart Feuersee|Stuttgart Schwabstr.|Stuttgart Universität|Stuttgart-Österfeld|Stuttgart-Vaihingen|Stuttgart-Rohr|Oberaichen,8003622,Leinfelden,Baden-Württemberg,Leinfelden-Echterdingen,70771,9.142859698,48.6964193,4,2411091550,,2411091550,,,,,,,,,,,4.0,3.0
-8962126915234620710-2411091441-21,7341,2411091536,2411091537,1,,S,3,Backnang|Maubach|Nellmersbach|Winnenden|Schwaikheim|Neustadt-Hohenacker|Waiblingen|Fellbach|Stuttgart-Sommerrain|Stuttgart Nürnberger Str.|Stuttgart-Bad Cannstatt|Stuttgart Hbf (tief)|Stuttgart Stadtmitte|Stuttgart Feuersee|Stuttgart Schwabstr.|Stuttgart Universität|Stuttgart-Österfeld|Stuttgart-Vaihingen|Stuttgart-Rohr|Oberaichen,8003622,Leinfelden,Baden-Württemberg,Leinfelden-Echterdingen,70771,9.142859698,48.6964193,4,2411091537,,2411091537,,,,,,,,,c,c,1.0,0.0
8277071043988119434-2411091503-4,7240,2411091512,2411091513,2,,S,2,Filderstadt|Stuttgart Flughafen/Messe|Echterdingen,8003622,Leinfelden,Baden-Württemberg,Leinfelden-Echterdingen,70771,9.142859698,48.6964193,4,2411091512,,2411091513,,,,,,,,,,,0.0,0.0
-6016587106580251117-2411091533-4,7242,2411091542,2411091543,2,,S,2,Filderstadt|Stuttgart Flughafen/Messe|Echterdingen,8003622,Leinfelden,Baden-Württemberg,Leinfelden-Echterdingen,70771,9.142859698,48.6964193,4,2411091542,,2411091543,,,,,,,,,,,0.0,0.0
2172981486547262984-2411091448-5,7939,2411091502,2411091502,1,,S,6,Weil der Stadt|Malmsheim|Renningen|Rutesheim,8003652,Leonberg,Baden-Württemberg,Leonberg,71229,9.004025993,48.79970547,3,2411091502,,2411091503,,,,,,,,,,,0.0,1.0
-5444476258917657908-2411091503-5,7643,2411091517,2411091517,1,,S,6,Weil der Stadt|Malmsheim|Renningen|Rutesheim,8003652,Leonberg,Baden-Württemberg,Leonberg,71229,9.004025993,48.79970547,3,2411091517,,2411091517,,,,,,,,,,,0.0,0.0
7143365029900082015-2411091504-9,7041,2411091532,2411091532,1,,S,60,Böblingen|Sindelfingen|Maichingen|Maichingen Nord|Magstadt|Renningen Süd|Renningen|Rutesheim,8003652,Leonberg,Baden-Württemberg,Leonberg,71229,9.004025993,48.79970547,3,2411091532,,2411091532,,,,,,,,,,,0.0,0.0
-1234815948704701360-2411091518-5,7941,2411091532,2411091532,1,,S,6,Weil der Stadt|Malmsheim|Renningen|Rutesheim,8003652,Leonberg,Baden-Württemberg,Leonberg,71229,9.004025993,48.79970547,3,2411091532,,2411091532,,,,,,,,,,,0.0,0.0
8320292137995350256-2411091457-13,7944,2411091528,2411091528,2,,S,6,Stuttgart Schwabstr.|Stuttgart Feuersee|Stuttgart Stadtmitte|Stuttgart Hbf (tief)|Stuttgart Nord|Stuttgart-Feuerbach|Stuttgart-Zuffenhausen|Neuwirtshaus(Porscheplatz)|Korntal|Weilimdorf|Ditzingen|Höfingen,8003652,Leonberg,Baden-Württemberg,Leonberg,71229,9.004025993,48.79970547,3,2411091529,,2411091529,,,,,,,,,,,1.0,1.0
2563828640898461556-2411091527-13,7046,2411091558,2411091558,2,,S,60,Stuttgart Schwabstr.|Stuttgart Feuersee|Stuttgart Stadtmitte|Stuttgart Hbf (tief)|Stuttgart Nord|Stuttgart-Feuerbach|Stuttgart-Zuffenhausen|Neuwirtshaus(Porscheplatz)|Korntal|Weilimdorf|Ditzingen|Höfingen,8003652,Leonberg,Baden-Württemberg,Leonberg,71229,9.004025993,48.79970547,3,2411091558,,2411091558,,,,,,,,,,,0.0,0.0
1497267941418712662-2411091527-13,7946,2411091558,2411091558,2,,S,6,Stuttgart Schwabstr.|Stuttgart Feuersee|Stuttgart Stadtmitte|Stuttgart Hbf (tief)|Stuttgart Nord|Stuttgart-Feuerbach|Stuttgart-Zuffenhausen|Neuwirtshaus(Porscheplatz)|Korntal|Weilimdorf|Ditzingen|Höfingen,8003652,Leonberg,Baden-Württemberg,Leonberg,71229,9.004025993,48.79970547,3,2411091557,,2411091558,,,,,,,,,,,-1.0,0.0
-3211478262182188991-2411091533-5,7645,2411091547,2411091547,1,,S,6,Weil der Stadt|Malmsheim|Renningen|Rutesheim,8003652,Leonberg,Baden-Württemberg,Leonberg,71229,9.004025993,48.79970547,3,2411091547,,2411091547,,,,,,,,,,,0.0,0.0
-5544791981213765004-2411091442-13,7638,2411091513,2411091513,2,,S,6,Stuttgart Schwabstr.|Stuttgart Feuersee|Stuttgart Stadtmitte|Stuttgart Hbf (tief)|Stuttgart Nord|Stuttgart-Feuerbach|Stuttgart-Zuffenhausen|Neuwirtshaus(Porscheplatz)|Korntal|Weilimdorf|Ditzingen|Höfingen,8003652,Leonberg,Baden-Württemberg,Leonberg,71229,9.004025993,48.79970547,3,2411091514,,2411091515,,,,,,,,,,,1.0,2.0
913351823682649731-2411091457-13,7044,2411091528,2411091528,2,,S,60,Stuttgart Schwabstr.|Stuttgart Feuersee|Stuttgart Stadtmitte|Stuttgart Hbf (tief)|Stuttgart Nord|Stuttgart-Feuerbach|Stuttgart-Zuffenhausen|Neuwirtshaus(Porscheplatz)|Korntal|Weilimdorf|Ditzingen|Höfingen,8003652,Leonberg,Baden-Württemberg,Leonberg,71229,9.004025993,48.79970547,3,2411091529,,2411091529,,,,,,,,,,,1.0,1.0
7026301837444097691-2411091512-13,7640,2411091543,2411091543,2,,S,6,Stuttgart Schwabstr.|Stuttgart Feuersee|Stuttgart Stadtmitte|Stuttgart Hbf (tief)|Stuttgart Nord|Stuttgart-Feuerbach|Stuttgart-Zuffenhausen|Neuwirtshaus(Porscheplatz)|Korntal|Weilimdorf|Ditzingen|Höfingen,8003652,Leonberg,Baden-Württemberg,Leonberg,71229,9.004025993,48.79970547,3,2411091544,,2411091544,,,,,,,,,,,1.0,1.0
-3747023062711209303-2411091434-9,7039,2411091502,2411091502,1,,S,60,Böblingen|Sindelfingen|Maichingen|Maichingen Nord|Magstadt|Renningen Süd|Renningen|Rutesheim,8003652,Leonberg,Baden-Württemberg,Leonberg,71229,9.004025993,48.79970547,3,2411091502,,2411091503,,,,,,,,,,,0.0,1.0
-2158608630299939501-2411091547-2,19520,2411091556,2411091557,1,,MEX,17a,Stuttgart Hbf,8000235,Ludwigsburg,Baden-Württemberg,Ludwigsburg,71638,9.185229823,48.89208622,3,2411091557,,2411091557,,h,2,Bauarbeiten,,,,,,,1.0,0.0
4136207052292339606-2411091335-25,19621,2411091500,2411091500,4,,MEX,17c,Bruchsal|Bruchsal Tunnelstraße|Bruchsal Schlachthof|Heidelsheim Nord|Heidelsheim|Helmsheim|Gondelsheim Schlossstadion|Gondelsheim(Baden)|Diedelsheim|Bretten|Bretten Rechberg|Bretten-Ruit|Knittlingen-Kleinvillars|Ölbronn-Dürrn|Maulbronn West|Ötisheim|Mühlacker|Mühlacker Rößlesweg|Illingen(Württ)|Vaihingen(Enz)|Sersheim|Sachsenheim|Ellental|Bietigheim-Bissingen,8000235,Ludwigsburg,Baden-Württemberg,Ludwigsburg,71638,9.185229823,48.89208622,3,2411091503,,2411091505,,,,,,,,,,,3.0,5.0
4072156939518414703-2411091433-10,19322,2411091552,2411091553,1,,MEX,18,Tübingen Hbf|Reutlingen Hbf|Metzingen(Württ)|Nürtingen|Wendlingen(Neckar)|Plochingen|Esslingen(Neckar)|Stuttgart-Bad Cannstatt|Stuttgart Hbf,8000235,Ludwigsburg,Baden-Württemberg,Ludwigsburg,71638,9.185229823,48.89208622,3,2411091553,,2411091554,,,,,,,,,,,1.0,1.0
-7124457532343052189-2411091506-2,19074,2411091516,2411091517,1,,RE,8,Stuttgart Hbf,8000235,Ludwigsburg,Baden-Württemberg,Ludwigsburg,71638,9.185229823,48.89208622,3,2411091516,,2411091517,,,,,,,,,,,0.0,0.0
2922006695511414061-2411091522-9,7542,2411091543,2411091544,2,,S,5,Stuttgart Schwabstr.|Stuttgart Feuersee|Stuttgart Stadtmitte|Stuttgart Hbf (tief)|Stuttgart Nord|Stuttgart-Feuerbach|Stuttgart-Zuffenhausen|Kornwestheim Pbf,8000235,Ludwigsburg,Baden-Württemberg,Ludwigsburg,71638,9.185229823,48.89208622,3,2411091544,,2411091545,,,,,,,,,,,1.0,1.0
2117167495013711453-2411091455-5,7441,2411091506,2411091506,3,,S,4,Marbach(Neckar)|Benningen(Neckar)|Freiberg(Neckar)|Favoritepark,8000235,Ludwigsburg,Baden-Württemberg,Ludwigsburg,71638,9.185229823,48.89208622,3,2411091508,,2411091508,,,,,,,,,,,2.0,2.0
4172427275351444706-2411091525-5,7443,2411091536,2411091536,3,,S,4,Marbach(Neckar)|Benningen(Neckar)|Freiberg(Neckar)|Favoritepark,8000235,Ludwigsburg,Baden-Württemberg,Ludwigsburg,71638,9.185229823,48.89208622,3,2411091537,,2411091538,,,,,,,,,,,1.0,2.0
-4899815477540796252-2411091507-4,7543,2411091516,2411091516,3,,S,5,Bietigheim-Bissingen|Tamm(Württ)|Asperg,8000235,Ludwigsburg,Baden-Württemberg,Ludwigsburg,71638,9.185229823,48.89208622,3,2411091518,,2411091518,,,,,,,,,,,2.0,2.0
-737632065509960731-2411091502-9,7438,2411091523,2411091524,2,,S,4,Stuttgart Schwabstr.|Stuttgart Feuersee|Stuttgart Stadtmitte|Stuttgart Hbf (tief)|Stuttgart Nord|Stuttgart-Feuerbach|Stuttgart-Zuffenhausen|Kornwestheim Pbf,8000235,Ludwigsburg,Baden-Württemberg,Ludwigsburg,71638,9.185229823,48.89208622,3,2411091531,,2411091531,,,,,,,,,,,8.0,7.0
1306110444000253418-2411091337-9,19071,2411091539,2411091540,4,,RE,8,Würzburg Hbf|Lauda|Osterburken|Möckmühl|Bad Friedrichshall Hbf|Neckarsulm|Heilbronn Hbf|Bietigheim-Bissingen,8000235,Ludwigsburg,Baden-Württemberg,Ludwigsburg,71638,9.185229823,48.89208622,3,2411091539,,2411091540,,,,,,,,,,,0.0,0.0
-3418848046037360047-2411091547-2,19620,2411091556,2411091557,1,,MEX,17c,Stuttgart Hbf,8000235,Ludwigsburg,Baden-Württemberg,Ludwigsburg,71638,9.185229823,48.89208622,3,2411091557,,2411091557,,,,,,,,,,,1.0,0.0
-8943419019566147367-2411091452-9,7540,2411091513,2411091514,2,,S,5,Stuttgart Schwabstr.|Stuttgart Feuersee|Stuttgart Stadtmitte|Stuttgart Hbf (tief)|Stuttgart Nord|Stuttgart-Feuerbach|Stuttgart-Zuffenhausen|Kornwestheim Pbf,8000235,Ludwigsburg,Baden-Württemberg,Ludwigsburg,71638,9.185229823,48.89208622,3,2411091513,,2411091514,,,,,,,,,,,0.0,0.0
6801304589286144337-2411091537-4,7545,2411091546,2411091546,3,,S,5,Bietigheim-Bissingen|Tamm(Württ)|Asperg,8000235,Ludwigsburg,Baden-Württemberg,Ludwigsburg,71638,9.185229823,48.89208622,3,2411091548,,2411091548,,,,,,,,,,,2.0,2.0
-3297446366946865783-2411091532-9,7440,2411091553,2411091554,2,,S,4,Stuttgart Schwabstr.|Stuttgart Feuersee|Stuttgart Stadtmitte|Stuttgart Hbf (tief)|Stuttgart Nord|Stuttgart-Feuerbach|Stuttgart-Zuffenhausen|Kornwestheim Pbf,8000235,Ludwigsburg,Baden-Württemberg,Ludwigsburg,71638,9.185229823,48.89208622,3,2411091553,,2411091554,,,,,,,,,,,0.0,0.0
-3387242124464735916-2411091457-8,19229,2411091531,2411091532,4,,MEX,12,Heilbronn Hbf|Nordheim(Württ)|Lauffen(Neckar)|Kirchheim(Neckar)|Walheim(Württ)|Besigheim|Bietigheim-Bissingen,8000235,Ludwigsburg,Baden-Württemberg,Ludwigsburg,71638,9.185229823,48.89208622,3,2411091532,,2411091533,,,,,,,,,,,1.0,1.0
6801328089772232206-2411091414-13,19521,2411091500,2411091500,4,,MEX,17a,Pforzheim Hbf|Eutingen(Baden)|Niefern|Enzberg|Mühlacker|Mühlacker Rößlesweg|Illingen(Württ)|Vaihingen(Enz)|Sersheim|Sachsenheim|Ellental|Bietigheim-Bissingen,8000235,Ludwigsburg,Baden-Württemberg,Ludwigsburg,71638,9.185229823,48.89208622,3,2411091503,,2411091505,,h,2,Bauarbeiten,,,,,,,3.0,5.0
1774589824052612153-2411091336-21,19323,2411091504,2411091505,4,,MEX,18,Osterburken|Adelsheim Ost|Sennfeld|Roigheim|Möckmühl|Züttlingen|Siglingen|Neudenau|Herbolzheim(Jagst)|Untergriesheim|Bad Friedrichshall Hbf|Neckarsulm|Heilbronn Sülmertor|Heilbronn Hbf|Nordheim(Württ)|Lauffen(Neckar)|Kirchheim(Neckar)|Walheim(Württ)|Besigheim|Bietigheim-Bissingen,8000235,Ludwigsburg,Baden-Württemberg,Ludwigsburg,71638,9.185229823,48.89208622,3,2411091507,5,2411091507,5,,,,,,,,,,3.0,2.0
-151758991652191415-2411091405-12,19234,2411091529,2411091529,1,,MEX,12,Tübingen Hbf|Reutlingen Hbf|Metzingen(Württ)|Bempflingen|Nürtingen|Oberboihingen|Wendlingen(Neckar)|Plochingen|Esslingen(Neckar)|Stuttgart-Bad Cannstatt|Stuttgart Hbf,8000235,Ludwigsburg,Baden-Württemberg,Ludwigsburg,71638,9.185229823,48.89208622,3,2411091534,,2411091535,,,,,,,,,,,5.0,6.0
-5444476258917657908-2411091503-2,7643,2411091505,2411091505,2,,S,6,Weil der Stadt,8003831,Malmsheim,Baden-Württemberg,Renningen,71272,8.905105557,48.77183564,5,2411091505,,2411091505,,,,,,,,,,,0.0,0.0
-1234815948704701360-2411091518-2,7941,2411091520,2411091520,2,,S,6,Weil der Stadt,8003831,Malmsheim,Baden-Württemberg,Renningen,71272,8.905105557,48.77183564,5,2411091520,,2411091521,,,,,,,,,,,0.0,1.0
8320292137995350256-2411091457-16,7944,2411091539,2411091539,1,,S,6,Stuttgart Schwabstr.|Stuttgart Feuersee|Stuttgart Stadtmitte|Stuttgart Hbf (tief)|Stuttgart Nord|Stuttgart-Feuerbach|Stuttgart-Zuffenhausen|Neuwirtshaus(Porscheplatz)|Korntal|Weilimdorf|Ditzingen|Höfingen|Leonberg|Rutesheim|Renningen,8003831,Malmsheim,Baden-Württemberg,Renningen,71272,8.905105557,48.77183564,5,2411091539,,2411091539,,,,,,,,,,,0.0,0.0
-3211478262182188991-2411091533-2,7645,2411091535,2411091535,2,,S,6,Weil der Stadt,8003831,Malmsheim,Baden-Württemberg,Renningen,71272,8.905105557,48.77183564,5,2411091536,,2411091536,,,,,,,,,,,1.0,1.0
-5544791981213765004-2411091442-16,7638,2411091524,2411091524,1,,S,6,Stuttgart Schwabstr.|Stuttgart Feuersee|Stuttgart Stadtmitte|Stuttgart Hbf (tief)|Stuttgart Nord|Stuttgart-Feuerbach|Stuttgart-Zuffenhausen|Neuwirtshaus(Porscheplatz)|Korntal|Weilimdorf|Ditzingen|Höfingen|Leonberg|Rutesheim|Renningen,8003831,Malmsheim,Baden-Württemberg,Renningen,71272,8.905105557,48.77183564,5,2411091524,,2411091525,,,,,,,,,,,0.0,1.0
3246189176618786704-2411091548-2,7943,2411091550,2411091550,2,,S,6,Weil der Stadt,8003831,Malmsheim,Baden-Württemberg,Renningen,71272,8.905105557,48.77183564,5,2411091550,,2411091551,,,,,,,,,,,0.0,1.0
7026301837444097691-2411091512-16,7640,2411091554,2411091554,1,,S,6,Stuttgart Schwabstr.|Stuttgart Feuersee|Stuttgart Stadtmitte|Stuttgart Hbf (tief)|Stuttgart Nord|Stuttgart-Feuerbach|Stuttgart-Zuffenhausen|Neuwirtshaus(Porscheplatz)|Korntal|Weilimdorf|Ditzingen|Höfingen|Leonberg|Rutesheim|Renningen,8003831,Malmsheim,Baden-Württemberg,Renningen,71272,8.905105557,48.77183564,5,2411091554,,2411091555,,,,,,,,,,,0.0,1.0
-6394979892939317837-2411091427-16,7942,2411091509,2411091509,1,,S,6,Stuttgart Schwabstr.|Stuttgart Feuersee|Stuttgart Stadtmitte|Stuttgart Hbf (tief)|Stuttgart Nord|Stuttgart-Feuerbach|Stuttgart-Zuffenhausen|Neuwirtshaus(Porscheplatz)|Korntal|Weilimdorf|Ditzingen|Höfingen|Leonberg|Rutesheim|Renningen,8003831,Malmsheim,Baden-Württemberg,Renningen,71272,8.905105557,48.77183564,5,2411091509,,2411091509,,,,,,,,,,,0.0,0.0
-6501025132250133137-2411091432-13,7436,2411091505,,1,,S,,Stuttgart Schwabstr.|Stuttgart Feuersee|Stuttgart Stadtmitte|Stuttgart Hbf (tief)|Stuttgart Nord|Stuttgart-Feuerbach|Stuttgart-Zuffenhausen|Kornwestheim Pbf|Ludwigsburg|Favoritepark|Freiberg(Neckar)|Benningen(Neckar),8003853,Marbach (Neckar),Baden-Württemberg,Marbach am Neckar,71672,9.264611825,48.9437708,3,2411091507,,,,,,,,,,,,,2.0,0.0
4172427275351444706-2411091525-1,7443,,2411091525,,,S,4,,8003853,Marbach (Neckar),Baden-Württemberg,Marbach am Neckar,71672,9.264611825,48.9437708,3,,,2411091526,,,,,,,,,,,0.0,1.0
-7310225330131348888-2411091555-1,7445,,2411091555,,,S,4,,8003853,Marbach (Neckar),Baden-Württemberg,Marbach am Neckar,71672,9.264611825,48.9437708,3,,,2411091555,,,,,,,,,,,0.0,0.0
-737632065509960731-2411091502-13,7438,2411091535,,1,,S,,Stuttgart Schwabstr.|Stuttgart Feuersee|Stuttgart Stadtmitte|Stuttgart Hbf (tief)|Stuttgart Nord|Stuttgart-Feuerbach|Stuttgart-Zuffenhausen|Kornwestheim Pbf|Ludwigsburg|Favoritepark|Freiberg(Neckar)|Benningen(Neckar),8003853,Marbach (Neckar),Baden-Württemberg,Marbach am Neckar,71672,9.264611825,48.9437708,3,2411091542,,,,,,,,,,,,,7.0,0.0
-3924626970669458370-2411091541-2,7345,2411091543,2411091544,1,,S,3,Backnang,8003913,Maubach,Baden-Württemberg,Backnang,71522,9.419487062,48.92623463,4,2411091545,,2411091545,,,,,,,,,,,2.0,1.0
-3511945380786593269-2411091418-22,7338,2411091514,2411091515,2,,S,3,Stuttgart Flughafen/Messe|Echterdingen|Leinfelden|Oberaichen|Stuttgart-Rohr|Stuttgart-Vaihingen|Stuttgart-Österfeld|Stuttgart Universität|Stuttgart Schwabstr.|Stuttgart Feuersee|Stuttgart Stadtmitte|Stuttgart Hbf (tief)|Stuttgart-Bad Cannstatt|Stuttgart Nürnberger Str.|Stuttgart-Sommerrain|Fellbach|Waiblingen|Neustadt-Hohenacker|Schwaikheim|Winnenden|Nellmersbach,8003913,Maubach,Baden-Württemberg,Backnang,71522,9.419487062,48.92623463,4,2411091514,,2411091515,,,,,,,,,,,0.0,0.0
-6269570380150531111-2411091448-22,7340,2411091544,2411091545,2,,S,3,Stuttgart Flughafen/Messe|Echterdingen|Leinfelden|Oberaichen|Stuttgart-Rohr|Stuttgart-Vaihingen|Stuttgart-Österfeld|Stuttgart Universität|Stuttgart Schwabstr.|Stuttgart Feuersee|Stuttgart Stadtmitte|Stuttgart Hbf (tief)|Stuttgart-Bad Cannstatt|Stuttgart Nürnberger Str.|Stuttgart-Sommerrain|Fellbach|Waiblingen|Neustadt-Hohenacker|Schwaikheim|Winnenden|Nellmersbach,8003913,Maubach,Baden-Württemberg,Backnang,71522,9.419487062,48.92623463,4,2411091546,,2411091547,,,,,,,,,,,2.0,2.0
-7289711712054290115-2411091511-2,7343,2411091513,2411091514,1,,S,3,Backnang,8003913,Maubach,Baden-Württemberg,Backnang,71522,9.419487062,48.92623463,4,2411091514,,2411091514,,,,,,,,,,,1.0,0.0
-3924626970669458370-2411091541-3,7345,2411091546,2411091546,1,,S,3,Backnang|Maubach,8004233,Nellmersbach,Baden-Württemberg,Leutenbach,71397,9.415421538,48.90336425,5,2411091547,,2411091547,,,,,,,,,,,1.0,1.0
-3511945380786593269-2411091418-21,7338,2411091511,2411091512,2,,S,3,Stuttgart Flughafen/Messe|Echterdingen|Leinfelden|Oberaichen|Stuttgart-Rohr|Stuttgart-Vaihingen|Stuttgart-Österfeld|Stuttgart Universität|Stuttgart Schwabstr.|Stuttgart Feuersee|Stuttgart Stadtmitte|Stuttgart Hbf (tief)|Stuttgart-Bad Cannstatt|Stuttgart Nürnberger Str.|Stuttgart-Sommerrain|Fellbach|Waiblingen|Neustadt-Hohenacker|Schwaikheim|Winnenden,8004233,Nellmersbach,Baden-Württemberg,Leutenbach,71397,9.415421538,48.90336425,5,2411091512,,2411091512,,,,,,,,,,,1.0,0.0
-6269570380150531111-2411091448-21,7340,2411091541,2411091542,2,,S,3,Stuttgart Flughafen/Messe|Echterdingen|Leinfelden|Oberaichen|Stuttgart-Rohr|Stuttgart-Vaihingen|Stuttgart-Österfeld|Stuttgart Universität|Stuttgart Schwabstr.|Stuttgart Feuersee|Stuttgart Stadtmitte|Stuttgart Hbf (tief)|Stuttgart-Bad Cannstatt|Stuttgart Nürnberger Str.|Stuttgart-Sommerrain|Fellbach|Waiblingen|Neustadt-Hohenacker|Schwaikheim|Winnenden,8004233,Nellmersbach,Baden-Württemberg,Leutenbach,71397,9.415421538,48.90336425,5,2411091544,,2411091543,,,,,,,,,,,3.0,1.0
-7289711712054290115-2411091511-3,7343,2411091516,2411091516,1,,S,3,Backnang|Maubach,8004233,Nellmersbach,Baden-Württemberg,Leutenbach,71397,9.415421538,48.90336425,5,2411091517,,2411091517,,,,,,,,,,,1.0,1.0
-3924626970669458370-2411091541-6,7345,2411091555,2411091555,2,,S,3,Backnang|Maubach|Nellmersbach|Winnenden|Schwaikheim,8004333,Neustadt-Hohenacker,Baden-Württemberg,Waiblingen,71336,9.32455106,48.85921668,5,2411091558,,2411091558,,,,,,,,,,,3.0,3.0
-3511945380786593269-2411091418-18,7338,2411091503,2411091503,1,,S,3,Stuttgart Flughafen/Messe|Echterdingen|Leinfelden|Oberaichen|Stuttgart-Rohr|Stuttgart-Vaihingen|Stuttgart-Österfeld|Stuttgart Universität|Stuttgart Schwabstr.|Stuttgart Feuersee|Stuttgart Stadtmitte|Stuttgart Hbf (tief)|Stuttgart-Bad Cannstatt|Stuttgart Nürnberger Str.|Stuttgart-Sommerrain|Fellbach|Waiblingen,8004333,Neustadt-Hohenacker,Baden-Württemberg,Waiblingen,71336,9.32455106,48.85921668,5,2411091503,,2411091504,,,,,,,,,,,0.0,1.0
-6269570380150531111-2411091448-18,7340,2411091533,2411091533,1,,S,3,Stuttgart Flughafen/Messe|Echterdingen|Leinfelden|Oberaichen|Stuttgart-Rohr|Stuttgart-Vaihingen|Stuttgart-Österfeld|Stuttgart Universität|Stuttgart Schwabstr.|Stuttgart Feuersee|Stuttgart Stadtmitte|Stuttgart Hbf (tief)|Stuttgart-Bad Cannstatt|Stuttgart Nürnberger Str.|Stuttgart-Sommerrain|Fellbach|Waiblingen,8004333,Neustadt-Hohenacker,Baden-Württemberg,Waiblingen,71336,9.32455106,48.85921668,5,2411091535,,2411091536,,,,,,,,,,,2.0,3.0
-7289711712054290115-2411091511-6,7343,2411091525,2411091525,2,,S,3,Backnang|Maubach|Nellmersbach|Winnenden|Schwaikheim,8004333,Neustadt-Hohenacker,Baden-Württemberg,Waiblingen,71336,9.32455106,48.85921668,5,2411091525,,2411091525,,,,,,,,,,,0.0,0.0
-4327327279162025655-2411091433-10,7641,2411091501,2411091501,2,,S,6,Weil der Stadt|Malmsheim|Renningen|Rutesheim|Leonberg|Höfingen|Ditzingen|Weilimdorf|Korntal,8004338,Neuwirtshaus (Porscheplatz),Baden-Württemberg,Stuttgart,70435,9.151955614,48.83384734,4,2411091501,,2411091501,,,,,,,,,,,0.0,0.0
2172981486547262984-2411091448-10,7939,2411091516,2411091516,2,,S,6,Weil der Stadt|Malmsheim|Renningen|Rutesheim|Leonberg|Höfingen|Ditzingen|Weilimdorf|Korntal,8004338,Neuwirtshaus (Porscheplatz),Baden-Württemberg,Stuttgart,70435,9.151955614,48.83384734,4,2411091517,,2411091517,,,,,,,,,,,1.0,1.0
1934965819197324089-2411091542-8,7642,2411091558,2411091558,1,,S,6,Stuttgart Schwabstr.|Stuttgart Feuersee|Stuttgart Stadtmitte|Stuttgart Hbf (tief)|Stuttgart Nord|Stuttgart-Feuerbach|Stuttgart-Zuffenhausen,8004338,Neuwirtshaus (Porscheplatz),Baden-Württemberg,Stuttgart,70435,9.151955614,48.83384734,4,2411091601,,2411091602,,,,,,,,,,,3.0,4.0
-5444476258917657908-2411091503-10,7643,2411091531,2411091531,2,,S,6,Weil der Stadt|Malmsheim|Renningen|Rutesheim|Leonberg|Höfingen|Ditzingen|Weilimdorf|Korntal,8004338,Neuwirtshaus (Porscheplatz),Baden-Württemberg,Stuttgart,70435,9.151955614,48.83384734,4,2411091531,,2411091531,,,,,,,,,,,0.0,0.0
7143365029900082015-2411091504-14,7041,2411091546,2411091546,2,,S,60,Böblingen|Sindelfingen|Maichingen|Maichingen Nord|Magstadt|Renningen Süd|Renningen|Rutesheim|Leonberg|Höfingen|Ditzingen|Weilimdorf|Korntal,8004338,Neuwirtshaus (Porscheplatz),Baden-Württemberg,Stuttgart,70435,9.151955614,48.83384734,4,2411091546,,2411091547,,,,,,,,,,,0.0,1.0
-1234815948704701360-2411091518-10,7941,2411091546,2411091546,2,,S,6,Weil der Stadt|Malmsheim|Renningen|Rutesheim|Leonberg|Höfingen|Ditzingen|Weilimdorf|Korntal,8004338,Neuwirtshaus (Porscheplatz),Baden-Württemberg,Stuttgart,70435,9.151955614,48.83384734,4,2411091546,,2411091547,,,,,,,,,,,0.0,1.0
8320292137995350256-2411091457-8,7944,2411091513,2411091513,1,,S,6,Stuttgart Schwabstr.|Stuttgart Feuersee|Stuttgart Stadtmitte|Stuttgart Hbf (tief)|Stuttgart Nord|Stuttgart-Feuerbach|Stuttgart-Zuffenhausen,8004338,Neuwirtshaus (Porscheplatz),Baden-Württemberg,Stuttgart,70435,9.151955614,48.83384734,4,2411091515,,2411091515,,,,,,,,,,,2.0,2.0
2563828640898461556-2411091527-8,7046,2411091543,2411091543,1,,S,60,Stuttgart Schwabstr.|Stuttgart Feuersee|Stuttgart Stadtmitte|Stuttgart Hbf (tief)|Stuttgart Nord|Stuttgart-Feuerbach|Stuttgart-Zuffenhausen,8004338,Neuwirtshaus (Porscheplatz),Baden-Württemberg,Stuttgart,70435,9.151955614,48.83384734,4,2411091543,,2411091544,,,,,,,,,,,0.0,1.0
1497267941418712662-2411091527-8,7946,2411091543,2411091543,1,,S,6,Stuttgart Schwabstr.|Stuttgart Feuersee|Stuttgart Stadtmitte|Stuttgart Hbf (tief)|Stuttgart Nord|Stuttgart-Feuerbach|Stuttgart-Zuffenhausen,8004338,Neuwirtshaus (Porscheplatz),Baden-Württemberg,Stuttgart,70435,9.151955614,48.83384734,4,2411091543,,2411091544,,,,,,,,,,,0.0,1.0
913351823682649731-2411091457-8,7044,2411091513,2411091513,1,,S,60,Stuttgart Schwabstr.|Stuttgart Feuersee|Stuttgart Stadtmitte|Stuttgart Hbf (tief)|Stuttgart Nord|Stuttgart-Feuerbach|Stuttgart-Zuffenhausen,8004338,Neuwirtshaus (Porscheplatz),Baden-Württemberg,Stuttgart,70435,9.151955614,48.83384734,4,2411091515,,2411091515,,,,,,,,,,,2.0,2.0
7026301837444097691-2411091512-8,7640,2411091528,2411091528,1,,S,6,Stuttgart Schwabstr.|Stuttgart Feuersee|Stuttgart Stadtmitte|Stuttgart Hbf (tief)|Stuttgart Nord|Stuttgart-Feuerbach|Stuttgart-Zuffenhausen,8004338,Neuwirtshaus (Porscheplatz),Baden-Württemberg,Stuttgart,70435,9.151955614,48.83384734,4,2411091530,,2411091530,,,,,,,,,,,2.0,2.0
-3747023062711209303-2411091434-14,7039,2411091516,2411091516,2,,S,60,Böblingen|Sindelfingen|Maichingen|Maichingen Nord|Magstadt|Renningen Süd|Renningen|Rutesheim|Leonberg|Höfingen|Ditzingen|Weilimdorf|Korntal,8004338,Neuwirtshaus (Porscheplatz),Baden-Württemberg,Stuttgart,70435,9.151955614,48.83384734,4,2411091517,,2411091517,,,,,,,,,,,1.0,1.0
-5395300073796226591-2411091516-2,7144,2411091519,2411091519,2,,S,1,Herrenberg,8004490,Nufringen,Baden-Württemberg,Nufringen,71154,8.889817485,48.62010967,5,2411091519,,2411091520,,h,2,Bauarbeiten,,,,,,,0.0,1.0
7004552740739658779-2411091350-25,7139,2411091510,2411091510,1,,S,1,Kirchheim(Teck)|Kirchheim(Teck)-Ötlingen|Wendlingen(Neckar)|Wernau(Neckar)|Plochingen|Altbach|Esslingen-Zell|Oberesslingen|Esslingen(Neckar)|Esslingen-Mettingen|Stuttgart-Bad Cannstatt|Stuttgart Hbf (tief)|Stuttgart Stadtmitte|Stuttgart Feuersee|Stuttgart Schwabstr.|Stuttgart Universität|Stuttgart-Österfeld|Stuttgart-Vaihingen|Stuttgart-Rohr|Goldberg(Württ)|Böblingen|Hulb|Ehningen(b Böblingen)|Gärtringen,8004490,Nufringen,Baden-Württemberg,Nufringen,71154,8.889817485,48.62010967,5,2411091518,,2411091517,,h,2,Bauarbeiten,,,,,,,8.0,7.0
6874832032319201526-2411091546-2,7146,2411091549,2411091549,2,,S,1,Herrenberg,8004490,Nufringen,Baden-Württemberg,Nufringen,71154,8.889817485,48.62010967,5,2411091549,,2411091550,,h,2,Bauarbeiten,,,,,,,0.0,1.0
7236638317671658556-2411091420-25,7141,2411091540,2411091540,1,,S,1,Kirchheim(Teck)|Kirchheim(Teck)-Ötlingen|Wendlingen(Neckar)|Wernau(Neckar)|Plochingen|Altbach|Esslingen-Zell|Oberesslingen|Esslingen(Neckar)|Esslingen-Mettingen|Stuttgart-Bad Cannstatt|Stuttgart Hbf (tief)|Stuttgart Stadtmitte|Stuttgart Feuersee|Stuttgart Schwabstr.|Stuttgart Universität|Stuttgart-Österfeld|Stuttgart-Vaihingen|Stuttgart-Rohr|Goldberg(Württ)|Böblingen|Hulb|Ehningen(b Böblingen)|Gärtringen,8004490,Nufringen,Baden-Württemberg,Nufringen,71154,8.889817485,48.62010967,5,2411091540,,2411091541,,h,2,Bauarbeiten,,,,,,,0.0,1.0
-4314588757347352202-2411091548-4,7344,2411091555,2411091555,2,,S,3,Stuttgart Flughafen/Messe|Echterdingen|Leinfelden,8004496,Oberaichen,Baden-Württemberg,Leinfelden-Echterdingen,70771,9.12743664,48.70512422,5,2411091555,,2411091556,,,,,,,,,c,c,0.0,1.0
-5955272615429035569-2411091418-23,7241,2411091514,2411091514,1,,S,2,Schorndorf|Weiler(Rems)|Winterbach(b Schorndorf)|Geradstetten|Grunbach|Beutelsbach|Endersbach|Stetten-Beinstein|Rommelshausen|Waiblingen|Fellbach|Stuttgart-Sommerrain|Stuttgart Nürnberger Str.|Stuttgart-Bad Cannstatt|Stuttgart Hbf (tief)|Stuttgart Stadtmitte|Stuttgart Feuersee|Stuttgart Schwabstr.|Stuttgart Universität|Stuttgart-Österfeld|Stuttgart-Vaihingen|Stuttgart-Rohr,8004496,Oberaichen,Baden-Württemberg,Leinfelden-Echterdingen,70771,9.12743664,48.70512422,5,2411091517,,2411091517,,,,,,,,,,,3.0,3.0
6554930112927852478-2411091411-20,7339,2411091504,2411091504,1,,S,3,Backnang|Maubach|Nellmersbach|Winnenden|Schwaikheim|Neustadt-Hohenacker|Waiblingen|Fellbach|Stuttgart-Sommerrain|Stuttgart Nürnberger Str.|Stuttgart-Bad Cannstatt|Stuttgart Hbf (tief)|Stuttgart Stadtmitte|Stuttgart Feuersee|Stuttgart Schwabstr.|Stuttgart Universität|Stuttgart-Österfeld|Stuttgart-Vaihingen|Stuttgart-Rohr,8004496,Oberaichen,Baden-Württemberg,Leinfelden-Echterdingen,70771,9.12743664,48.70512422,5,2411091510,,2411091510,,,,,,,,,,,6.0,6.0
5269909663185428628-2411091518-4,7342,2411091525,2411091525,2,,S,3,Stuttgart Flughafen/Messe|Echterdingen|Leinfelden,8004496,Oberaichen,Baden-Württemberg,Leinfelden-Echterdingen,70771,9.12743664,48.70512422,5,2411091527,,2411091528,,,,,,,,,,,2.0,3.0
-3934810304618796517-2411091448-23,7243,2411091544,2411091544,1,,S,2,Schorndorf|Weiler(Rems)|Winterbach(b Schorndorf)|Geradstetten|Grunbach|Beutelsbach|Endersbach|Stetten-Beinstein|Rommelshausen|Waiblingen|Fellbach|Stuttgart-Sommerrain|Stuttgart Nürnberger Str.|Stuttgart-Bad Cannstatt|Stuttgart Hbf (tief)|Stuttgart Stadtmitte|Stuttgart Feuersee|Stuttgart Schwabstr.|Stuttgart Universität|Stuttgart-Österfeld|Stuttgart-Vaihingen|Stuttgart-Rohr,8004496,Oberaichen,Baden-Württemberg,Leinfelden-Echterdingen,70771,9.12743664,48.70512422,5,2411091547,,2411091548,,,,,,,,,,,3.0,4.0
-8962126915234620710-2411091441-20,7341,2411091534,2411091534,1,,S,3,Backnang|Maubach|Nellmersbach|Winnenden|Schwaikheim|Neustadt-Hohenacker|Waiblingen|Fellbach|Stuttgart-Sommerrain|Stuttgart Nürnberger Str.|Stuttgart-Bad Cannstatt|Stuttgart Hbf (tief)|Stuttgart Stadtmitte|Stuttgart Feuersee|Stuttgart Schwabstr.|Stuttgart Universität|Stuttgart-Österfeld|Stuttgart-Vaihingen|Stuttgart-Rohr,8004496,Oberaichen,Baden-Württemberg,Leinfelden-Echterdingen,70771,9.12743664,48.70512422,5,2411091535,,2411091535,,,,,,,,,c,c,1.0,1.0
8277071043988119434-2411091503-5,7240,2411091515,2411091515,2,,S,2,Filderstadt|Stuttgart Flughafen/Messe|Echterdingen|Leinfelden,8004496,Oberaichen,Baden-Württemberg,Leinfelden-Echterdingen,70771,9.12743664,48.70512422,5,2411091515,,2411091516,,,,,,,,,,,0.0,1.0
-6016587106580251117-2411091533-5,7242,2411091545,2411091545,2,,S,2,Filderstadt|Stuttgart Flughafen/Messe|Echterdingen|Leinfelden,8004496,Oberaichen,Baden-Württemberg,Leinfelden-Echterdingen,70771,9.12743664,48.70512422,5,2411091545,,2411091545,,,,,,,,,,,0.0,0.0
6830165283023982751-2411091520-8,7145,2411091545,2411091545,3,,S,1,Kirchheim(Teck)|Kirchheim(Teck)-Ötlingen|Wendlingen(Neckar)|Wernau(Neckar)|Plochingen|Altbach|Esslingen-Zell,8004528,Oberesslingen,Baden-Württemberg,Esslingen am Neckar,73730,9.327277435,48.72983585,3,2411091544,,2411091545,,h,2,Bauarbeiten,,,,,,,-1.0,0.0
4368264823792479342-2411091416-20,7140,2411091514,2411091514,4,,S,1,Herrenberg|Nufringen|Gärtringen|Ehningen(b Böblingen)|Hulb|Böblingen|Goldberg(Württ)|Stuttgart-Rohr|Stuttgart-Vaihingen|Stuttgart-Österfeld|Stuttgart Universität|Stuttgart Schwabstr.|Stuttgart Feuersee|Stuttgart Stadtmitte|Stuttgart Hbf (tief)|Stuttgart-Bad Cannstatt|Stuttgart-Untertürkheim|Esslingen-Mettingen|Esslingen(Neckar),8004528,Oberesslingen,Baden-Württemberg,Esslingen am Neckar,73730,9.327277435,48.72983585,3,2411091518,,2411091519,,h,2,Bauarbeiten,,,,,,,4.0,5.0
-275229670537218485-2411091450-8,7143,2411091515,2411091515,3,,S,1,Kirchheim(Teck)|Kirchheim(Teck)-Ötlingen|Wendlingen(Neckar)|Wernau(Neckar)|Plochingen|Altbach|Esslingen-Zell,8004528,Oberesslingen,Baden-Württemberg,Esslingen am Neckar,73730,9.327277435,48.72983585,3,2411091515,,2411091515,,h,2,Bauarbeiten,,,,,,,0.0,0.0
-5362237697829977230-2411091446-20,7142,2411091544,2411091544,4,,S,1,Herrenberg|Nufringen|Gärtringen|Ehningen(b Böblingen)|Hulb|Böblingen|Goldberg(Württ)|Stuttgart-Rohr|Stuttgart-Vaihingen|Stuttgart-Österfeld|Stuttgart Universität|Stuttgart Schwabstr.|Stuttgart Feuersee|Stuttgart Stadtmitte|Stuttgart Hbf (tief)|Stuttgart-Bad Cannstatt|Stuttgart-Untertürkheim|Esslingen-Mettingen|Esslingen(Neckar),8004528,Oberesslingen,Baden-Württemberg,Esslingen am Neckar,73730,9.327277435,48.72983585,3,2411091544,,2411091544,,h,2,Bauarbeiten,,,,,,,0.0,0.0
-408551796938383490-2411091436-19,19152,2411091556,2411091557,3,,MEX,16,Ulm Hbf|Beimerstetten|Westerstetten|Lonsee|Urspring|Amstetten(Württ)|Geislingen(Steige)|Geislingen(Steige)West|Kuchen|Gingen(Fils)|Süßen|Salach|Eislingen(Fils)|Göppingen|Faurndau|Uhingen|Ebersbach(Fils)|Reichenbach(Fils),8000302,Plochingen,Baden-Württemberg,Plochingen,73207,9.411294578,48.71293906,2,2411091557,,2411091558,,,,,,,,,,,1.0,1.0
7214791617317605989-2411091448-13,19150,2411091528,,3,,MEX,,Geislingen(Steige)|Geislingen(Steige)West|Kuchen|Gingen(Fils)|Süßen|Salach|Eislingen(Fils)|Göppingen|Faurndau|Uhingen|Ebersbach(Fils)|Reichenbach(Fils),8000302,Plochingen,Baden-Württemberg,Plochingen,73207,9.411294578,48.71293906,2,2411091530,,,,,,,,,,,,,2.0,0.0
4072156939518414703-2411091433-6,19322,2411091511,2411091512,6,,MEX,18,Tübingen Hbf|Reutlingen Hbf|Metzingen(Württ)|Nürtingen|Wendlingen(Neckar),8000302,Plochingen,Baden-Württemberg,Plochingen,73207,9.411294578,48.71293906,2,2411091514,,2411091514,,,,,,,,,,,3.0,2.0
1294129110466519723-2411091442-4,19149,2411091500,2411091500,4,,MEX,16,Stuttgart Hbf|Stuttgart-Bad Cannstatt|Esslingen(Neckar),8000302,Plochingen,Baden-Württemberg,Plochingen,73207,9.411294578,48.71293906,2,2411091501,,2411091502,,,,,,,,,,,1.0,2.0
6830165283023982751-2411091520-5,7145,2411091535,2411091538,9,,S,1,Kirchheim(Teck)|Kirchheim(Teck)-Ötlingen|Wendlingen(Neckar)|Wernau(Neckar),8000302,Plochingen,Baden-Württemberg,Plochingen,73207,9.411294578,48.71293906,2,2411091536,,2411091538,,h,2,Bauarbeiten,,,,,,,1.0,0.0
4368264823792479342-2411091416-23,7140,2411091522,2411091525,9,,S,1,Herrenberg|Nufringen|Gärtringen|Ehningen(b Böblingen)|Hulb|Böblingen|Goldberg(Württ)|Stuttgart-Rohr|Stuttgart-Vaihingen|Stuttgart-Österfeld|Stuttgart Universität|Stuttgart Schwabstr.|Stuttgart Feuersee|Stuttgart Stadtmitte|Stuttgart Hbf (tief)|Stuttgart-Bad Cannstatt|Stuttgart-Untertürkheim|Esslingen-Mettingen|Esslingen(Neckar)|Oberesslingen|Esslingen-Zell|Altbach,8000302,Plochingen,Baden-Württemberg,Plochingen,73207,9.411294578,48.71293906,2,2411091525,10,2411091527,10,h,2,Bauarbeiten,,,,,,,3.0,2.0
3495287791507063980-2411091534-1,19151,,2411091534,,,MEX,16,,8000302,Plochingen,Baden-Württemberg,Plochingen,73207,9.411294578,48.71293906,2,,,2411091536,,,,,,,,,,,0.0,2.0
-7943516118168061046-2411091357-12,19227,2411091512,2411091512,9,,MEX,12,Heilbronn Hbf|Nordheim(Württ)|Lauffen(Neckar)|Kirchheim(Neckar)|Walheim(Württ)|Besigheim|Bietigheim-Bissingen|Ludwigsburg|Stuttgart Hbf|Stuttgart-Bad Cannstatt|Esslingen(Neckar),8000302,Plochingen,Baden-Württemberg,Plochingen,73207,9.411294578,48.71293906,2,2411091513,,2411091514,,,,,,,,,,,1.0,2.0
-5669163675904014123-2411091505-8,19236,2411091547,2411091548,6,,MEX,12,Tübingen Hbf|Reutlingen Hbf|Metzingen(Württ)|Bempflingen|Nürtingen|Oberboihingen|Wendlingen(Neckar),8000302,Plochingen,Baden-Württemberg,Plochingen,73207,9.411294578,48.71293906,2,2411091547,,2411091548,,,,,,,,,,,0.0,0.0
109318085949003122-2411091537-3,4223,2411091555,2411091556,4,,RE,5,Stuttgart Hbf|Esslingen(Neckar),8000302,Plochingen,Baden-Württemberg,Plochingen,73207,9.411294578,48.71293906,2,2411091555,,2411091556,,h,2,Information,,,,,,,0.0,0.0
7108560216606641199-2411091303-11,4218,2411091502,2411091503,1,,RE,5,Friedrichshafen Stadt|Meckenbeuren|Ravensburg|Aulendorf|Bad Schussenried|Biberach(Riß)|Laupheim West|Ulm Hbf|Geislingen(Steige)|Göppingen,8000302,Plochingen,Baden-Württemberg,Plochingen,73207,9.411294578,48.71293906,2,2411091504,,2411091505,,h,2,Information,,,,,,,2.0,2.0
-275229670537218485-2411091450-5,7143,2411091505,2411091508,9,,S,1,Kirchheim(Teck)|Kirchheim(Teck)-Ötlingen|Wendlingen(Neckar)|Wernau(Neckar),8000302,Plochingen,Baden-Württemberg,Plochingen,73207,9.411294578,48.71293906,2,2411091505,,2411091508,,h,2,Bauarbeiten,,,,,,,0.0,0.0
1774589824052612153-2411091336-25,19323,2411091543,2411091545,9,,MEX,18,Osterburken|Adelsheim Ost|Sennfeld|Roigheim|Möckmühl|Züttlingen|Siglingen|Neudenau|Herbolzheim(Jagst)|Untergriesheim|Bad Friedrichshall Hbf|Neckarsulm|Heilbronn Sülmertor|Heilbronn Hbf|Nordheim(Württ)|Lauffen(Neckar)|Kirchheim(Neckar)|Walheim(Württ)|Besigheim|Bietigheim-Bissingen|Ludwigsburg|Stuttgart Hbf|Stuttgart-Bad Cannstatt|Esslingen(Neckar),8000302,Plochingen,Baden-Württemberg,Plochingen,73207,9.411294578,48.71293906,2,2411091545,,2411091546,,,,,,,,,,,2.0,1.0
-5362237697829977230-2411091446-23,7142,2411091552,2411091555,9,,S,1,Herrenberg|Nufringen|Gärtringen|Ehningen(b Böblingen)|Hulb|Böblingen|Goldberg(Württ)|Stuttgart-Rohr|Stuttgart-Vaihingen|Stuttgart-Österfeld|Stuttgart Universität|Stuttgart Schwabstr.|Stuttgart Feuersee|Stuttgart Stadtmitte|Stuttgart Hbf (tief)|Stuttgart-Bad Cannstatt|Stuttgart-Untertürkheim|Esslingen-Mettingen|Esslingen(Neckar)|Oberesslingen|Esslingen-Zell|Altbach,8000302,Plochingen,Baden-Württemberg,Plochingen,73207,9.411294578,48.71293906,2,2411091552,,2411091555,,h,2,Bauarbeiten,,,,,,,0.0,0.0
-6317899099651385370-2411091534-7,7043,2411091550,2411091556,2,,S,60,Böblingen|Sindelfingen|Maichingen|Maichingen Nord|Magstadt|Renningen Süd,8000313,Renningen,Baden-Württemberg,Renningen,71272,8.932650148,48.77515509,3,2411091551,,2411091555,,,,,,,,,,,1.0,-1.0
-5444476258917657908-2411091503-3,7643,2411091507,2411091511,2,,S,6,Weil der Stadt|Malmsheim,8000313,Renningen,Baden-Württemberg,Renningen,71272,8.932650148,48.77515509,3,2411091508,,2411091511,,,,,,,,,,,1.0,0.0
7143365029900082015-2411091504-7,7041,2411091520,2411091526,2,,S,60,Böblingen|Sindelfingen|Maichingen|Maichingen Nord|Magstadt|Renningen Süd,8000313,Renningen,Baden-Württemberg,Renningen,71272,8.932650148,48.77515509,3,2411091520,,2411091526,,,,,,,,,,,0.0,0.0
-7287303042673595040-2411091427-15,7042,2411091504,2411091509,3,,S,60,Stuttgart Schwabstr.|Stuttgart Feuersee|Stuttgart Stadtmitte|Stuttgart Hbf (tief)|Stuttgart Nord|Stuttgart-Feuerbach|Stuttgart-Zuffenhausen|Neuwirtshaus(Porscheplatz)|Korntal|Weilimdorf|Ditzingen|Höfingen|Leonberg|Rutesheim,8000313,Renningen,Baden-Württemberg,Renningen,71272,8.932650148,48.77515509,3,2411091504,,2411091509,,,,,,,,,,,0.0,0.0
-1234815948704701360-2411091518-3,7941,2411091523,2411091526,2,,S,6,Weil der Stadt|Malmsheim,8000313,Renningen,Baden-Württemberg,Renningen,71272,8.932650148,48.77515509,3,2411091523,,2411091525,,,,,,,,,,,0.0,-1.0
8320292137995350256-2411091457-15,7944,2411091534,2411091537,3,,S,6,Stuttgart Schwabstr.|Stuttgart Feuersee|Stuttgart Stadtmitte|Stuttgart Hbf (tief)|Stuttgart Nord|Stuttgart-Feuerbach|Stuttgart-Zuffenhausen|Neuwirtshaus(Porscheplatz)|Korntal|Weilimdorf|Ditzingen|Höfingen|Leonberg|Rutesheim,8000313,Renningen,Baden-Württemberg,Renningen,71272,8.932650148,48.77515509,3,2411091534,,2411091537,,,,,,,,,,,0.0,0.0
-3211478262182188991-2411091533-3,7645,2411091537,2411091541,2,,S,6,Weil der Stadt|Malmsheim,8000313,Renningen,Baden-Württemberg,Renningen,71272,8.932650148,48.77515509,3,2411091538,,2411091541,,,,,,,,,,,1.0,0.0
-5544791981213765004-2411091442-15,7638,2411091519,2411091522,3,,S,6,Stuttgart Schwabstr.|Stuttgart Feuersee|Stuttgart Stadtmitte|Stuttgart Hbf (tief)|Stuttgart Nord|Stuttgart-Feuerbach|Stuttgart-Zuffenhausen|Neuwirtshaus(Porscheplatz)|Korntal|Weilimdorf|Ditzingen|Höfingen|Leonberg|Rutesheim,8000313,Renningen,Baden-Württemberg,Renningen,71272,8.932650148,48.77515509,3,2411091521,,2411091522,,,,,,,,,,,2.0,0.0
913351823682649731-2411091457-15,7044,2411091534,2411091539,3,,S,60,Stuttgart Schwabstr.|Stuttgart Feuersee|Stuttgart Stadtmitte|Stuttgart Hbf (tief)|Stuttgart Nord|Stuttgart-Feuerbach|Stuttgart-Zuffenhausen|Neuwirtshaus(Porscheplatz)|Korntal|Weilimdorf|Ditzingen|Höfingen|Leonberg|Rutesheim,8000313,Renningen,Baden-Württemberg,Renningen,71272,8.932650148,48.77515509,3,2411091534,,2411091539,,,,,,,,,,,0.0,0.0
3246189176618786704-2411091548-3,7943,2411091553,2411091556,2,,S,6,Weil der Stadt|Malmsheim,8000313,Renningen,Baden-Württemberg,Renningen,71272,8.932650148,48.77515509,3,2411091553,,2411091555,,,,,,,,,,,0.0,-1.0
7026301837444097691-2411091512-15,7640,2411091549,2411091552,3,,S,6,Stuttgart Schwabstr.|Stuttgart Feuersee|Stuttgart Stadtmitte|Stuttgart Hbf (tief)|Stuttgart Nord|Stuttgart-Feuerbach|Stuttgart-Zuffenhausen|Neuwirtshaus(Porscheplatz)|Korntal|Weilimdorf|Ditzingen|Höfingen|Leonberg|Rutesheim,8000313,Renningen,Baden-Württemberg,Renningen,71272,8.932650148,48.77515509,3,2411091550,,2411091552,,,,,,,,,,,1.0,0.0
-6394979892939317837-2411091427-15,7942,2411091504,2411091507,3,,S,6,Stuttgart Schwabstr.|Stuttgart Feuersee|Stuttgart Stadtmitte|Stuttgart Hbf (tief)|Stuttgart Nord|Stuttgart-Feuerbach|Stuttgart-Zuffenhausen|Neuwirtshaus(Porscheplatz)|Korntal|Weilimdorf|Ditzingen|Höfingen|Leonberg|Rutesheim,8000313,Renningen,Baden-Württemberg,Renningen,71272,8.932650148,48.77515509,3,2411091503,,2411091507,,,,,,,,,,,-1.0,0.0
-3934810304618796517-2411091448-9,7243,2411091506,2411091507,2,,S,2,Schorndorf|Weiler(Rems)|Winterbach(b Schorndorf)|Geradstetten|Grunbach|Beutelsbach|Endersbach|Stetten-Beinstein,8005157,Rommelshausen,Baden-Württemberg,Kernen,71394,9.319175885,48.81552017,4,2411091509,,2411091509,,,,,,,,,,,3.0,2.0
-3574262159782319876-2411091518-9,7245,2411091536,2411091537,2,,S,2,Schorndorf|Weiler(Rems)|Winterbach(b Schorndorf)|Geradstetten|Grunbach|Beutelsbach|Endersbach|Stetten-Beinstein,8005157,Rommelshausen,Baden-Württemberg,Kernen,71394,9.319175885,48.81552017,4,2411091536,,2411091538,,,,,,,,,,,0.0,1.0
8277071043988119434-2411091503-19,7240,2411091552,2411091552,1,,S,2,Filderstadt|Stuttgart Flughafen/Messe|Echterdingen|Leinfelden|Oberaichen|Stuttgart-Rohr|Stuttgart-Vaihingen|Stuttgart-Österfeld|Stuttgart Universität|Stuttgart Schwabstr.|Stuttgart Feuersee|Stuttgart Stadtmitte|Stuttgart Hbf (tief)|Stuttgart-Bad Cannstatt|Stuttgart Nürnberger Str.|Stuttgart-Sommerrain|Fellbach|Waiblingen,8005157,Rommelshausen,Baden-Württemberg,Kernen,71394,9.319175885,48.81552017,4,2411091554,,2411091555,,,,,,,,,,,2.0,3.0
-6660169013356802205-2411091433-19,7238,2411091522,2411091522,1,,S,2,Filderstadt|Stuttgart Flughafen/Messe|Echterdingen|Leinfelden|Oberaichen|Stuttgart-Rohr|Stuttgart-Vaihingen|Stuttgart-Österfeld|Stuttgart Universität|Stuttgart Schwabstr.|Stuttgart Feuersee|Stuttgart Stadtmitte|Stuttgart Hbf (tief)|Stuttgart-Bad Cannstatt|Stuttgart Nürnberger Str.|Stuttgart-Sommerrain|Fellbach|Waiblingen,8005157,Rommelshausen,Baden-Württemberg,Kernen,71394,9.319175885,48.81552017,4,2411091530,,2411091530,,,,,,,,,,,8.0,8.0
-6317899099651385370-2411091534-8,7043,2411091558,2411091559,1,,S,60,Böblingen|Sindelfingen|Maichingen|Maichingen Nord|Magstadt|Renningen Süd|Renningen,8005236,Rutesheim,Baden-Württemberg,Leonberg,71229,8.960325242,48.79031093,5,2411091559,,2411091559,,,,,,,,,,,1.0,0.0
-5444476258917657908-2411091503-4,7643,2411091513,2411091514,1,,S,6,Weil der Stadt|Malmsheim|Renningen,8005236,Rutesheim,Baden-Württemberg,Leonberg,71229,8.960325242,48.79031093,5,2411091514,,2411091514,,,,,,,,,,,1.0,0.0
7143365029900082015-2411091504-8,7041,2411091528,2411091529,1,,S,60,Böblingen|Sindelfingen|Maichingen|Maichingen Nord|Magstadt|Renningen Süd|Renningen,8005236,Rutesheim,Baden-Württemberg,Leonberg,71229,8.960325242,48.79031093,5,2411091529,,2411091529,,,,,,,,,,,1.0,0.0
-7287303042673595040-2411091427-14,7042,2411091501,2411091501,2,,S,60,Stuttgart Schwabstr.|Stuttgart Feuersee|Stuttgart Stadtmitte|Stuttgart Hbf (tief)|Stuttgart Nord|Stuttgart-Feuerbach|Stuttgart-Zuffenhausen|Neuwirtshaus(Porscheplatz)|Korntal|Weilimdorf|Ditzingen|Höfingen|Leonberg,8005236,Rutesheim,Baden-Württemberg,Leonberg,71229,8.960325242,48.79031093,5,2411091501,,2411091501,,,,,,,,,,,0.0,0.0
-1234815948704701360-2411091518-4,7941,2411091528,2411091529,1,,S,6,Weil der Stadt|Malmsheim|Renningen,8005236,Rutesheim,Baden-Württemberg,Leonberg,71229,8.960325242,48.79031093,5,2411091529,,2411091529,,,,,,,,,,,1.0,0.0
8320292137995350256-2411091457-14,7944,2411091531,2411091531,2,,S,6,Stuttgart Schwabstr.|Stuttgart Feuersee|Stuttgart Stadtmitte|Stuttgart Hbf (tief)|Stuttgart Nord|Stuttgart-Feuerbach|Stuttgart-Zuffenhausen|Neuwirtshaus(Porscheplatz)|Korntal|Weilimdorf|Ditzingen|Höfingen|Leonberg,8005236,Rutesheim,Baden-Württemberg,Leonberg,71229,8.960325242,48.79031093,5,2411091532,,2411091532,,,,,,,,,,,1.0,1.0
-3211478262182188991-2411091533-4,7645,2411091543,2411091544,1,,S,6,Weil der Stadt|Malmsheim|Renningen,8005236,Rutesheim,Baden-Württemberg,Leonberg,71229,8.960325242,48.79031093,5,2411091544,,2411091544,,,,,,,,,,,1.0,0.0
-5544791981213765004-2411091442-14,7638,2411091516,2411091516,2,,S,6,Stuttgart Schwabstr.|Stuttgart Feuersee|Stuttgart Stadtmitte|Stuttgart Hbf (tief)|Stuttgart Nord|Stuttgart-Feuerbach|Stuttgart-Zuffenhausen|Neuwirtshaus(Porscheplatz)|Korntal|Weilimdorf|Ditzingen|Höfingen|Leonberg,8005236,Rutesheim,Baden-Württemberg,Leonberg,71229,8.960325242,48.79031093,5,2411091518,,2411091518,,,,,,,,,,,2.0,2.0
913351823682649731-2411091457-14,7044,2411091531,2411091531,2,,S,60,Stuttgart Schwabstr.|Stuttgart Feuersee|Stuttgart Stadtmitte|Stuttgart Hbf (tief)|Stuttgart Nord|Stuttgart-Feuerbach|Stuttgart-Zuffenhausen|Neuwirtshaus(Porscheplatz)|Korntal|Weilimdorf|Ditzingen|Höfingen|Leonberg,8005236,Rutesheim,Baden-Württemberg,Leonberg,71229,8.960325242,48.79031093,5,2411091532,,2411091532,,,,,,,,,,,1.0,1.0
3246189176618786704-2411091548-4,7943,2411091558,2411091559,1,,S,6,Weil der Stadt|Malmsheim|Renningen,8005236,Rutesheim,Baden-Württemberg,Leonberg,71229,8.960325242,48.79031093,5,2411091559,,2411091559,,,,,,,,,,,1.0,0.0
7026301837444097691-2411091512-14,7640,2411091546,2411091546,2,,S,6,Stuttgart Schwabstr.|Stuttgart Feuersee|Stuttgart Stadtmitte|Stuttgart Hbf (tief)|Stuttgart Nord|Stuttgart-Feuerbach|Stuttgart-Zuffenhausen|Neuwirtshaus(Porscheplatz)|Korntal|Weilimdorf|Ditzingen|Höfingen|Leonberg,8005236,Rutesheim,Baden-Württemberg,Leonberg,71229,8.960325242,48.79031093,5,2411091548,,2411091548,,,,,,,,,,,2.0,2.0
-6394979892939317837-2411091427-14,7942,2411091501,2411091501,2,,S,6,Stuttgart Schwabstr.|Stuttgart Feuersee|Stuttgart Stadtmitte|Stuttgart Hbf (tief)|Stuttgart Nord|Stuttgart-Feuerbach|Stuttgart-Zuffenhausen|Neuwirtshaus(Porscheplatz)|Korntal|Weilimdorf|Ditzingen|Höfingen|Leonberg,8005236,Rutesheim,Baden-Württemberg,Leonberg,71229,8.960325242,48.79031093,5,2411091501,,2411091501,,,,,,,,,,,0.0,0.0
-5445906738201891339-2411091548-1,7247,,2411091548,,,S,2,,8005424,Schorndorf,Baden-Württemberg,Schorndorf,73614,9.525686251,48.80693898,3,,,2411091551,,,,,,,,,,,0.0,3.0
1440578681846930036-2411091520-4,19473,2411091543,2411091544,2,,MEX,13,Stuttgart Hbf|Stuttgart-Bad Cannstatt|Waiblingen,8005424,Schorndorf,Baden-Württemberg,Schorndorf,73614,9.525686251,48.80693898,3,2411091550,,2411091551,,,,,,,,,,,7.0,7.0
-5993523953222747049-2411091352-17,19474,2411091513,2411091514,3,,MEX,13,Crailsheim|Jagstzell|Ellwangen|Schrezheim|Schwabsberg|Goldshöfe|Hofen(b Aalen)|Wasseralfingen|Aalen Hbf|Mögglingen(Gmünd)|Böbingen(Rems)|Schwäbisch Gmünd|Lorch(Württ)|Waldhausen(b Schorndorf)|Plüderhausen|Urbach(b Schorndorf),8005424,Schorndorf,Baden-Württemberg,Schorndorf,73614,9.525686251,48.80693898,3,2411091514,,2411091515,,,,,,,,,,,1.0,1.0
-7476481686954670934-2411091403-27,7236,2411091510,,1,,S,,Filderstadt|Stuttgart Flughafen/Messe|Echterdingen|Leinfelden|Oberaichen|Stuttgart-Rohr|Stuttgart-Vaihingen|Stuttgart-Österfeld|Stuttgart Universität|Stuttgart Schwabstr.|Stuttgart Feuersee|Stuttgart Stadtmitte|Stuttgart Hbf (tief)|Stuttgart-Bad Cannstatt|Stuttgart Nürnberger Str.|Stuttgart-Sommerrain|Fellbach|Waiblingen|Rommelshausen|Stetten-Beinstein|Endersbach|Beutelsbach|Grunbach|Geradstetten|Winterbach(b Schorndorf)|Weiler(Rems),8005424,Schorndorf,Baden-Württemberg,Schorndorf,73614,9.525686251,48.80693898,3,2411091511,,,,,,,,,,,,,1.0,0.0
-793200634010535991-2411091406-7,19679,2411091528,2411091529,2,,IRE,1,Karlsruhe Hbf|Karlsruhe-Durlach|Pforzheim Hbf|Mühlacker|Vaihingen(Enz)|Stuttgart Hbf,8005424,Schorndorf,Baden-Württemberg,Schorndorf,73614,9.525686251,48.80693898,3,2411091529,,2411091530,,,,,,,,,,,1.0,1.0
-7358693604956548566-2411091507-9,19426,2411091543,2411091544,3,,MEX,13,Aalen Hbf|Mögglingen(Gmünd)|Böbingen(Rems)|Schwäbisch Gmünd|Lorch(Württ)|Waldhausen(b Schorndorf)|Plüderhausen|Urbach(b Schorndorf),8005424,Schorndorf,Baden-Württemberg,Schorndorf,73614,9.525686251,48.80693898,3,2411091620,,2411091616,,,,,,,Aalen Hbf|Mögglingen(Gmünd)|Böbingen(Rems)|Schwäbisch Gmünd|Lorch(Württ)|Waldhausen(b Schorndorf)|Plüderhausen|Urbach(b Schorndorf),Waiblingen|Stuttgart-Bad Cannstatt|Stuttgart Hbf,,c,37.0,32.0
-3574262159782319876-2411091518-1,7245,,2411091518,,,S,2,,8005424,Schorndorf,Baden-Württemberg,Schorndorf,73614,9.525686251,48.80693898,3,,,2411091518,,,,,,,,,,,0.0,0.0
-6660169013356802205-2411091433-27,7238,2411091540,,14,,S,,Filderstadt|Stuttgart Flughafen/Messe|Echterdingen|Leinfelden|Oberaichen|Stuttgart-Rohr|Stuttgart-Vaihingen|Stuttgart-Österfeld|Stuttgart Universität|Stuttgart Schwabstr.|Stuttgart Feuersee|Stuttgart Stadtmitte|Stuttgart Hbf (tief)|Stuttgart-Bad Cannstatt|Stuttgart Nürnberger Str.|Stuttgart-Sommerrain|Fellbach|Waiblingen|Rommelshausen|Stetten-Beinstein|Endersbach|Beutelsbach|Grunbach|Geradstetten|Winterbach(b Schorndorf)|Weiler(Rems),8005424,Schorndorf,Baden-Württemberg,Schorndorf,73614,9.525686251,48.80693898,3,2411091548,,,,,,,,,,,,,8.0,0.0
1683497155762233529-2411091446-4,19421,2411091513,2411091514,2,,MEX,13,Stuttgart Hbf|Stuttgart-Bad Cannstatt|Waiblingen,8005424,Schorndorf,Baden-Württemberg,Schorndorf,73614,9.525686251,48.80693898,3,2411091514,,2411091516,,,,,,,,,,,1.0,2.0
-3924626970669458370-2411091541-5,7345,2411091552,2411091553,1,,S,3,Backnang|Maubach|Nellmersbach|Winnenden,8005454,Schwaikheim,Baden-Württemberg,Schwaikheim,71409,9.354747358,48.86832665,4,2411091554,,2411091556,,,,,,,,,,,2.0,3.0
-3511945380786593269-2411091418-19,7338,2411091506,2411091506,2,,S,3,Stuttgart Flughafen/Messe|Echterdingen|Leinfelden|Oberaichen|Stuttgart-Rohr|Stuttgart-Vaihingen|Stuttgart-Österfeld|Stuttgart Universität|Stuttgart Schwabstr.|Stuttgart Feuersee|Stuttgart Stadtmitte|Stuttgart Hbf (tief)|Stuttgart-Bad Cannstatt|Stuttgart Nürnberger Str.|Stuttgart-Sommerrain|Fellbach|Waiblingen|Neustadt-Hohenacker,8005454,Schwaikheim,Baden-Württemberg,Schwaikheim,71409,9.354747358,48.86832665,4,2411091506,,2411091506,,,,,,,,,,,0.0,0.0
-6269570380150531111-2411091448-19,7340,2411091536,2411091536,2,,S,3,Stuttgart Flughafen/Messe|Echterdingen|Leinfelden|Oberaichen|Stuttgart-Rohr|Stuttgart-Vaihingen|Stuttgart-Österfeld|Stuttgart Universität|Stuttgart Schwabstr.|Stuttgart Feuersee|Stuttgart Stadtmitte|Stuttgart Hbf (tief)|Stuttgart-Bad Cannstatt|Stuttgart Nürnberger Str.|Stuttgart-Sommerrain|Fellbach|Waiblingen|Neustadt-Hohenacker,8005454,Schwaikheim,Baden-Württemberg,Schwaikheim,71409,9.354747358,48.86832665,4,2411091538,,2411091538,,,,,,,,,,,2.0,2.0
-7289711712054290115-2411091511-5,7343,2411091522,2411091523,1,,S,3,Backnang|Maubach|Nellmersbach|Winnenden,8005454,Schwaikheim,Baden-Württemberg,Schwaikheim,71409,9.354747358,48.86832665,4,2411091523,,2411091523,,,,,,,,,,,1.0,0.0
-6317899099651385370-2411091534-2,7043,2411091536,2411091537,1,,S,60,Böblingen,8005574,Sindelfingen,Baden-Württemberg,Sindelfingen,71063,8.999262079,48.70387346,6,2411091537,,2411091537,,,,,,,,,,,1.0,0.0
7143365029900082015-2411091504-2,7041,2411091506,2411091507,1,,S,60,Böblingen,8005574,Sindelfingen,Baden-Württemberg,Sindelfingen,71063,8.999262079,48.70387346,6,2411091506,,2411091507,,,,,,,,,,,0.0,0.0
-7287303042673595040-2411091427-20,7042,2411091522,2411091523,1,,S,60,Stuttgart Schwabstr.|Stuttgart Feuersee|Stuttgart Stadtmitte|Stuttgart Hbf (tief)|Stuttgart Nord|Stuttgart-Feuerbach|Stuttgart-Zuffenhausen|Neuwirtshaus(Porscheplatz)|Korntal|Weilimdorf|Ditzingen|Höfingen|Leonberg|Rutesheim|Renningen|Renningen Süd|Magstadt|Maichingen Nord|Maichingen,8005574,Sindelfingen,Baden-Württemberg,Sindelfingen,71063,8.999262079,48.70387346,6,2411091523,,2411091524,,,,,,,,,,,1.0,1.0
913351823682649731-2411091457-20,7044,2411091552,2411091553,1,,S,60,Stuttgart Schwabstr.|Stuttgart Feuersee|Stuttgart Stadtmitte|Stuttgart Hbf (tief)|Stuttgart Nord|Stuttgart-Feuerbach|Stuttgart-Zuffenhausen|Neuwirtshaus(Porscheplatz)|Korntal|Weilimdorf|Ditzingen|Höfingen|Leonberg|Rutesheim|Renningen|Renningen Süd|Magstadt|Maichingen Nord|Maichingen,8005574,Sindelfingen,Baden-Württemberg,Sindelfingen,71063,8.999262079,48.70387346,6,2411091552,,2411091553,,,,,,,,,,,0.0,0.0
-3934810304618796517-2411091448-8,7243,2411091504,2411091504,2,,S,2,Schorndorf|Weiler(Rems)|Winterbach(b Schorndorf)|Geradstetten|Grunbach|Beutelsbach|Endersbach,8005726,Stetten-Beinstein,Baden-Württemberg,Weinstadt,71384,9.352769725,48.81199601,5,2411091506,,2411091506,,,,,,,,,,,2.0,2.0
-3574262159782319876-2411091518-8,7245,2411091534,2411091534,2,,S,2,Schorndorf|Weiler(Rems)|Winterbach(b Schorndorf)|Geradstetten|Grunbach|Beutelsbach|Endersbach,8005726,Stetten-Beinstein,Baden-Württemberg,Weinstadt,71384,9.352769725,48.81199601,5,2411091534,,2411091534,,,,,,,,,,,0.0,0.0
8277071043988119434-2411091503-20,7240,2411091554,2411091554,1,,S,2,Filderstadt|Stuttgart Flughafen/Messe|Echterdingen|Leinfelden|Oberaichen|Stuttgart-Rohr|Stuttgart-Vaihingen|Stuttgart-Österfeld|Stuttgart Universität|Stuttgart Schwabstr.|Stuttgart Feuersee|Stuttgart Stadtmitte|Stuttgart Hbf (tief)|Stuttgart-Bad Cannstatt|Stuttgart Nürnberger Str.|Stuttgart-Sommerrain|Fellbach|Waiblingen|Rommelshausen,8005726,Stetten-Beinstein,Baden-Württemberg,Weinstadt,71384,9.352769725,48.81199601,5,2411091557,,2411091556,,,,,,,,,,,3.0,2.0
-6660169013356802205-2411091433-20,7238,2411091524,2411091524,1,,S,2,Filderstadt|Stuttgart Flughafen/Messe|Echterdingen|Leinfelden|Oberaichen|Stuttgart-Rohr|Stuttgart-Vaihingen|Stuttgart-Österfeld|Stuttgart Universität|Stuttgart Schwabstr.|Stuttgart Feuersee|Stuttgart Stadtmitte|Stuttgart Hbf (tief)|Stuttgart-Bad Cannstatt|Stuttgart Nürnberger Str.|Stuttgart-Sommerrain|Fellbach|Waiblingen|Rommelshausen,8005726,Stetten-Beinstein,Baden-Württemberg,Weinstadt,71384,9.352769725,48.81199601,5,2411091532,,2411091532,,,,,,,,,,,8.0,8.0
6954924236955692259-2411091328-5,516,2411091545,2411091551,10,,ICE,,München Hbf|München-Pasing|Augsburg Hbf|Ulm Hbf,8000096,Stuttgart Hbf,Baden-Württemberg,Stuttgart,70173,9.183172973,48.78473069,1,2411091547,,2411091554,,h,2,Information,,,,,,,2.0,3.0
-2158608630299939501-2411091547-1,19520,,2411091547,,,MEX,17a,,8000096,Stuttgart Hbf,Baden-Württemberg,Stuttgart,70173,9.183172973,48.78473069,1,,,2411091547,,h,2,Bauarbeiten,,,,,,,0.0,0.0
-4400107617632202503-2411091542-1,19153,,2411091542,,,MEX,16,,8000096,Stuttgart Hbf,Baden-Württemberg,Stuttgart,70173,9.183172973,48.78473069,1,,,2411091543,,,,,,,,,,,0.0,1.0
-5344957365428715329-2411091407-12,56706,2411091509,,12,,MEX,,Aalen Hbf|Mögglingen(Gmünd)|Böbingen(Rems)|Schwäbisch Gmünd|Lorch(Württ)|Waldhausen(b Schorndorf)|Plüderhausen|Urbach(b Schorndorf)|Schorndorf|Waiblingen|Stuttgart-Bad Cannstatt,8000096,Stuttgart Hbf,Baden-Württemberg,Stuttgart,70173,9.183172973,48.78473069,1,2411091513,,,,,,,,,,,,,4.0,0.0
4136207052292339606-2411091335-26,19621,2411091512,,7,,MEX,,Bruchsal|Bruchsal Tunnelstraße|Bruchsal Schlachthof|Heidelsheim Nord|Heidelsheim|Helmsheim|Gondelsheim Schlossstadion|Gondelsheim(Baden)|Diedelsheim|Bretten|Bretten Rechberg|Bretten-Ruit|Knittlingen-Kleinvillars|Ölbronn-Dürrn|Maulbronn West|Ötisheim|Mühlacker|Mühlacker Rößlesweg|Illingen(Württ)|Vaihingen(Enz)|Sersheim|Sachsenheim|Ellental|Bietigheim-Bissingen|Ludwigsburg,8000096,Stuttgart Hbf,Baden-Württemberg,Stuttgart,70173,9.183172973,48.78473069,1,2411091515,,,,,,,,,,,,,3.0,0.0
1440578681846930036-2411091520-1,19473,,2411091520,,,MEX,13,,8000096,Stuttgart Hbf,Baden-Württemberg,Stuttgart,70173,9.183172973,48.78473069,1,,,2411091521,,,,,,,,,,,0.0,1.0
-849152549781096723-2411091516-1,489,,2411091516,,,IC,,,8000096,Stuttgart Hbf,Baden-Württemberg,Stuttgart,70173,9.183172973,48.78473069,1,,,2411091516,,h,2,Information,,,,,,,0.0,0.0
5554126035032745996-2411091445-9,17658,2411091545,,3,,RE,,Hochdorf(b Horb)|Eutingen Nord|Eutingen im Gäu|Ergenzingen|Bondorf(b Herrenberg)|Gäufelden|Herrenberg|Böblingen,8000096,Stuttgart Hbf,Baden-Württemberg,Stuttgart,70173,9.183172973,48.78473069,1,2411091542,,,,,,,,,,,,,-3.0,0.0
5473574269271434737-2411091402-11,17656,2411091545,,3,,RE,,Rottweil|Oberndorf(Neckar)|Sulz(Neckar)|Horb|Eutingen im Gäu|Ergenzingen|Bondorf(b Herrenberg)|Gäufelden|Herrenberg|Böblingen,8000096,Stuttgart Hbf,Baden-Württemberg,Stuttgart,70173,9.183172973,48.78473069,1,2411091541,,,,,,,,,,,,,-4.0,0.0
-1073960129091467682-2411091303-5,564,2411091502,2411091509,10,,ICE,,München Hbf|München-Pasing|Augsburg Hbf|Ulm Hbf,8000096,Stuttgart Hbf,Baden-Württemberg,Stuttgart,70173,9.183172973,48.78473069,1,2411091510,,2411091515,,h,1,Information,,,,,p,p,8.0,6.0
-5993523953222747049-2411091352-20,19474,2411091539,,11,,MEX,,Crailsheim|Jagstzell|Ellwangen|Schrezheim|Schwabsberg|Goldshöfe|Hofen(b Aalen)|Wasseralfingen|Aalen Hbf|Mögglingen(Gmünd)|Böbingen(Rems)|Schwäbisch Gmünd|Lorch(Württ)|Waldhausen(b Schorndorf)|Plüderhausen|Urbach(b Schorndorf)|Schorndorf|Waiblingen|Stuttgart-Bad Cannstatt,8000096,Stuttgart Hbf,Baden-Württemberg,Stuttgart,70173,9.183172973,48.78473069,1,2411091540,,,,,,,,,,,,,1.0,0.0
4072156939518414703-2411091433-9,19322,2411091528,2411091543,8,,MEX,18,Tübingen Hbf|Reutlingen Hbf|Metzingen(Württ)|Nürtingen|Wendlingen(Neckar)|Plochingen|Esslingen(Neckar)|Stuttgart-Bad Cannstatt,8000096,Stuttgart Hbf,Baden-Württemberg,Stuttgart,70173,9.183172973,48.78473069,1,2411091533,,2411091543,,,,,,,,,,,5.0,0.0
-7124457532343052189-2411091506-1,19074,,2411091506,,,RE,8,,8000096,Stuttgart Hbf,Baden-Württemberg,Stuttgart,70173,9.183172973,48.78473069,1,,,2411091507,7,,,,,,,,,,0.0,1.0
-7424799054836767456-2411091344-22,19148,2411091517,,10,,MEX,,Ulm Hbf|Beimerstetten|Westerstetten|Lonsee|Urspring|Amstetten(Württ)|Geislingen(Steige)|Geislingen(Steige)West|Kuchen|Gingen(Fils)|Süßen|Salach|Eislingen(Fils)|Göppingen|Faurndau|Uhingen|Ebersbach(Fils)|Reichenbach(Fils)|Plochingen|Esslingen(Neckar)|Stuttgart-Bad Cannstatt,8000096,Stuttgart Hbf,Baden-Württemberg,Stuttgart,70173,9.183172973,48.78473069,1,2411091517,11,,,,,,,,,,,,0.0,0.0
-6564341875414589886-2411090829-17,2407,2411091553,2411091559,15,,ICE,,Hamburg-Altona|Hamburg Dammtor|Hamburg Hbf|Hamburg-Harburg|Bremen Hbf|Osnabrück Hbf|Münster(Westf)Hbf|Dortmund Hbf|Bochum Hbf|Essen Hbf|Duisburg Hbf|Düsseldorf Hbf|Köln Hbf|Frankfurt(M) Flughafen Fernbf|Darmstadt Hbf|Heidelberg Hbf,8000096,Stuttgart Hbf,Baden-Württemberg,Stuttgart,70173,9.183172973,48.78473069,1,2411091553,,2411091601,,h,2,Information,,,,,,,0.0,2.0
-5909492214201353352-2411091533-1,19020,,2411091533,,,IRE,1,,8000096,Stuttgart Hbf,Baden-Württemberg,Stuttgart,70173,9.183172973,48.78473069,1,,,2411091533,,,,,,,,,,,0.0,0.0
-2633182889601930465-2411091336-6,50188,2411091532,,2,,RE,,Singen(Hohentwiel)|Tuttlingen|Rottweil|Horb|Böblingen,8000096,Stuttgart Hbf,Baden-Württemberg,Stuttgart,70173,9.183172973,48.78473069,1,2411091533,,,,,,,,,,,,,1.0,0.0
8171908561727237859-2411091433-11,17540,2411091532,,14,,MEX,,Gaildorf West|Fichtenberg|Fornsbach|Murrhardt|Sulzbach(Murr)|Oppenweiler(Württ)|Backnang|Winnenden|Waiblingen|Stuttgart-Bad Cannstatt,8000096,Stuttgart Hbf,Baden-Württemberg,Stuttgart,70173,9.183172973,48.78473069,1,2411091537,,,,c,,,,,,,,,5.0,0.0
-4830076979823678759-2411091511-1,19389,,2411091511,,,IRE,6,,8000096,Stuttgart Hbf,Baden-Württemberg,Stuttgart,70173,9.183172973,48.78473069,1,,,2411091514,,,,,,,,,,,0.0,3.0
4256862934536329803-2411091432-7,19019,2411091525,,5,,IRE,,Karlsruhe Hbf|Karlsruhe-Durlach|Wilferdingen-Singen|Pforzheim Hbf|Mühlacker|Vaihingen(Enz),8000096,Stuttgart Hbf,Baden-Württemberg,Stuttgart,70173,9.183172973,48.78473069,1,2411091526,6,,,,,,,,,,,,1.0,0.0
-7164744247011336626-2411091234-8,188,2411091532,,2,,IC,,Zürich HB|Schaffhausen|Singen(Hohentwiel)|Tuttlingen|Rottweil|Horb|Böblingen,8000096,Stuttgart Hbf,Baden-Württemberg,Stuttgart,70173,9.183172973,48.78473069,1,2411091533,,,,h,2,Information,,,,,,,1.0,0.0
-3892470588894151283-2411090949-19,2066,2411091552,2411091558,11,,IC,,Leipzig Hbf|Weißenfels|Naumburg(Saale)Hbf|Jena Paradies|Jena-Göschwitz|Rudolstadt(Thür)|Saalfeld(Saale)|Ludwigsstadt|Kronach|Lichtenfels|Bamberg|Erlangen|Nürnberg Hbf|Ansbach|Crailsheim|Ellwangen|Aalen Hbf|Schwäbisch Gmünd,8000096,Stuttgart Hbf,Baden-Württemberg,Stuttgart,70173,9.183172973,48.78473069,1,2411091553,,2411091600,,,,,,,,,,,1.0,2.0
1465008520951935449-2411091547-1,56711,,2411091547,,,MEX,13,,8000096,Stuttgart Hbf,Baden-Württemberg,Stuttgart,70173,9.183172973,48.78473069,1,,,2411091547,,,,,,,,,,,0.0,0.0
-9028005792529481477-2411091516-1,1244,,2411091516,,,FLX,10,,8000096,Stuttgart Hbf,Baden-Württemberg,Stuttgart,70173,9.183172973,48.78473069,1,,,2411091521,,,,,,,,,,,0.0,5.0
-793200634010535991-2411091406-6,19679,2411091500,2411091508,14,,IRE,1,Karlsruhe Hbf|Karlsruhe-Durlach|Pforzheim Hbf|Mühlacker|Vaihingen(Enz),8000096,Stuttgart Hbf,Baden-Württemberg,Stuttgart,70173,9.183172973,48.78473069,1,2411091504,,2411091510,,,,,,,,,,,4.0,2.0
-6038487735114022939-2411091526-1,17535,,2411091526,,,MEX,19,,8000096,Stuttgart Hbf,Baden-Württemberg,Stuttgart,70173,9.183172973,48.78473069,1,,,2411091527,,,,,,,,,,,0.0,1.0
1306110444000253418-2411091337-10,19071,2411091552,,7,,RE,,Würzburg Hbf|Lauda|Osterburken|Möckmühl|Bad Friedrichshall Hbf|Neckarsulm|Heilbronn Hbf|Bietigheim-Bissingen|Ludwigsburg,8000096,Stuttgart Hbf,Baden-Württemberg,Stuttgart,70173,9.183172973,48.78473069,1,2411091552,,,,,,,,,,,,,0.0,0.0
-3418848046037360047-2411091547-1,19620,,2411091547,,,MEX,17c,,8000096,Stuttgart Hbf,Baden-Württemberg,Stuttgart,70173,9.183172973,48.78473069,1,,,2411091547,,,,,,,,,,,0.0,0.0
9027111534189161094-2411091347-5,2404,2411091559,2411091605,9,,ICE,,München Hbf|Augsburg Hbf|Günzburg|Ulm Hbf,8000096,Stuttgart Hbf,Baden-Württemberg,Stuttgart,70173,9.183172973,48.78473069,1,2411091559,,2411091606,,h,2,Information,,,,,,,0.0,1.0
-2026324236731915142-2411090854-20,118,2411091459,2411091512,11,,ICE,,Innsbruck Hbf|Telfs-Pfaffenhofen|Ötztal|Imst-Pitztal|Landeck-Zams|St. Anton am Arlberg|Langen am Arlberg|Bludenz|Feldkirch|Rankweil|Hohenems|Dornbirn|Bregenz Riedenburg|Bregenz|Lindau-Reutin|Friedrichshafen Stadt|Ravensburg|Biberach(Riß)|Ulm Hbf,8000096,Stuttgart Hbf,Baden-Württemberg,Stuttgart,70173,9.183172973,48.78473069,1,2411091458,,2411091513,,h,2,Information,,,,,,,-1.0,1.0
-6942653182489293991-2411091234-21,26784,2411091505,,8,,RE,,Nürnberg Hbf|Roßtal|Heilsbronn|Wicklesgreuth|Ansbach|Leutershausen-Wiedersbach|Dombühl|Schnelldorf|Crailsheim|Eckartshausen-Ilshofen|Schwäbisch Hall-Hessental|Gaildorf West|Fichtenberg|Murrhardt|Sulzbach(Murr)|Oppenweiler(Württ)|Backnang|Winnenden|Waiblingen|Stuttgart-Bad Cannstatt,8000096,Stuttgart Hbf,Baden-Württemberg,Stuttgart,70173,9.183172973,48.78473069,1,2411091505,,,,h,3,Information,,,,,,,0.0,0.0
109318085949003122-2411091537-1,4223,,2411091537,,,RE,5,,8000096,Stuttgart Hbf,Baden-Württemberg,Stuttgart,70173,9.183172973,48.78473069,1,,,2411091537,,h,2,Information,,,,,,,0.0,0.0
-7306060287928860392-2411090915-9,597,2411091508,2411091515,16,,ICE,,Hamburg Dammtor|Hamburg Hbf|Hannover Hbf|Göttingen|Kassel-Wilhelmshöhe|Frankfurt(Main)Hbf|Mainz Hbf|Mannheim Hbf,8000096,Stuttgart Hbf,Baden-Württemberg,Stuttgart,70173,9.183172973,48.78473069,1,2411091508,,2411091517,,,,,,,,,,,0.0,2.0
7486625193269981695-2411091555-1,17539,,2411091555,,,MEX,90,,8000096,Stuttgart Hbf,Baden-Württemberg,Stuttgart,70173,9.183172973,48.78473069,1,,,2411091555,,,,,,,,,,,0.0,0.0
9120432599921369422-2411091523-1,574,,2411091523,,,ICE,,,8000096,Stuttgart Hbf,Baden-Württemberg,Stuttgart,70173,9.183172973,48.78473069,1,,,2411091528,,h,3,Information,,,,,,,0.0,5.0
-614064001249317400-2411091516-1,50489,,2411091516,,,RE,87,,8000096,Stuttgart Hbf,Baden-Württemberg,Stuttgart,70173,9.183172973,48.78473069,1,,,2411091516,,,,,,,,,,,0.0,0.0
-3387242124464735916-2411091457-9,19229,2411091542,2411091552,16,,MEX,12,Heilbronn Hbf|Nordheim(Württ)|Lauffen(Neckar)|Kirchheim(Neckar)|Walheim(Württ)|Besigheim|Bietigheim-Bissingen|Ludwigsburg,8000096,Stuttgart Hbf,Baden-Württemberg,Stuttgart,70173,9.183172973,48.78473069,1,2411091543,,2411091552,,,,,,,,,,,1.0,0.0
6801328089772232206-2411091414-14,19521,2411091512,,7,,MEX,,Pforzheim Hbf|Eutingen(Baden)|Niefern|Enzberg|Mühlacker|Mühlacker Rößlesweg|Illingen(Württ)|Vaihingen(Enz)|Sersheim|Sachsenheim|Ellental|Bietigheim-Bissingen|Ludwigsburg,8000096,Stuttgart Hbf,Baden-Württemberg,Stuttgart,70173,9.183172973,48.78473069,1,2411091515,,,,h,2,Bauarbeiten,,,,,,,3.0,0.0
7108560216606641199-2411091303-13,4218,2411091520,,11,,RE,,Friedrichshafen Stadt|Meckenbeuren|Ravensburg|Aulendorf|Bad Schussenried|Biberach(Riß)|Laupheim West|Ulm Hbf|Geislingen(Steige)|Göppingen|Plochingen|Esslingen(Neckar),8000096,Stuttgart Hbf,Baden-Württemberg,Stuttgart,70173,9.183172973,48.78473069,1,2411091526,12,,,h,2,Information,,,,,,,6.0,0.0
1774589824052612153-2411091336-22,19323,2411091515,2411091523,13,,MEX,18,Osterburken|Adelsheim Ost|Sennfeld|Roigheim|Möckmühl|Züttlingen|Siglingen|Neudenau|Herbolzheim(Jagst)|Untergriesheim|Bad Friedrichshall Hbf|Neckarsulm|Heilbronn Sülmertor|Heilbronn Hbf|Nordheim(Württ)|Lauffen(Neckar)|Kirchheim(Neckar)|Walheim(Württ)|Besigheim|Bietigheim-Bissingen|Ludwigsburg,8000096,Stuttgart Hbf,Baden-Württemberg,Stuttgart,70173,9.183172973,48.78473069,1,2411091519,,2411091524,,,,,,,,,,,4.0,1.0
-151758991652191415-2411091405-11,19234,2411091508,2411091519,9,,MEX,12,Tübingen Hbf|Reutlingen Hbf|Metzingen(Württ)|Bempflingen|Nürtingen|Oberboihingen|Wendlingen(Neckar)|Plochingen|Esslingen(Neckar)|Stuttgart-Bad Cannstatt,8000096,Stuttgart Hbf,Baden-Württemberg,Stuttgart,70173,9.183172973,48.78473069,1,2411091508,,2411091524,,,,,,,,,,,0.0,5.0
-4327327279162025655-2411091433-13,7641,2411091508,2411091509,4,,S,6,Weil der Stadt|Malmsheim|Renningen|Rutesheim|Leonberg|Höfingen|Ditzingen|Weilimdorf|Korntal|Neuwirtshaus(Porscheplatz)|Stuttgart-Zuffenhausen|Stuttgart-Feuerbach,8005767,Stuttgart Nord,Baden-Württemberg,Stuttgard-Nord,70174,9.188061449,48.80374161,5,2411091508,,2411091509,,,,,,,,,,,0.0,0.0
2172981486547262984-2411091448-13,7939,2411091523,2411091524,4,,S,6,Weil der Stadt|Malmsheim|Renningen|Rutesheim|Leonberg|Höfingen|Ditzingen|Weilimdorf|Korntal|Neuwirtshaus(Porscheplatz)|Stuttgart-Zuffenhausen|Stuttgart-Feuerbach,8005767,Stuttgart Nord,Baden-Württemberg,Stuttgard-Nord,70174,9.188061449,48.80374161,5,2411091525,,2411091525,,,,,,,,,,,2.0,1.0
1934965819197324089-2411091542-5,7642,2411091551,2411091551,3,,S,6,Stuttgart Schwabstr.|Stuttgart Feuersee|Stuttgart Stadtmitte|Stuttgart Hbf (tief),8005767,Stuttgart Nord,Baden-Württemberg,Stuttgard-Nord,70174,9.188061449,48.80374161,5,2411091554,,2411091556,,,,,,,,,,,3.0,5.0
-5444476258917657908-2411091503-13,7643,2411091538,2411091539,4,,S,6,Weil der Stadt|Malmsheim|Renningen|Rutesheim|Leonberg|Höfingen|Ditzingen|Weilimdorf|Korntal|Neuwirtshaus(Porscheplatz)|Stuttgart-Zuffenhausen|Stuttgart-Feuerbach,8005767,Stuttgart Nord,Baden-Württemberg,Stuttgard-Nord,70174,9.188061449,48.80374161,5,2411091538,,2411091539,,,,,,,,,,,0.0,0.0
7143365029900082015-2411091504-17,7041,2411091553,2411091554,4,,S,60,Böblingen|Sindelfingen|Maichingen|Maichingen Nord|Magstadt|Renningen Süd|Renningen|Rutesheim|Leonberg|Höfingen|Ditzingen|Weilimdorf|Korntal|Neuwirtshaus(Porscheplatz)|Stuttgart-Zuffenhausen|Stuttgart-Feuerbach,8005767,Stuttgart Nord,Baden-Württemberg,Stuttgard-Nord,70174,9.188061449,48.80374161,5,2411091553,,2411091555,,,,,,,,,,,0.0,1.0
-1234815948704701360-2411091518-13,7941,2411091553,2411091554,4,,S,6,Weil der Stadt|Malmsheim|Renningen|Rutesheim|Leonberg|Höfingen|Ditzingen|Weilimdorf|Korntal|Neuwirtshaus(Porscheplatz)|Stuttgart-Zuffenhausen|Stuttgart-Feuerbach,8005767,Stuttgart Nord,Baden-Württemberg,Stuttgard-Nord,70174,9.188061449,48.80374161,5,2411091553,,2411091555,,,,,,,,,,,0.0,1.0
8320292137995350256-2411091457-5,7944,2411091506,2411091506,3,,S,6,Stuttgart Schwabstr.|Stuttgart Feuersee|Stuttgart Stadtmitte|Stuttgart Hbf (tief),8005767,Stuttgart Nord,Baden-Württemberg,Stuttgard-Nord,70174,9.188061449,48.80374161,5,2411091509,,2411091510,,,,,,,,,,,3.0,4.0
2922006695511414061-2411091522-5,7542,2411091531,2411091531,3,,S,5,Stuttgart Schwabstr.|Stuttgart Feuersee|Stuttgart Stadtmitte|Stuttgart Hbf (tief),8005767,Stuttgart Nord,Baden-Württemberg,Stuttgard-Nord,70174,9.188061449,48.80374161,5,2411091532,,2411091533,,,,,,,,,,,1.0,2.0
2117167495013711453-2411091455-9,7441,2411091518,2411091519,4,,S,4,Marbach(Neckar)|Benningen(Neckar)|Freiberg(Neckar)|Favoritepark|Ludwigsburg|Kornwestheim Pbf|Stuttgart-Zuffenhausen|Stuttgart-Feuerbach,8005767,Stuttgart Nord,Baden-Württemberg,Stuttgard-Nord,70174,9.188061449,48.80374161,5,2411091521,,2411091522,,,,,,,,,,,3.0,3.0
4172427275351444706-2411091525-9,7443,2411091548,2411091549,4,,S,4,Marbach(Neckar)|Benningen(Neckar)|Freiberg(Neckar)|Favoritepark|Ludwigsburg|Kornwestheim Pbf|Stuttgart-Zuffenhausen|Stuttgart-Feuerbach,8005767,Stuttgart Nord,Baden-Württemberg,Stuttgard-Nord,70174,9.188061449,48.80374161,5,2411091550,,2411091551,,,,,,,,,,,2.0,2.0
-4899815477540796252-2411091507-8,7543,2411091528,2411091529,4,,S,5,Bietigheim-Bissingen|Tamm(Württ)|Asperg|Ludwigsburg|Kornwestheim Pbf|Stuttgart-Zuffenhausen|Stuttgart-Feuerbach,8005767,Stuttgart Nord,Baden-Württemberg,Stuttgard-Nord,70174,9.188061449,48.80374161,5,2411091530,,2411091531,,,,,,,,,,,2.0,2.0
-737632065509960731-2411091502-5,7438,2411091511,2411091511,3,,S,4,Stuttgart Schwabstr.|Stuttgart Feuersee|Stuttgart Stadtmitte|Stuttgart Hbf (tief),8005767,Stuttgart Nord,Baden-Württemberg,Stuttgard-Nord,70174,9.188061449,48.80374161,5,2411091517,,2411091518,,,,,,,,,,,6.0,7.0
2563828640898461556-2411091527-5,7046,2411091536,2411091536,3,,S,60,Stuttgart Schwabstr.|Stuttgart Feuersee|Stuttgart Stadtmitte|Stuttgart Hbf (tief),8005767,Stuttgart Nord,Baden-Württemberg,Stuttgard-Nord,70174,9.188061449,48.80374161,5,2411091537,,2411091537,,,,,,,,,,,1.0,1.0
-8943419019566147367-2411091452-5,7540,2411091501,2411091501,3,,S,5,Stuttgart Schwabstr.|Stuttgart Feuersee|Stuttgart Stadtmitte|Stuttgart Hbf (tief),8005767,Stuttgart Nord,Baden-Württemberg,Stuttgard-Nord,70174,9.188061449,48.80374161,5,2411091501,,2411091502,,,,,,,,,,,0.0,1.0
1497267941418712662-2411091527-5,7946,2411091536,2411091536,3,,S,6,Stuttgart Schwabstr.|Stuttgart Feuersee|Stuttgart Stadtmitte|Stuttgart Hbf (tief),8005767,Stuttgart Nord,Baden-Württemberg,Stuttgard-Nord,70174,9.188061449,48.80374161,5,2411091537,,2411091537,,,,,,,,,,,1.0,1.0
6801304589286144337-2411091537-8,7545,2411091558,2411091559,4,,S,5,Bietigheim-Bissingen|Tamm(Württ)|Asperg|Ludwigsburg|Kornwestheim Pbf|Stuttgart-Zuffenhausen|Stuttgart-Feuerbach,8005767,Stuttgart Nord,Baden-Württemberg,Stuttgard-Nord,70174,9.188061449,48.80374161,5,2411091600,,2411091600,,,,,,,,,,,2.0,1.0
913351823682649731-2411091457-5,7044,2411091506,2411091506,3,,S,60,Stuttgart Schwabstr.|Stuttgart Feuersee|Stuttgart Stadtmitte|Stuttgart Hbf (tief),8005767,Stuttgart Nord,Baden-Württemberg,Stuttgard-Nord,70174,9.188061449,48.80374161,5,2411091509,,2411091510,,,,,,,,,,,3.0,4.0
-3297446366946865783-2411091532-5,7440,2411091541,2411091541,3,,S,4,Stuttgart Schwabstr.|Stuttgart Feuersee|Stuttgart Stadtmitte|Stuttgart Hbf (tief),8005767,Stuttgart Nord,Baden-Württemberg,Stuttgard-Nord,70174,9.188061449,48.80374161,5,2411091542,,2411091543,,,,,,,,,,,1.0,2.0
7026301837444097691-2411091512-5,7640,2411091521,2411091521,3,,S,6,Stuttgart Schwabstr.|Stuttgart Feuersee|Stuttgart Stadtmitte|Stuttgart Hbf (tief),8005767,Stuttgart Nord,Baden-Württemberg,Stuttgard-Nord,70174,9.188061449,48.80374161,5,2411091524,,2411091524,,,,,,,,,,,3.0,3.0
-3747023062711209303-2411091434-17,7039,2411091523,2411091524,4,,S,60,Böblingen|Sindelfingen|Maichingen|Maichingen Nord|Magstadt|Renningen Süd|Renningen|Rutesheim|Leonberg|Höfingen|Ditzingen|Weilimdorf|Korntal|Neuwirtshaus(Porscheplatz)|Stuttgart-Zuffenhausen|Stuttgart-Feuerbach,8005767,Stuttgart Nord,Baden-Württemberg,Stuttgard-Nord,70174,9.188061449,48.80374161,5,2411091525,,2411091525,,,,,,,,,,,2.0,1.0
5269909663185428628-2411091518-14,7342,2411091552,2411091552,4,,S,3,Stuttgart Flughafen/Messe|Echterdingen|Leinfelden|Oberaichen|Stuttgart-Rohr|Stuttgart-Vaihingen|Stuttgart-Österfeld|Stuttgart Universität|Stuttgart Schwabstr.|Stuttgart Feuersee|Stuttgart Stadtmitte|Stuttgart Hbf (tief)|Stuttgart-Bad Cannstatt,8004357,Stuttgart Nürnberger Straße,Baden-Württemberg,Stuttgart,70374,9.234576905,48.80656062,5,2411091556,,2411091556,,,,,,,,,,,4.0,4.0
-3934810304618796517-2411091448-13,7243,2411091517,2411091518,1,,S,2,Schorndorf|Weiler(Rems)|Winterbach(b Schorndorf)|Geradstetten|Grunbach|Beutelsbach|Endersbach|Stetten-Beinstein|Rommelshausen|Waiblingen|Fellbach|Stuttgart-Sommerrain,8004357,Stuttgart Nürnberger Straße,Baden-Württemberg,Stuttgart,70374,9.234576905,48.80656062,5,2411091519,,2411091519,,,,,,,,,,,2.0,1.0
-3574262159782319876-2411091518-13,7245,2411091547,2411091548,1,,S,2,Schorndorf|Weiler(Rems)|Winterbach(b Schorndorf)|Geradstetten|Grunbach|Beutelsbach|Endersbach|Stetten-Beinstein|Rommelshausen|Waiblingen|Fellbach|Stuttgart-Sommerrain,8004357,Stuttgart Nürnberger Straße,Baden-Württemberg,Stuttgart,70374,9.234576905,48.80656062,5,2411091549,,2411091549,,,,,,,,,,,2.0,1.0
-8962126915234620710-2411091441-10,7341,2411091507,2411091508,1,,S,3,Backnang|Maubach|Nellmersbach|Winnenden|Schwaikheim|Neustadt-Hohenacker|Waiblingen|Fellbach|Stuttgart-Sommerrain,8004357,Stuttgart Nürnberger Straße,Baden-Württemberg,Stuttgart,70374,9.234576905,48.80656062,5,2411091508,,2411091508,,,,,,,,,,,1.0,0.0
8277071043988119434-2411091503-15,7240,2411091542,2411091542,4,,S,2,Filderstadt|Stuttgart Flughafen/Messe|Echterdingen|Leinfelden|Oberaichen|Stuttgart-Rohr|Stuttgart-Vaihingen|Stuttgart-Österfeld|Stuttgart Universität|Stuttgart Schwabstr.|Stuttgart Feuersee|Stuttgart Stadtmitte|Stuttgart Hbf (tief)|Stuttgart-Bad Cannstatt,8004357,Stuttgart Nürnberger Straße,Baden-Württemberg,Stuttgart,70374,9.234576905,48.80656062,5,2411091544,,2411091545,,,,,,,,,,,2.0,3.0
-6660169013356802205-2411091433-15,7238,2411091512,2411091512,4,,S,2,Filderstadt|Stuttgart Flughafen/Messe|Echterdingen|Leinfelden|Oberaichen|Stuttgart-Rohr|Stuttgart-Vaihingen|Stuttgart-Österfeld|Stuttgart Universität|Stuttgart Schwabstr.|Stuttgart Feuersee|Stuttgart Stadtmitte|Stuttgart Hbf (tief)|Stuttgart-Bad Cannstatt,8004357,Stuttgart Nürnberger Straße,Baden-Württemberg,Stuttgart,70374,9.234576905,48.80656062,5,2411091519,,2411091519,,,,,,,,,,,7.0,7.0
-6269570380150531111-2411091448-14,7340,2411091522,2411091522,4,,S,3,Stuttgart Flughafen/Messe|Echterdingen|Leinfelden|Oberaichen|Stuttgart-Rohr|Stuttgart-Vaihingen|Stuttgart-Österfeld|Stuttgart Universität|Stuttgart Schwabstr.|Stuttgart Feuersee|Stuttgart Stadtmitte|Stuttgart Hbf (tief)|Stuttgart-Bad Cannstatt,8004357,Stuttgart Nürnberger Straße,Baden-Württemberg,Stuttgart,70374,9.234576905,48.80656062,5,2411091523,,2411091524,,,,,,,,,,,1.0,2.0
-7289711712054290115-2411091511-10,7343,2411091537,2411091538,1,,S,3,Backnang|Maubach|Nellmersbach|Winnenden|Schwaikheim|Neustadt-Hohenacker|Waiblingen|Fellbach|Stuttgart-Sommerrain,8004357,Stuttgart Nürnberger Straße,Baden-Württemberg,Stuttgart,70374,9.234576905,48.80656062,5,2411091537,,2411091538,,,,,,,,,,,0.0,0.0
-5395300073796226591-2411091516-10,7144,2411091542,2411091542,2,,S,1,Herrenberg|Nufringen|Gärtringen|Ehningen(b Böblingen)|Hulb|Böblingen|Goldberg(Württ)|Stuttgart-Rohr|Stuttgart-Vaihingen,8005779,Stuttgart Österfeld,Baden-Württemberg,Stuttgart,70563,9.116751457,48.73749946,4,2411091543,,2411091543,,h,2,Bauarbeiten,,,,,,,1.0,1.0
-5955272615429035569-2411091418-20,7241,2411091507,2411091507,1,,S,2,Schorndorf|Weiler(Rems)|Winterbach(b Schorndorf)|Geradstetten|Grunbach|Beutelsbach|Endersbach|Stetten-Beinstein|Rommelshausen|Waiblingen|Fellbach|Stuttgart-Sommerrain|Stuttgart Nürnberger Str.|Stuttgart-Bad Cannstatt|Stuttgart Hbf (tief)|Stuttgart Stadtmitte|Stuttgart Feuersee|Stuttgart Schwabstr.|Stuttgart Universität,8005779,Stuttgart Österfeld,Baden-Württemberg,Stuttgart,70563,9.116751457,48.73749946,4,2411091510,,2411091510,,,,,,,,,,,3.0,3.0
5269909663185428628-2411091518-7,7342,2411091532,2411091532,2,,S,3,Stuttgart Flughafen/Messe|Echterdingen|Leinfelden|Oberaichen|Stuttgart-Rohr|Stuttgart-Vaihingen,8005779,Stuttgart Österfeld,Baden-Württemberg,Stuttgart,70563,9.116751457,48.73749946,4,2411091535,,2411091535,,,,,,,,,,,3.0,3.0
-3934810304618796517-2411091448-20,7243,2411091537,2411091537,1,,S,2,Schorndorf|Weiler(Rems)|Winterbach(b Schorndorf)|Geradstetten|Grunbach|Beutelsbach|Endersbach|Stetten-Beinstein|Rommelshausen|Waiblingen|Fellbach|Stuttgart-Sommerrain|Stuttgart Nürnberger Str.|Stuttgart-Bad Cannstatt|Stuttgart Hbf (tief)|Stuttgart Stadtmitte|Stuttgart Feuersee|Stuttgart Schwabstr.|Stuttgart Universität,8005779,Stuttgart Österfeld,Baden-Württemberg,Stuttgart,70563,9.116751457,48.73749946,4,2411091541,,2411091541,,,,,,,,,,,4.0,4.0
7236638317671658556-2411091420-17,7141,2411091517,2411091517,1,,S,1,Kirchheim(Teck)|Kirchheim(Teck)-Ötlingen|Wendlingen(Neckar)|Wernau(Neckar)|Plochingen|Altbach|Esslingen-Zell|Oberesslingen|Esslingen(Neckar)|Esslingen-Mettingen|Stuttgart-Bad Cannstatt|Stuttgart Hbf (tief)|Stuttgart Stadtmitte|Stuttgart Feuersee|Stuttgart Schwabstr.|Stuttgart Universität,8005779,Stuttgart Österfeld,Baden-Württemberg,Stuttgart,70563,9.116751457,48.73749946,4,2411091518,,2411091518,,h,2,Bauarbeiten,,,,,,,1.0,1.0
-8962126915234620710-2411091441-17,7341,2411091527,2411091527,1,,S,3,Backnang|Maubach|Nellmersbach|Winnenden|Schwaikheim|Neustadt-Hohenacker|Waiblingen|Fellbach|Stuttgart-Sommerrain|Stuttgart Nürnberger Str.|Stuttgart-Bad Cannstatt|Stuttgart Hbf (tief)|Stuttgart Stadtmitte|Stuttgart Feuersee|Stuttgart Schwabstr.|Stuttgart Universität,8005779,Stuttgart Österfeld,Baden-Württemberg,Stuttgart,70563,9.116751457,48.73749946,4,2411091528,,2411091528,,,,,,,,,,,1.0,1.0
8277071043988119434-2411091503-8,7240,2411091522,2411091522,2,,S,2,Filderstadt|Stuttgart Flughafen/Messe|Echterdingen|Leinfelden|Oberaichen|Stuttgart-Rohr|Stuttgart-Vaihingen,8005779,Stuttgart Österfeld,Baden-Württemberg,Stuttgart,70563,9.116751457,48.73749946,4,2411091522,,2411091523,,,,,,,,,,,0.0,1.0
-6269570380150531111-2411091448-7,7340,2411091502,2411091502,2,,S,3,Stuttgart Flughafen/Messe|Echterdingen|Leinfelden|Oberaichen|Stuttgart-Rohr|Stuttgart-Vaihingen,8005779,Stuttgart Österfeld,Baden-Württemberg,Stuttgart,70563,9.116751457,48.73749946,4,2411091502,,2411091503,,,,,,,,,,,0.0,1.0
-6016587106580251117-2411091533-8,7242,2411091552,2411091552,2,,S,2,Filderstadt|Stuttgart Flughafen/Messe|Echterdingen|Leinfelden|Oberaichen|Stuttgart-Rohr|Stuttgart-Vaihingen,8005779,Stuttgart Österfeld,Baden-Württemberg,Stuttgart,70563,9.116751457,48.73749946,4,2411091551,,2411091552,,,,,,,,,,,-1.0,0.0
-275229670537218485-2411091450-17,7143,2411091547,2411091547,1,,S,1,Kirchheim(Teck)|Kirchheim(Teck)-Ötlingen|Wendlingen(Neckar)|Wernau(Neckar)|Plochingen|Altbach|Esslingen-Zell|Oberesslingen|Esslingen(Neckar)|Esslingen-Mettingen|Stuttgart-Bad Cannstatt|Stuttgart Hbf (tief)|Stuttgart Stadtmitte|Stuttgart Feuersee|Stuttgart Schwabstr.|Stuttgart Universität,8005779,Stuttgart Österfeld,Baden-Württemberg,Stuttgart,70563,9.116751457,48.73749946,4,2411091548,,2411091549,,h,2,Bauarbeiten,,,,,,,1.0,2.0
-7289711712054290115-2411091511-17,7343,2411091557,2411091557,1,,S,3,Backnang|Maubach|Nellmersbach|Winnenden|Schwaikheim|Neustadt-Hohenacker|Waiblingen|Fellbach|Stuttgart-Sommerrain|Stuttgart Nürnberger Str.|Stuttgart-Bad Cannstatt|Stuttgart Hbf (tief)|Stuttgart Stadtmitte|Stuttgart Feuersee|Stuttgart Schwabstr.|Stuttgart Universität,8005779,Stuttgart Österfeld,Baden-Württemberg,Stuttgart,70563,9.116751457,48.73749946,4,2411091557,,2411091558,,,,,,,,,,,0.0,1.0
-5362237697829977230-2411091446-10,7142,2411091512,2411091512,2,,S,1,Herrenberg|Nufringen|Gärtringen|Ehningen(b Böblingen)|Hulb|Böblingen|Goldberg(Württ)|Stuttgart-Rohr|Stuttgart-Vaihingen,8005779,Stuttgart Österfeld,Baden-Württemberg,Stuttgart,70563,9.116751457,48.73749946,4,2411091512,,2411091512,,h,2,Bauarbeiten,,,,,,,0.0,0.0
-5395300073796226591-2411091516-11,7144,2411091544,2411091544,2,,S,1,Herrenberg|Nufringen|Gärtringen|Ehningen(b Böblingen)|Hulb|Böblingen|Goldberg(Württ)|Stuttgart-Rohr|Stuttgart-Vaihingen|Stuttgart-Österfeld,8006513,Stuttgart Universität,Baden-Württemberg,Stuttgart,70569,9.105864214,48.74511762,4,2411091545,,2411091545,,h,2,Bauarbeiten,,,,,,,1.0,1.0
-5955272615429035569-2411091418-19,7241,2411091505,2411091505,1,,S,2,Schorndorf|Weiler(Rems)|Winterbach(b Schorndorf)|Geradstetten|Grunbach|Beutelsbach|Endersbach|Stetten-Beinstein|Rommelshausen|Waiblingen|Fellbach|Stuttgart-Sommerrain|Stuttgart Nürnberger Str.|Stuttgart-Bad Cannstatt|Stuttgart Hbf (tief)|Stuttgart Stadtmitte|Stuttgart Feuersee|Stuttgart Schwabstr.,8006513,Stuttgart Universität,Baden-Württemberg,Stuttgart,70569,9.105864214,48.74511762,4,2411091508,,2411091508,,,,,,,,,,,3.0,3.0
5269909663185428628-2411091518-8,7342,2411091534,2411091534,2,,S,3,Stuttgart Flughafen/Messe|Echterdingen|Leinfelden|Oberaichen|Stuttgart-Rohr|Stuttgart-Vaihingen|Stuttgart-Österfeld,8006513,Stuttgart Universität,Baden-Württemberg,Stuttgart,70569,9.105864214,48.74511762,4,2411091537,,2411091537,,,,,,,,,,,3.0,3.0
-3934810304618796517-2411091448-19,7243,2411091535,2411091535,1,,S,2,Schorndorf|Weiler(Rems)|Winterbach(b Schorndorf)|Geradstetten|Grunbach|Beutelsbach|Endersbach|Stetten-Beinstein|Rommelshausen|Waiblingen|Fellbach|Stuttgart-Sommerrain|Stuttgart Nürnberger Str.|Stuttgart-Bad Cannstatt|Stuttgart Hbf (tief)|Stuttgart Stadtmitte|Stuttgart Feuersee|Stuttgart Schwabstr.,8006513,Stuttgart Universität,Baden-Württemberg,Stuttgart,70569,9.105864214,48.74511762,4,2411091539,,2411091540,,,,,,,,,,,4.0,5.0
7236638317671658556-2411091420-16,7141,2411091515,2411091515,1,,S,1,Kirchheim(Teck)|Kirchheim(Teck)-Ötlingen|Wendlingen(Neckar)|Wernau(Neckar)|Plochingen|Altbach|Esslingen-Zell|Oberesslingen|Esslingen(Neckar)|Esslingen-Mettingen|Stuttgart-Bad Cannstatt|Stuttgart Hbf (tief)|Stuttgart Stadtmitte|Stuttgart Feuersee|Stuttgart Schwabstr.,8006513,Stuttgart Universität,Baden-Württemberg,Stuttgart,70569,9.105864214,48.74511762,4,2411091515,,2411091516,,h,2,Bauarbeiten,,,,,,,0.0,1.0
-8962126915234620710-2411091441-16,7341,2411091525,2411091525,1,,S,3,Backnang|Maubach|Nellmersbach|Winnenden|Schwaikheim|Neustadt-Hohenacker|Waiblingen|Fellbach|Stuttgart-Sommerrain|Stuttgart Nürnberger Str.|Stuttgart-Bad Cannstatt|Stuttgart Hbf (tief)|Stuttgart Stadtmitte|Stuttgart Feuersee|Stuttgart Schwabstr.,8006513,Stuttgart Universität,Baden-Württemberg,Stuttgart,70569,9.105864214,48.74511762,4,2411091526,,2411091527,,,,,,,,,,,1.0,2.0
8277071043988119434-2411091503-9,7240,2411091524,2411091524,2,,S,2,Filderstadt|Stuttgart Flughafen/Messe|Echterdingen|Leinfelden|Oberaichen|Stuttgart-Rohr|Stuttgart-Vaihingen|Stuttgart-Österfeld,8006513,Stuttgart Universität,Baden-Württemberg,Stuttgart,70569,9.105864214,48.74511762,4,2411091524,,2411091526,,,,,,,,,,,0.0,2.0
-6269570380150531111-2411091448-8,7340,2411091504,2411091504,2,,S,3,Stuttgart Flughafen/Messe|Echterdingen|Leinfelden|Oberaichen|Stuttgart-Rohr|Stuttgart-Vaihingen|Stuttgart-Österfeld,8006513,Stuttgart Universität,Baden-Württemberg,Stuttgart,70569,9.105864214,48.74511762,4,2411091504,,2411091504,,,,,,,,,,,0.0,0.0
-6016587106580251117-2411091533-9,7242,2411091554,2411091554,2,,S,2,Filderstadt|Stuttgart Flughafen/Messe|Echterdingen|Leinfelden|Oberaichen|Stuttgart-Rohr|Stuttgart-Vaihingen|Stuttgart-Österfeld,8006513,Stuttgart Universität,Baden-Württemberg,Stuttgart,70569,9.105864214,48.74511762,4,2411091553,,2411091554,,,,,,,,,,,-1.0,0.0
-275229670537218485-2411091450-16,7143,2411091545,2411091545,1,,S,1,Kirchheim(Teck)|Kirchheim(Teck)-Ötlingen|Wendlingen(Neckar)|Wernau(Neckar)|Plochingen|Altbach|Esslingen-Zell|Oberesslingen|Esslingen(Neckar)|Esslingen-Mettingen|Stuttgart-Bad Cannstatt|Stuttgart Hbf (tief)|Stuttgart Stadtmitte|Stuttgart Feuersee|Stuttgart Schwabstr.,8006513,Stuttgart Universität,Baden-Württemberg,Stuttgart,70569,9.105864214,48.74511762,4,2411091546,,2411091547,,h,2,Bauarbeiten,,,,,,,1.0,2.0
-7289711712054290115-2411091511-16,7343,2411091555,2411091555,1,,S,3,Backnang|Maubach|Nellmersbach|Winnenden|Schwaikheim|Neustadt-Hohenacker|Waiblingen|Fellbach|Stuttgart-Sommerrain|Stuttgart Nürnberger Str.|Stuttgart-Bad Cannstatt|Stuttgart Hbf (tief)|Stuttgart Stadtmitte|Stuttgart Feuersee|Stuttgart Schwabstr.,8006513,Stuttgart Universität,Baden-Württemberg,Stuttgart,70569,9.105864214,48.74511762,4,2411091555,,2411091556,,,,,,,,,,,0.0,1.0
-5362237697829977230-2411091446-11,7142,2411091514,2411091514,2,,S,1,Herrenberg|Nufringen|Gärtringen|Ehningen(b Böblingen)|Hulb|Böblingen|Goldberg(Württ)|Stuttgart-Rohr|Stuttgart-Vaihingen|Stuttgart-Österfeld,8006513,Stuttgart Universität,Baden-Württemberg,Stuttgart,70569,9.105864214,48.74511762,4,2411091513,,2411091514,,h,2,Bauarbeiten,,,,,,,-1.0,0.0
-5395300073796226591-2411091516-16,7144,2411091559,2411091559,3,,S,1,Herrenberg|Nufringen|Gärtringen|Ehningen(b Böblingen)|Hulb|Böblingen|Goldberg(Württ)|Stuttgart-Rohr|Stuttgart-Vaihingen|Stuttgart-Österfeld|Stuttgart Universität|Stuttgart Schwabstr.|Stuttgart Feuersee|Stuttgart Stadtmitte|Stuttgart Hbf (tief),8005769,Stuttgart-Bad Cannstatt,Baden-Württemberg,Stuttgart,70372,9.217468636,48.80127978,3,2411091601,,2411091602,,h,2,Bauarbeiten,,,,,,,2.0,3.0
-4400107617632202503-2411091542-2,19153,2411091545,2411091546,8,,MEX,16,Stuttgart Hbf,8005769,Stuttgart-Bad Cannstatt,Baden-Württemberg,Stuttgart,70372,9.217468636,48.80127978,3,2411091546,,2411091547,,,,,,,,,,,1.0,1.0
-5344957365428715329-2411091407-11,56706,2411091505,2411091505,6,,MEX,13,Aalen Hbf|Mögglingen(Gmünd)|Böbingen(Rems)|Schwäbisch Gmünd|Lorch(Württ)|Waldhausen(b Schorndorf)|Plüderhausen|Urbach(b Schorndorf)|Schorndorf|Waiblingen,8005769,Stuttgart-Bad Cannstatt,Baden-Württemberg,Stuttgart,70372,9.217468636,48.80127978,3,2411091505,,2411091509,,,,,,,,,,,0.0,4.0
1440578681846930036-2411091520-2,19473,2411091524,2411091525,7,,MEX,13,Stuttgart Hbf,8005769,Stuttgart-Bad Cannstatt,Baden-Württemberg,Stuttgart,70372,9.217468636,48.80127978,3,2411091525,,2411091526,,,,,,,,,,,1.0,1.0
-5993523953222747049-2411091352-19,19474,2411091535,2411091535,6,,MEX,13,Crailsheim|Jagstzell|Ellwangen|Schrezheim|Schwabsberg|Goldshöfe|Hofen(b Aalen)|Wasseralfingen|Aalen Hbf|Mögglingen(Gmünd)|Böbingen(Rems)|Schwäbisch Gmünd|Lorch(Württ)|Waldhausen(b Schorndorf)|Plüderhausen|Urbach(b Schorndorf)|Schorndorf|Waiblingen,8005769,Stuttgart-Bad Cannstatt,Baden-Württemberg,Stuttgart,70372,9.217468636,48.80127978,3,2411091535,,2411091536,,,,,,,,,,,0.0,1.0
4072156939518414703-2411091433-8,19322,2411091524,2411091525,5,,MEX,18,Tübingen Hbf|Reutlingen Hbf|Metzingen(Württ)|Nürtingen|Wendlingen(Neckar)|Plochingen|Esslingen(Neckar),8005769,Stuttgart-Bad Cannstatt,Baden-Württemberg,Stuttgart,70372,9.217468636,48.80127978,3,2411091528,,2411091530,,,,,,,,,,,4.0,5.0
-8261116078888715749-2411091456-2,88621,2411091459,2411091501,7,,RE,90,Stuttgart Hbf,8005769,Stuttgart-Bad Cannstatt,Baden-Württemberg,Stuttgart,70372,9.217468636,48.80127978,3,2411091501,,2411091502,,,,,,,,,,,2.0,1.0
-7424799054836767456-2411091344-21,19148,2411091512,2411091513,5,,MEX,16,Ulm Hbf|Beimerstetten|Westerstetten|Lonsee|Urspring|Amstetten(Württ)|Geislingen(Steige)|Geislingen(Steige)West|Kuchen|Gingen(Fils)|Süßen|Salach|Eislingen(Fils)|Göppingen|Faurndau|Uhingen|Ebersbach(Fils)|Reichenbach(Fils)|Plochingen|Esslingen(Neckar),8005769,Stuttgart-Bad Cannstatt,Baden-Württemberg,Stuttgart,70372,9.217468636,48.80127978,3,2411091512,,2411091513,,,,,,,,,,,0.0,0.0
8171908561727237859-2411091433-10,17540,2411091528,2411091528,6,,MEX,19,Gaildorf West|Fichtenberg|Fornsbach|Murrhardt|Sulzbach(Murr)|Oppenweiler(Württ)|Backnang|Winnenden|Waiblingen,8005769,Stuttgart-Bad Cannstatt,Baden-Württemberg,Stuttgart,70372,9.217468636,48.80127978,3,2411091531,,2411091532,,c,,,,,,,,,3.0,4.0
5269909663185428628-2411091518-13,7342,2411091549,2411091549,3,,S,3,Stuttgart Flughafen/Messe|Echterdingen|Leinfelden|Oberaichen|Stuttgart-Rohr|Stuttgart-Vaihingen|Stuttgart-Österfeld|Stuttgart Universität|Stuttgart Schwabstr.|Stuttgart Feuersee|Stuttgart Stadtmitte|Stuttgart Hbf (tief),8005769,Stuttgart-Bad Cannstatt,Baden-Württemberg,Stuttgart,70372,9.217468636,48.80127978,3,2411091552,,2411091553,,,,,,,,,,,3.0,4.0
7211977659689692913-2411091503-9,17542,2411091558,2411091558,2,,MEX,90,Schwäbisch Hall-Hessental|Gaildorf West|Murrhardt|Sulzbach(Murr)|Oppenweiler(Württ)|Backnang|Winnenden|Waiblingen,8005769,Stuttgart-Bad Cannstatt,Baden-Württemberg,Stuttgart,70372,9.217468636,48.80127978,3,2411091605,,2411091606,,c,,,,,,,,,7.0,8.0
1465008520951935449-2411091547-2,56711,2411091550,2411091552,7,,MEX,13,Stuttgart Hbf,8005769,Stuttgart-Bad Cannstatt,Baden-Württemberg,Stuttgart,70372,9.217468636,48.80127978,3,2411091551,,2411091552,,,,,,,,,,,1.0,0.0
-6038487735114022939-2411091526-2,17535,2411091529,2411091530,7,,MEX,19,Stuttgart Hbf,8005769,Stuttgart-Bad Cannstatt,Baden-Württemberg,Stuttgart,70372,9.217468636,48.80127978,3,2411091530,,2411091531,,c,,,,,,,,,1.0,1.0
-3934810304618796517-2411091448-14,7243,2411091520,2411091521,2,,S,2,Schorndorf|Weiler(Rems)|Winterbach(b Schorndorf)|Geradstetten|Grunbach|Beutelsbach|Endersbach|Stetten-Beinstein|Rommelshausen|Waiblingen|Fellbach|Stuttgart-Sommerrain|Stuttgart Nürnberger Str.,8005769,Stuttgart-Bad Cannstatt,Baden-Württemberg,Stuttgart,70372,9.217468636,48.80127978,3,2411091522,,2411091522,,,,,,,,,,,2.0,1.0
-3574262159782319876-2411091518-14,7245,2411091550,2411091551,2,,S,2,Schorndorf|Weiler(Rems)|Winterbach(b Schorndorf)|Geradstetten|Grunbach|Beutelsbach|Endersbach|Stetten-Beinstein|Rommelshausen|Waiblingen|Fellbach|Stuttgart-Sommerrain|Stuttgart Nürnberger Str.,8005769,Stuttgart-Bad Cannstatt,Baden-Württemberg,Stuttgart,70372,9.217468636,48.80127978,3,2411091552,,2411091553,,,,,,,,,,,2.0,2.0
-6942653182489293991-2411091234-20,26784,2411091501,2411091502,6,,RE,90,Nürnberg Hbf|Roßtal|Heilsbronn|Wicklesgreuth|Ansbach|Leutershausen-Wiedersbach|Dombühl|Schnelldorf|Crailsheim|Eckartshausen-Ilshofen|Schwäbisch Hall-Hessental|Gaildorf West|Fichtenberg|Murrhardt|Sulzbach(Murr)|Oppenweiler(Württ)|Backnang|Winnenden|Waiblingen,8005769,Stuttgart-Bad Cannstatt,Baden-Württemberg,Stuttgart,70372,9.217468636,48.80127978,3,2411091500,,2411091501,,h,3,Information,,,,,,,-1.0,-1.0
7236638317671658556-2411091420-11,7141,2411091500,2411091501,2,,S,1,Kirchheim(Teck)|Kirchheim(Teck)-Ötlingen|Wendlingen(Neckar)|Wernau(Neckar)|Plochingen|Altbach|Esslingen-Zell|Oberesslingen|Esslingen(Neckar)|Esslingen-Mettingen,8005769,Stuttgart-Bad Cannstatt,Baden-Württemberg,Stuttgart,70372,9.217468636,48.80127978,3,2411091500,,2411091501,,h,2,Bauarbeiten,,,,,,,0.0,0.0
7486625193269981695-2411091555-2,17539,2411091558,2411091600,7,,MEX,90,Stuttgart Hbf,8005769,Stuttgart-Bad Cannstatt,Baden-Württemberg,Stuttgart,70372,9.217468636,48.80127978,3,2411091558,,2411091600,,,,,,,,,,,0.0,0.0
-8962126915234620710-2411091441-11,7341,2411091510,2411091511,2,,S,3,Backnang|Maubach|Nellmersbach|Winnenden|Schwaikheim|Neustadt-Hohenacker|Waiblingen|Fellbach|Stuttgart-Sommerrain|Stuttgart Nürnberger Str.,8005769,Stuttgart-Bad Cannstatt,Baden-Württemberg,Stuttgart,70372,9.217468636,48.80127978,3,2411091511,,2411091513,,,,,,,,,,,1.0,2.0
8277071043988119434-2411091503-14,7240,2411091539,2411091539,3,,S,2,Filderstadt|Stuttgart Flughafen/Messe|Echterdingen|Leinfelden|Oberaichen|Stuttgart-Rohr|Stuttgart-Vaihingen|Stuttgart-Österfeld|Stuttgart Universität|Stuttgart Schwabstr.|Stuttgart Feuersee|Stuttgart Stadtmitte|Stuttgart Hbf (tief),8005769,Stuttgart-Bad Cannstatt,Baden-Württemberg,Stuttgart,70372,9.217468636,48.80127978,3,2411091541,,2411091542,,,,,,,,,,,2.0,3.0
-6660169013356802205-2411091433-14,7238,2411091509,2411091509,3,,S,2,Filderstadt|Stuttgart Flughafen/Messe|Echterdingen|Leinfelden|Oberaichen|Stuttgart-Rohr|Stuttgart-Vaihingen|Stuttgart-Österfeld|Stuttgart Universität|Stuttgart Schwabstr.|Stuttgart Feuersee|Stuttgart Stadtmitte|Stuttgart Hbf (tief),8005769,Stuttgart-Bad Cannstatt,Baden-Württemberg,Stuttgart,70372,9.217468636,48.80127978,3,2411091516,,2411091516,,,,,,,,,,,7.0,7.0
-6269570380150531111-2411091448-13,7340,2411091519,2411091519,3,,S,3,Stuttgart Flughafen/Messe|Echterdingen|Leinfelden|Oberaichen|Stuttgart-Rohr|Stuttgart-Vaihingen|Stuttgart-Österfeld|Stuttgart Universität|Stuttgart Schwabstr.|Stuttgart Feuersee|Stuttgart Stadtmitte|Stuttgart Hbf (tief),8005769,Stuttgart-Bad Cannstatt,Baden-Württemberg,Stuttgart,70372,9.217468636,48.80127978,3,2411091520,,2411091521,,,,,,,,,,,1.0,2.0
-3387242124464735916-2411091457-10,19229,2411091555,2411091556,8,,MEX,12,Heilbronn Hbf|Nordheim(Württ)|Lauffen(Neckar)|Kirchheim(Neckar)|Walheim(Württ)|Besigheim|Bietigheim-Bissingen|Ludwigsburg|Stuttgart Hbf,8005769,Stuttgart-Bad Cannstatt,Baden-Württemberg,Stuttgart,70372,9.217468636,48.80127978,3,2411091556,,2411091557,,,,,,,,,,,1.0,1.0
-275229670537218485-2411091450-11,7143,2411091530,2411091531,2,,S,1,Kirchheim(Teck)|Kirchheim(Teck)-Ötlingen|Wendlingen(Neckar)|Wernau(Neckar)|Plochingen|Altbach|Esslingen-Zell|Oberesslingen|Esslingen(Neckar)|Esslingen-Mettingen,8005769,Stuttgart-Bad Cannstatt,Baden-Württemberg,Stuttgart,70372,9.217468636,48.80127978,3,2411091532,,2411091533,,h,2,Bauarbeiten,,,,,,,2.0,2.0
1774589824052612153-2411091336-23,19323,2411091527,2411091527,8,,MEX,18,Osterburken|Adelsheim Ost|Sennfeld|Roigheim|Möckmühl|Züttlingen|Siglingen|Neudenau|Herbolzheim(Jagst)|Untergriesheim|Bad Friedrichshall Hbf|Neckarsulm|Heilbronn Sülmertor|Heilbronn Hbf|Nordheim(Württ)|Lauffen(Neckar)|Kirchheim(Neckar)|Walheim(Württ)|Besigheim|Bietigheim-Bissingen|Ludwigsburg|Stuttgart Hbf,8005769,Stuttgart-Bad Cannstatt,Baden-Württemberg,Stuttgart,70372,9.217468636,48.80127978,3,2411091528,,2411091530,,,,,,,,,,,1.0,3.0
-151758991652191415-2411091405-10,19234,2411091503,2411091504,5,,MEX,12,Tübingen Hbf|Reutlingen Hbf|Metzingen(Württ)|Bempflingen|Nürtingen|Oberboihingen|Wendlingen(Neckar)|Plochingen|Esslingen(Neckar),8005769,Stuttgart-Bad Cannstatt,Baden-Württemberg,Stuttgart,70372,9.217468636,48.80127978,3,2411091503,5,2411091505,5,,,,,,,,,,0.0,1.0
-7289711712054290115-2411091511-11,7343,2411091540,2411091541,2,,S,3,Backnang|Maubach|Nellmersbach|Winnenden|Schwaikheim|Neustadt-Hohenacker|Waiblingen|Fellbach|Stuttgart-Sommerrain|Stuttgart Nürnberger Str.,8005769,Stuttgart-Bad Cannstatt,Baden-Württemberg,Stuttgart,70372,9.217468636,48.80127978,3,2411091541,,2411091541,,,,,,,,,,,1.0,0.0
-5362237697829977230-2411091446-16,7142,2411091529,2411091529,3,,S,1,Herrenberg|Nufringen|Gärtringen|Ehningen(b Böblingen)|Hulb|Böblingen|Goldberg(Württ)|Stuttgart-Rohr|Stuttgart-Vaihingen|Stuttgart-Österfeld|Stuttgart Universität|Stuttgart Schwabstr.|Stuttgart Feuersee|Stuttgart Stadtmitte|Stuttgart Hbf (tief),8005769,Stuttgart-Bad Cannstatt,Baden-Württemberg,Stuttgart,70372,9.217468636,48.80127978,3,2411091528,,2411091529,,h,2,Bauarbeiten,,,,,,,-1.0,0.0
-4327327279162025655-2411091433-12,7641,2411091506,2411091506,1,,S,6,Weil der Stadt|Malmsheim|Renningen|Rutesheim|Leonberg|Höfingen|Ditzingen|Weilimdorf|Korntal|Neuwirtshaus(Porscheplatz)|Stuttgart-Zuffenhausen,8005770,Stuttgart-Feuerbach,Baden-Württemberg,Feuerbach,70469,9.169186287,48.81363554,3,2411091506,,2411091506,,,,,,,,,,,0.0,0.0
2172981486547262984-2411091448-12,7939,2411091521,2411091521,1,,S,6,Weil der Stadt|Malmsheim|Renningen|Rutesheim|Leonberg|Höfingen|Ditzingen|Weilimdorf|Korntal|Neuwirtshaus(Porscheplatz)|Stuttgart-Zuffenhausen,8005770,Stuttgart-Feuerbach,Baden-Württemberg,Feuerbach,70469,9.169186287,48.81363554,3,2411091522,,2411091522,,,,,,,,,,,1.0,1.0
1934965819197324089-2411091542-6,7642,2411091553,2411091554,2,,S,6,Stuttgart Schwabstr.|Stuttgart Feuersee|Stuttgart Stadtmitte|Stuttgart Hbf (tief)|Stuttgart Nord,8005770,Stuttgart-Feuerbach,Baden-Württemberg,Feuerbach,70469,9.169186287,48.81363554,3,2411091557,,2411091557,,,,,,,,,,,4.0,3.0
-5444476258917657908-2411091503-12,7643,2411091536,2411091536,1,,S,6,Weil der Stadt|Malmsheim|Renningen|Rutesheim|Leonberg|Höfingen|Ditzingen|Weilimdorf|Korntal|Neuwirtshaus(Porscheplatz)|Stuttgart-Zuffenhausen,8005770,Stuttgart-Feuerbach,Baden-Württemberg,Feuerbach,70469,9.169186287,48.81363554,3,2411091536,,2411091536,,,,,,,,,,,0.0,0.0
7143365029900082015-2411091504-16,7041,2411091551,2411091551,1,,S,60,Böblingen|Sindelfingen|Maichingen|Maichingen Nord|Magstadt|Renningen Süd|Renningen|Rutesheim|Leonberg|Höfingen|Ditzingen|Weilimdorf|Korntal|Neuwirtshaus(Porscheplatz)|Stuttgart-Zuffenhausen,8005770,Stuttgart-Feuerbach,Baden-Württemberg,Feuerbach,70469,9.169186287,48.81363554,3,2411091551,,2411091551,,,,,,,,,,,0.0,0.0
-1234815948704701360-2411091518-12,7941,2411091551,2411091551,1,,S,6,Weil der Stadt|Malmsheim|Renningen|Rutesheim|Leonberg|Höfingen|Ditzingen|Weilimdorf|Korntal|Neuwirtshaus(Porscheplatz)|Stuttgart-Zuffenhausen,8005770,Stuttgart-Feuerbach,Baden-Württemberg,Feuerbach,70469,9.169186287,48.81363554,3,2411091551,,2411091551,,,,,,,,,,,0.0,0.0
8320292137995350256-2411091457-6,7944,2411091508,2411091509,2,,S,6,Stuttgart Schwabstr.|Stuttgart Feuersee|Stuttgart Stadtmitte|Stuttgart Hbf (tief)|Stuttgart Nord,8005770,Stuttgart-Feuerbach,Baden-Württemberg,Feuerbach,70469,9.169186287,48.81363554,3,2411091511,,2411091512,,,,,,,,,,,3.0,3.0
2922006695511414061-2411091522-6,7542,2411091533,2411091534,2,,S,5,Stuttgart Schwabstr.|Stuttgart Feuersee|Stuttgart Stadtmitte|Stuttgart Hbf (tief)|Stuttgart Nord,8005770,Stuttgart-Feuerbach,Baden-Württemberg,Feuerbach,70469,9.169186287,48.81363554,3,2411091534,,2411091534,,,,,,,,,,,1.0,0.0
2117167495013711453-2411091455-8,7441,2411091516,2411091516,1,,S,4,Marbach(Neckar)|Benningen(Neckar)|Freiberg(Neckar)|Favoritepark|Ludwigsburg|Kornwestheim Pbf|Stuttgart-Zuffenhausen,8005770,Stuttgart-Feuerbach,Baden-Württemberg,Feuerbach,70469,9.169186287,48.81363554,3,2411091519,,2411091519,,,,,,,,,,,3.0,3.0
4172427275351444706-2411091525-8,7443,2411091546,2411091546,1,,S,4,Marbach(Neckar)|Benningen(Neckar)|Freiberg(Neckar)|Favoritepark|Ludwigsburg|Kornwestheim Pbf|Stuttgart-Zuffenhausen,8005770,Stuttgart-Feuerbach,Baden-Württemberg,Feuerbach,70469,9.169186287,48.81363554,3,2411091548,,2411091548,,,,,,,,,,,2.0,2.0
-4899815477540796252-2411091507-7,7543,2411091526,2411091526,1,,S,5,Bietigheim-Bissingen|Tamm(Württ)|Asperg|Ludwigsburg|Kornwestheim Pbf|Stuttgart-Zuffenhausen,8005770,Stuttgart-Feuerbach,Baden-Württemberg,Feuerbach,70469,9.169186287,48.81363554,3,2411091528,,2411091528,,,,,,,,,,,2.0,2.0
-737632065509960731-2411091502-6,7438,2411091513,2411091514,2,,S,4,Stuttgart Schwabstr.|Stuttgart Feuersee|Stuttgart Stadtmitte|Stuttgart Hbf (tief)|Stuttgart Nord,8005770,Stuttgart-Feuerbach,Baden-Württemberg,Feuerbach,70469,9.169186287,48.81363554,3,2411091520,,2411091521,,,,,,,,,,,7.0,7.0
2563828640898461556-2411091527-6,7046,2411091538,2411091539,2,,S,60,Stuttgart Schwabstr.|Stuttgart Feuersee|Stuttgart Stadtmitte|Stuttgart Hbf (tief)|Stuttgart Nord,8005770,Stuttgart-Feuerbach,Baden-Württemberg,Feuerbach,70469,9.169186287,48.81363554,3,2411091539,,2411091540,,,,,,,,,,,1.0,1.0
-8943419019566147367-2411091452-6,7540,2411091503,2411091504,2,,S,5,Stuttgart Schwabstr.|Stuttgart Feuersee|Stuttgart Stadtmitte|Stuttgart Hbf (tief)|Stuttgart Nord,8005770,Stuttgart-Feuerbach,Baden-Württemberg,Feuerbach,70469,9.169186287,48.81363554,3,2411091503,,2411091504,,,,,,,,,,,0.0,0.0
1497267941418712662-2411091527-6,7946,2411091538,2411091539,2,,S,6,Stuttgart Schwabstr.|Stuttgart Feuersee|Stuttgart Stadtmitte|Stuttgart Hbf (tief)|Stuttgart Nord,8005770,Stuttgart-Feuerbach,Baden-Württemberg,Feuerbach,70469,9.169186287,48.81363554,3,2411091539,,2411091540,,,,,,,,,,,1.0,1.0
6801304589286144337-2411091537-7,7545,2411091556,2411091556,1,,S,5,Bietigheim-Bissingen|Tamm(Württ)|Asperg|Ludwigsburg|Kornwestheim Pbf|Stuttgart-Zuffenhausen,8005770,Stuttgart-Feuerbach,Baden-Württemberg,Feuerbach,70469,9.169186287,48.81363554,3,2411091557,,2411091558,,,,,,,,,,,1.0,2.0
913351823682649731-2411091457-6,7044,2411091508,2411091509,2,,S,60,Stuttgart Schwabstr.|Stuttgart Feuersee|Stuttgart Stadtmitte|Stuttgart Hbf (tief)|Stuttgart Nord,8005770,Stuttgart-Feuerbach,Baden-Württemberg,Feuerbach,70469,9.169186287,48.81363554,3,2411091511,,2411091512,,,,,,,,,,,3.0,3.0
-3297446366946865783-2411091532-6,7440,2411091543,2411091544,2,,S,4,Stuttgart Schwabstr.|Stuttgart Feuersee|Stuttgart Stadtmitte|Stuttgart Hbf (tief)|Stuttgart Nord,8005770,Stuttgart-Feuerbach,Baden-Württemberg,Feuerbach,70469,9.169186287,48.81363554,3,2411091544,,2411091545,,,,,,,,,,,1.0,1.0
7026301837444097691-2411091512-6,7640,2411091523,2411091524,2,,S,6,Stuttgart Schwabstr.|Stuttgart Feuersee|Stuttgart Stadtmitte|Stuttgart Hbf (tief)|Stuttgart Nord,8005770,Stuttgart-Feuerbach,Baden-Württemberg,Feuerbach,70469,9.169186287,48.81363554,3,2411091526,,2411091526,,,,,,,,,,,3.0,2.0
-3747023062711209303-2411091434-16,7039,2411091521,2411091521,1,,S,60,Böblingen|Sindelfingen|Maichingen|Maichingen Nord|Magstadt|Renningen Süd|Renningen|Rutesheim|Leonberg|Höfingen|Ditzingen|Weilimdorf|Korntal|Neuwirtshaus(Porscheplatz)|Stuttgart-Zuffenhausen,8005770,Stuttgart-Feuerbach,Baden-Württemberg,Feuerbach,70469,9.169186287,48.81363554,3,2411091522,,2411091522,,,,,,,,,,,1.0,1.0
-5395300073796226591-2411091516-13,7144,2411091551,2411091552,2,,S,1,Herrenberg|Nufringen|Gärtringen|Ehningen(b Böblingen)|Hulb|Böblingen|Goldberg(Württ)|Stuttgart-Rohr|Stuttgart-Vaihingen|Stuttgart-Österfeld|Stuttgart Universität|Stuttgart Schwabstr.,8006699,Stuttgart Feuersee,Baden-Württemberg,Stuttgart,70176,9.165850846,48.7726173,3,2411091552,,2411091553,,h,2,Bauarbeiten,,,,,,,1.0,1.0
-4327327279162025655-2411091433-16,7641,2411091516,2411091516,1,,S,6,Weil der Stadt|Malmsheim|Renningen|Rutesheim|Leonberg|Höfingen|Ditzingen|Weilimdorf|Korntal|Neuwirtshaus(Porscheplatz)|Stuttgart-Zuffenhausen|Stuttgart-Feuerbach|Stuttgart Nord|Stuttgart Hbf (tief)|Stuttgart Stadtmitte,8006699,Stuttgart Feuersee,Baden-Württemberg,Stuttgart,70176,9.165850846,48.7726173,3,2411091516,,2411091516,,,,,,,,,,,0.0,0.0
2172981486547262984-2411091448-16,7939,2411091531,2411091531,1,,S,6,Weil der Stadt|Malmsheim|Renningen|Rutesheim|Leonberg|Höfingen|Ditzingen|Weilimdorf|Korntal|Neuwirtshaus(Porscheplatz)|Stuttgart-Zuffenhausen|Stuttgart-Feuerbach|Stuttgart Nord|Stuttgart Hbf (tief)|Stuttgart Stadtmitte,8006699,Stuttgart Feuersee,Baden-Württemberg,Stuttgart,70176,9.165850846,48.7726173,3,2411091535,,2411091535,,,,,,,,,,,4.0,4.0
436949091827174438-2411091404-20,7037,2411091501,2411091501,1,,S,60,Böblingen|Sindelfingen|Maichingen|Maichingen Nord|Magstadt|Renningen Süd|Renningen|Rutesheim|Leonberg|Höfingen|Ditzingen|Weilimdorf|Korntal|Neuwirtshaus(Porscheplatz)|Stuttgart-Zuffenhausen|Stuttgart-Feuerbach|Stuttgart Nord|Stuttgart Hbf (tief)|Stuttgart Stadtmitte,8006699,Stuttgart Feuersee,Baden-Württemberg,Stuttgart,70176,9.165850846,48.7726173,3,2411091503,,2411091504,,,,,,,,,,,2.0,3.0
1934965819197324089-2411091542-2,7642,2411091544,2411091544,2,,S,6,Stuttgart Schwabstr.,8006699,Stuttgart Feuersee,Baden-Württemberg,Stuttgart,70176,9.165850846,48.7726173,3,2411091547,,2411091547,,,,,,,,,,,3.0,3.0
-5444476258917657908-2411091503-16,7643,2411091546,2411091546,1,,S,6,Weil der Stadt|Malmsheim|Renningen|Rutesheim|Leonberg|Höfingen|Ditzingen|Weilimdorf|Korntal|Neuwirtshaus(Porscheplatz)|Stuttgart-Zuffenhausen|Stuttgart-Feuerbach|Stuttgart Nord|Stuttgart Hbf (tief)|Stuttgart Stadtmitte,8006699,Stuttgart Feuersee,Baden-Württemberg,Stuttgart,70176,9.165850846,48.7726173,3,2411091546,,2411091546,,,,,,,,,,,0.0,0.0
6061152492847953855-2411091552-2,7544,2411091554,2411091554,2,,S,5,Stuttgart Schwabstr.,8006699,Stuttgart Feuersee,Baden-Württemberg,Stuttgart,70176,9.165850846,48.7726173,3,2411091555,,2411091555,,,,,,,,,,,1.0,1.0
2922006695511414061-2411091522-2,7542,2411091524,2411091524,2,,S,5,Stuttgart Schwabstr.,8006699,Stuttgart Feuersee,Baden-Württemberg,Stuttgart,70176,9.165850846,48.7726173,3,2411091524,,2411091525,,,,,,,,,,,0.0,1.0
2117167495013711453-2411091455-12,7441,2411091526,2411091526,1,,S,4,Marbach(Neckar)|Benningen(Neckar)|Freiberg(Neckar)|Favoritepark|Ludwigsburg|Kornwestheim Pbf|Stuttgart-Zuffenhausen|Stuttgart-Feuerbach|Stuttgart Nord|Stuttgart Hbf (tief)|Stuttgart Stadtmitte,8006699,Stuttgart Feuersee,Baden-Württemberg,Stuttgart,70176,9.165850846,48.7726173,3,2411091529,,2411091530,,,,,,,,,,,3.0,4.0
4172427275351444706-2411091525-12,7443,2411091556,2411091556,1,,S,4,Marbach(Neckar)|Benningen(Neckar)|Freiberg(Neckar)|Favoritepark|Ludwigsburg|Kornwestheim Pbf|Stuttgart-Zuffenhausen|Stuttgart-Feuerbach|Stuttgart Nord|Stuttgart Hbf (tief)|Stuttgart Stadtmitte,8006699,Stuttgart Feuersee,Baden-Württemberg,Stuttgart,70176,9.165850846,48.7726173,3,2411091558,,2411091559,,,,,,,,,,,2.0,3.0
-4899815477540796252-2411091507-11,7543,2411091536,2411091536,1,,S,5,Bietigheim-Bissingen|Tamm(Württ)|Asperg|Ludwigsburg|Kornwestheim Pbf|Stuttgart-Zuffenhausen|Stuttgart-Feuerbach|Stuttgart Nord|Stuttgart Hbf (tief)|Stuttgart Stadtmitte,8006699,Stuttgart Feuersee,Baden-Württemberg,Stuttgart,70176,9.165850846,48.7726173,3,2411091538,,2411091539,,,,,,,,,,,2.0,3.0
-737632065509960731-2411091502-2,7438,2411091504,2411091504,2,,S,4,Stuttgart Schwabstr.,8006699,Stuttgart Feuersee,Baden-Württemberg,Stuttgart,70176,9.165850846,48.7726173,3,2411091508,,2411091509,,,,,,,,,,,4.0,5.0
5269909663185428628-2411091518-10,7342,2411091541,2411091542,2,,S,3,Stuttgart Flughafen/Messe|Echterdingen|Leinfelden|Oberaichen|Stuttgart-Rohr|Stuttgart-Vaihingen|Stuttgart-Österfeld|Stuttgart Universität|Stuttgart Schwabstr.,8006699,Stuttgart Feuersee,Baden-Württemberg,Stuttgart,70176,9.165850846,48.7726173,3,2411091544,,2411091545,,,,,,,,,,,3.0,3.0
2563828640898461556-2411091527-2,7046,2411091529,2411091529,2,,S,60,Stuttgart Schwabstr.,8006699,Stuttgart Feuersee,Baden-Württemberg,Stuttgart,70176,9.165850846,48.7726173,3,2411091529,,2411091529,,,,,,,,,,,0.0,0.0
-3934810304618796517-2411091448-17,7243,2411091528,2411091529,1,,S,2,Schorndorf|Weiler(Rems)|Winterbach(b Schorndorf)|Geradstetten|Grunbach|Beutelsbach|Endersbach|Stetten-Beinstein|Rommelshausen|Waiblingen|Fellbach|Stuttgart-Sommerrain|Stuttgart Nürnberger Str.|Stuttgart-Bad Cannstatt|Stuttgart Hbf (tief)|Stuttgart Stadtmitte,8006699,Stuttgart Feuersee,Baden-Württemberg,Stuttgart,70176,9.165850846,48.7726173,3,2411091531,,2411091532,,,,,,,,,,,3.0,3.0
-3574262159782319876-2411091518-17,7245,2411091558,2411091559,1,,S,2,Schorndorf|Weiler(Rems)|Winterbach(b Schorndorf)|Geradstetten|Grunbach|Beutelsbach|Endersbach|Stetten-Beinstein|Rommelshausen|Waiblingen|Fellbach|Stuttgart-Sommerrain|Stuttgart Nürnberger Str.|Stuttgart-Bad Cannstatt|Stuttgart Hbf (tief)|Stuttgart Stadtmitte,8006699,Stuttgart Feuersee,Baden-Württemberg,Stuttgart,70176,9.165850846,48.7726173,3,2411091601,,2411091601,,,,,,,,,,,3.0,2.0
1497267941418712662-2411091527-2,7946,2411091529,2411091529,2,,S,6,Stuttgart Schwabstr.,8006699,Stuttgart Feuersee,Baden-Württemberg,Stuttgart,70176,9.165850846,48.7726173,3,2411091528,,2411091529,,,,,,,,,,,-1.0,0.0
3431798778470413635-2411091557-2,7948,2411091559,2411091559,2,,S,6,Stuttgart Schwabstr.,8006699,Stuttgart Feuersee,Baden-Württemberg,Stuttgart,70176,9.165850846,48.7726173,3,2411091558,,2411091559,,,,,,,,,,,-1.0,0.0
7236638317671658556-2411091420-14,7141,2411091508,2411091509,1,,S,1,Kirchheim(Teck)|Kirchheim(Teck)-Ötlingen|Wendlingen(Neckar)|Wernau(Neckar)|Plochingen|Altbach|Esslingen-Zell|Oberesslingen|Esslingen(Neckar)|Esslingen-Mettingen|Stuttgart-Bad Cannstatt|Stuttgart Hbf (tief)|Stuttgart Stadtmitte,8006699,Stuttgart Feuersee,Baden-Württemberg,Stuttgart,70176,9.165850846,48.7726173,3,2411091509,,2411091509,,h,2,Bauarbeiten,,,,,,,1.0,0.0
-8962126915234620710-2411091441-14,7341,2411091518,2411091519,1,,S,3,Backnang|Maubach|Nellmersbach|Winnenden|Schwaikheim|Neustadt-Hohenacker|Waiblingen|Fellbach|Stuttgart-Sommerrain|Stuttgart Nürnberger Str.|Stuttgart-Bad Cannstatt|Stuttgart Hbf (tief)|Stuttgart Stadtmitte,8006699,Stuttgart Feuersee,Baden-Württemberg,Stuttgart,70176,9.165850846,48.7726173,3,2411091520,,2411091520,,,,,,,,,,,2.0,1.0
8277071043988119434-2411091503-11,7240,2411091531,2411091532,2,,S,2,Filderstadt|Stuttgart Flughafen/Messe|Echterdingen|Leinfelden|Oberaichen|Stuttgart-Rohr|Stuttgart-Vaihingen|Stuttgart-Österfeld|Stuttgart Universität|Stuttgart Schwabstr.,8006699,Stuttgart Feuersee,Baden-Württemberg,Stuttgart,70176,9.165850846,48.7726173,3,2411091532,,2411091533,,,,,,,,,,,1.0,1.0
-3297446366946865783-2411091532-2,7440,2411091534,2411091534,2,,S,4,Stuttgart Schwabstr.,8006699,Stuttgart Feuersee,Baden-Württemberg,Stuttgart,70176,9.165850846,48.7726173,3,2411091535,,2411091535,,,,,,,,,,,1.0,1.0
-6660169013356802205-2411091433-11,7238,2411091501,2411091502,2,,S,2,Filderstadt|Stuttgart Flughafen/Messe|Echterdingen|Leinfelden|Oberaichen|Stuttgart-Rohr|Stuttgart-Vaihingen|Stuttgart-Österfeld|Stuttgart Universität|Stuttgart Schwabstr.,8006699,Stuttgart Feuersee,Baden-Württemberg,Stuttgart,70176,9.165850846,48.7726173,3,2411091506,,2411091506,,,,,,,,,,,5.0,4.0
-6269570380150531111-2411091448-10,7340,2411091511,2411091512,2,,S,3,Stuttgart Flughafen/Messe|Echterdingen|Leinfelden|Oberaichen|Stuttgart-Rohr|Stuttgart-Vaihingen|Stuttgart-Österfeld|Stuttgart Universität|Stuttgart Schwabstr.,8006699,Stuttgart Feuersee,Baden-Württemberg,Stuttgart,70176,9.165850846,48.7726173,3,2411091511,,2411091512,,,,,,,,,,,0.0,0.0
5234818018029288381-2411091557-2,7048,2411091559,2411091559,2,,S,60,Stuttgart Schwabstr.,8006699,Stuttgart Feuersee,Baden-Württemberg,Stuttgart,70176,9.165850846,48.7726173,3,2411091559,,2411091559,,,,,,,,,,,0.0,0.0
3829718457082671082-2411091437-11,7541,2411091506,2411091506,1,,S,5,Bietigheim-Bissingen|Tamm(Württ)|Asperg|Ludwigsburg|Kornwestheim Pbf|Stuttgart-Zuffenhausen|Stuttgart-Feuerbach|Stuttgart Nord|Stuttgart Hbf (tief)|Stuttgart Stadtmitte,8006699,Stuttgart Feuersee,Baden-Württemberg,Stuttgart,70176,9.165850846,48.7726173,3,2411091506,,2411091506,,,,,,,,,,,0.0,0.0
7026301837444097691-2411091512-2,7640,2411091514,2411091514,2,,S,6,Stuttgart Schwabstr.,8006699,Stuttgart Feuersee,Baden-Württemberg,Stuttgart,70176,9.165850846,48.7726173,3,2411091516,,2411091517,,,,,,,,,,,2.0,3.0
-275229670537218485-2411091450-14,7143,2411091538,2411091539,1,,S,1,Kirchheim(Teck)|Kirchheim(Teck)-Ötlingen|Wendlingen(Neckar)|Wernau(Neckar)|Plochingen|Altbach|Esslingen-Zell|Oberesslingen|Esslingen(Neckar)|Esslingen-Mettingen|Stuttgart-Bad Cannstatt|Stuttgart Hbf (tief)|Stuttgart Stadtmitte,8006699,Stuttgart Feuersee,Baden-Württemberg,Stuttgart,70176,9.165850846,48.7726173,3,2411091540,,2411091541,,h,2,Bauarbeiten,,,,,,,2.0,2.0
-3747023062711209303-2411091434-20,7039,2411091531,2411091531,1,,S,60,Böblingen|Sindelfingen|Maichingen|Maichingen Nord|Magstadt|Renningen Süd|Renningen|Rutesheim|Leonberg|Höfingen|Ditzingen|Weilimdorf|Korntal|Neuwirtshaus(Porscheplatz)|Stuttgart-Zuffenhausen|Stuttgart-Feuerbach|Stuttgart Nord|Stuttgart Hbf (tief)|Stuttgart Stadtmitte,8006699,Stuttgart Feuersee,Baden-Württemberg,Stuttgart,70176,9.165850846,48.7726173,3,2411091535,,2411091535,,,,,,,,,,,4.0,4.0
-7289711712054290115-2411091511-14,7343,2411091548,2411091549,1,,S,3,Backnang|Maubach|Nellmersbach|Winnenden|Schwaikheim|Neustadt-Hohenacker|Waiblingen|Fellbach|Stuttgart-Sommerrain|Stuttgart Nürnberger Str.|Stuttgart-Bad Cannstatt|Stuttgart Hbf (tief)|Stuttgart Stadtmitte,8006699,Stuttgart Feuersee,Baden-Württemberg,Stuttgart,70176,9.165850846,48.7726173,3,2411091549,,2411091550,,,,,,,,,,,1.0,1.0
-8884477860101462546-2411091418-16,7937,2411091501,2411091501,1,,S,6,Weil der Stadt|Malmsheim|Renningen|Rutesheim|Leonberg|Höfingen|Ditzingen|Weilimdorf|Korntal|Neuwirtshaus(Porscheplatz)|Stuttgart-Zuffenhausen|Stuttgart-Feuerbach|Stuttgart Nord|Stuttgart Hbf (tief)|Stuttgart Stadtmitte,8006699,Stuttgart Feuersee,Baden-Württemberg,Stuttgart,70176,9.165850846,48.7726173,3,2411091503,,2411091504,,,,,,,,,,,2.0,3.0
-5362237697829977230-2411091446-13,7142,2411091521,2411091522,2,,S,1,Herrenberg|Nufringen|Gärtringen|Ehningen(b Böblingen)|Hulb|Böblingen|Goldberg(Württ)|Stuttgart-Rohr|Stuttgart-Vaihingen|Stuttgart-Österfeld|Stuttgart Universität|Stuttgart Schwabstr.,8006699,Stuttgart Feuersee,Baden-Württemberg,Stuttgart,70176,9.165850846,48.7726173,3,2411091520,,2411091521,,h,2,Bauarbeiten,,,,,,,-1.0,-1.0
-5395300073796226591-2411091516-8,7144,2411091537,2411091538,3,,S,1,Herrenberg|Nufringen|Gärtringen|Ehningen(b Böblingen)|Hulb|Böblingen|Goldberg(Württ),8005773,Stuttgart-Rohr,Baden-Württemberg,Stuttgart,70565,9.108158025,48.71799427,4,2411091539,,2411091539,,h,2,Bauarbeiten,,,,,,,2.0,1.0
-4314588757347352202-2411091548-5,7344,2411091557,2411091558,3,,S,3,Stuttgart Flughafen/Messe|Echterdingen|Leinfelden|Oberaichen,8005773,Stuttgart-Rohr,Baden-Württemberg,Stuttgart,70565,9.108158025,48.71799427,4,2411091558,,2411091558,,,,,,,,,c,c,1.0,0.0
-5955272615429035569-2411091418-22,7241,2411091511,2411091512,2,,S,2,Schorndorf|Weiler(Rems)|Winterbach(b Schorndorf)|Geradstetten|Grunbach|Beutelsbach|Endersbach|Stetten-Beinstein|Rommelshausen|Waiblingen|Fellbach|Stuttgart-Sommerrain|Stuttgart Nürnberger Str.|Stuttgart-Bad Cannstatt|Stuttgart Hbf (tief)|Stuttgart Stadtmitte|Stuttgart Feuersee|Stuttgart Schwabstr.|Stuttgart Universität|Stuttgart-Österfeld|Stuttgart-Vaihingen,8005773,Stuttgart-Rohr,Baden-Württemberg,Stuttgart,70565,9.108158025,48.71799427,4,2411091514,,2411091515,,,,,,,,,,,3.0,3.0
6554930112927852478-2411091411-19,7339,2411091501,2411091502,2,,S,3,Backnang|Maubach|Nellmersbach|Winnenden|Schwaikheim|Neustadt-Hohenacker|Waiblingen|Fellbach|Stuttgart-Sommerrain|Stuttgart Nürnberger Str.|Stuttgart-Bad Cannstatt|Stuttgart Hbf (tief)|Stuttgart Stadtmitte|Stuttgart Feuersee|Stuttgart Schwabstr.|Stuttgart Universität|Stuttgart-Österfeld|Stuttgart-Vaihingen,8005773,Stuttgart-Rohr,Baden-Württemberg,Stuttgart,70565,9.108158025,48.71799427,4,2411091507,,2411091508,,,,,,,,,,,6.0,6.0
5269909663185428628-2411091518-5,7342,2411091527,2411091528,3,,S,3,Stuttgart Flughafen/Messe|Echterdingen|Leinfelden|Oberaichen,8005773,Stuttgart-Rohr,Baden-Württemberg,Stuttgart,70565,9.108158025,48.71799427,4,2411091530,,2411091531,,,,,,,,,,,3.0,3.0
-3934810304618796517-2411091448-22,7243,2411091541,2411091542,2,,S,2,Schorndorf|Weiler(Rems)|Winterbach(b Schorndorf)|Geradstetten|Grunbach|Beutelsbach|Endersbach|Stetten-Beinstein|Rommelshausen|Waiblingen|Fellbach|Stuttgart-Sommerrain|Stuttgart Nürnberger Str.|Stuttgart-Bad Cannstatt|Stuttgart Hbf (tief)|Stuttgart Stadtmitte|Stuttgart Feuersee|Stuttgart Schwabstr.|Stuttgart Universität|Stuttgart-Österfeld|Stuttgart-Vaihingen,8005773,Stuttgart-Rohr,Baden-Württemberg,Stuttgart,70565,9.108158025,48.71799427,4,2411091545,,2411091546,,,,,,,,,,,4.0,4.0
7236638317671658556-2411091420-19,7141,2411091521,2411091522,2,,S,1,Kirchheim(Teck)|Kirchheim(Teck)-Ötlingen|Wendlingen(Neckar)|Wernau(Neckar)|Plochingen|Altbach|Esslingen-Zell|Oberesslingen|Esslingen(Neckar)|Esslingen-Mettingen|Stuttgart-Bad Cannstatt|Stuttgart Hbf (tief)|Stuttgart Stadtmitte|Stuttgart Feuersee|Stuttgart Schwabstr.|Stuttgart Universität|Stuttgart-Österfeld|Stuttgart-Vaihingen,8005773,Stuttgart-Rohr,Baden-Württemberg,Stuttgart,70565,9.108158025,48.71799427,4,2411091522,,2411091523,,h,2,Bauarbeiten,,,,,,,1.0,1.0
-8962126915234620710-2411091441-19,7341,2411091531,2411091532,2,,S,3,Backnang|Maubach|Nellmersbach|Winnenden|Schwaikheim|Neustadt-Hohenacker|Waiblingen|Fellbach|Stuttgart-Sommerrain|Stuttgart Nürnberger Str.|Stuttgart-Bad Cannstatt|Stuttgart Hbf (tief)|Stuttgart Stadtmitte|Stuttgart Feuersee|Stuttgart Schwabstr.|Stuttgart Universität|Stuttgart-Österfeld|Stuttgart-Vaihingen,8005773,Stuttgart-Rohr,Baden-Württemberg,Stuttgart,70565,9.108158025,48.71799427,4,2411091532,,2411091533,,,,,,,,,c,c,1.0,1.0
8277071043988119434-2411091503-6,7240,2411091517,2411091518,3,,S,2,Filderstadt|Stuttgart Flughafen/Messe|Echterdingen|Leinfelden|Oberaichen,8005773,Stuttgart-Rohr,Baden-Württemberg,Stuttgart,70565,9.108158025,48.71799427,4,2411091518,,2411091519,,,,,,,,,,,1.0,1.0
-6016587106580251117-2411091533-6,7242,2411091547,2411091548,3,,S,2,Filderstadt|Stuttgart Flughafen/Messe|Echterdingen|Leinfelden|Oberaichen,8005773,Stuttgart-Rohr,Baden-Württemberg,Stuttgart,70565,9.108158025,48.71799427,4,2411091547,,2411091548,,,,,,,,,,,0.0,0.0
-275229670537218485-2411091450-19,7143,2411091551,2411091552,2,,S,1,Kirchheim(Teck)|Kirchheim(Teck)-Ötlingen|Wendlingen(Neckar)|Wernau(Neckar)|Plochingen|Altbach|Esslingen-Zell|Oberesslingen|Esslingen(Neckar)|Esslingen-Mettingen|Stuttgart-Bad Cannstatt|Stuttgart Hbf (tief)|Stuttgart Stadtmitte|Stuttgart Feuersee|Stuttgart Schwabstr.|Stuttgart Universität|Stuttgart-Österfeld|Stuttgart-Vaihingen,8005773,Stuttgart-Rohr,Baden-Württemberg,Stuttgart,70565,9.108158025,48.71799427,4,2411091552,,2411091552,,h,2,Bauarbeiten,,,,,,,1.0,0.0
-5362237697829977230-2411091446-8,7142,2411091507,2411091508,3,,S,1,Herrenberg|Nufringen|Gärtringen|Ehningen(b Böblingen)|Hulb|Böblingen|Goldberg(Württ),8005773,Stuttgart-Rohr,Baden-Württemberg,Stuttgart,70565,9.108158025,48.71799427,4,2411091508,,2411091508,,h,2,Bauarbeiten,,,,,,,1.0,0.0
-5395300073796226591-2411091516-12,7144,2411091550,2411091550,2,,S,1,Herrenberg|Nufringen|Gärtringen|Ehningen(b Böblingen)|Hulb|Böblingen|Goldberg(Württ)|Stuttgart-Rohr|Stuttgart-Vaihingen|Stuttgart-Österfeld|Stuttgart Universität,8006698,Stuttgart Schwabstraße,Baden-Württemberg,Stuttgart,70197,9.156496717,48.77013954,3,2411091550,,2411091551,,h,2,Bauarbeiten,,,,,,,0.0,1.0
-4327327279162025655-2411091433-17,7641,2411091518,,1,,S,,Weil der Stadt|Malmsheim|Renningen|Rutesheim|Leonberg|Höfingen|Ditzingen|Weilimdorf|Korntal|Neuwirtshaus(Porscheplatz)|Stuttgart-Zuffenhausen|Stuttgart-Feuerbach|Stuttgart Nord|Stuttgart Hbf (tief)|Stuttgart Stadtmitte|Stuttgart Feuersee,8006698,Stuttgart Schwabstraße,Baden-Württemberg,Stuttgart,70197,9.156496717,48.77013954,3,2411091517,,,,,,,,,,,,,-1.0,0.0
2172981486547262984-2411091448-17,7939,2411091533,,1,,S,,Weil der Stadt|Malmsheim|Renningen|Rutesheim|Leonberg|Höfingen|Ditzingen|Weilimdorf|Korntal|Neuwirtshaus(Porscheplatz)|Stuttgart-Zuffenhausen|Stuttgart-Feuerbach|Stuttgart Nord|Stuttgart Hbf (tief)|Stuttgart Stadtmitte|Stuttgart Feuersee,8006698,Stuttgart Schwabstraße,Baden-Württemberg,Stuttgart,70197,9.156496717,48.77013954,3,2411091536,,,,,,,,,,,,,3.0,0.0
436949091827174438-2411091404-21,7037,2411091503,,1,,S,,Böblingen|Sindelfingen|Maichingen|Maichingen Nord|Magstadt|Renningen Süd|Renningen|Rutesheim|Leonberg|Höfingen|Ditzingen|Weilimdorf|Korntal|Neuwirtshaus(Porscheplatz)|Stuttgart-Zuffenhausen|Stuttgart-Feuerbach|Stuttgart Nord|Stuttgart Hbf (tief)|Stuttgart Stadtmitte|Stuttgart Feuersee,8006698,Stuttgart Schwabstraße,Baden-Württemberg,Stuttgart,70197,9.156496717,48.77013954,3,2411091505,,,,,,,,,,,,,2.0,0.0
1934965819197324089-2411091542-1,7642,,2411091542,,,S,6,,8006698,Stuttgart Schwabstraße,Baden-Württemberg,Stuttgart,70197,9.156496717,48.77013954,3,,,2411091546,,,,,,,,,,,0.0,4.0
-5444476258917657908-2411091503-17,7643,2411091548,,1,,S,,Weil der Stadt|Malmsheim|Renningen|Rutesheim|Leonberg|Höfingen|Ditzingen|Weilimdorf|Korntal|Neuwirtshaus(Porscheplatz)|Stuttgart-Zuffenhausen|Stuttgart-Feuerbach|Stuttgart Nord|Stuttgart Hbf (tief)|Stuttgart Stadtmitte|Stuttgart Feuersee,8006698,Stuttgart Schwabstraße,Baden-Württemberg,Stuttgart,70197,9.156496717,48.77013954,3,2411091547,,,,,,,,,,,,,-1.0,0.0
6061152492847953855-2411091552-1,7544,,2411091552,,,S,5,,8006698,Stuttgart Schwabstraße,Baden-Württemberg,Stuttgart,70197,9.156496717,48.77013954,3,,,2411091554,,,,,,,,,,,0.0,2.0
-5955272615429035569-2411091418-18,7241,2411091500,2411091500,1,,S,2,Schorndorf|Weiler(Rems)|Winterbach(b Schorndorf)|Geradstetten|Grunbach|Beutelsbach|Endersbach|Stetten-Beinstein|Rommelshausen|Waiblingen|Fellbach|Stuttgart-Sommerrain|Stuttgart Nürnberger Str.|Stuttgart-Bad Cannstatt|Stuttgart Hbf (tief)|Stuttgart Stadtmitte|Stuttgart Feuersee,8006698,Stuttgart Schwabstraße,Baden-Württemberg,Stuttgart,70197,9.156496717,48.77013954,3,2411091503,,2411091503,,,,,,,,,,,3.0,3.0
2922006695511414061-2411091522-1,7542,,2411091522,,,S,5,,8006698,Stuttgart Schwabstraße,Baden-Württemberg,Stuttgart,70197,9.156496717,48.77013954,3,,,2411091523,,,,,,,,,,,0.0,1.0
2117167495013711453-2411091455-13,7441,2411091528,,1,,S,,Marbach(Neckar)|Benningen(Neckar)|Freiberg(Neckar)|Favoritepark|Ludwigsburg|Kornwestheim Pbf|Stuttgart-Zuffenhausen|Stuttgart-Feuerbach|Stuttgart Nord|Stuttgart Hbf (tief)|Stuttgart Stadtmitte|Stuttgart Feuersee,8006698,Stuttgart Schwabstraße,Baden-Württemberg,Stuttgart,70197,9.156496717,48.77013954,3,2411091531,,,,,,,,,,,,,3.0,0.0
4172427275351444706-2411091525-13,7443,2411091558,,1,,S,,Marbach(Neckar)|Benningen(Neckar)|Freiberg(Neckar)|Favoritepark|Ludwigsburg|Kornwestheim Pbf|Stuttgart-Zuffenhausen|Stuttgart-Feuerbach|Stuttgart Nord|Stuttgart Hbf (tief)|Stuttgart Stadtmitte|Stuttgart Feuersee,8006698,Stuttgart Schwabstraße,Baden-Württemberg,Stuttgart,70197,9.156496717,48.77013954,3,2411091600,,,,,,,,,,,,,2.0,0.0
-4899815477540796252-2411091507-12,7543,2411091538,,1,,S,,Bietigheim-Bissingen|Tamm(Württ)|Asperg|Ludwigsburg|Kornwestheim Pbf|Stuttgart-Zuffenhausen|Stuttgart-Feuerbach|Stuttgart Nord|Stuttgart Hbf (tief)|Stuttgart Stadtmitte|Stuttgart Feuersee,8006698,Stuttgart Schwabstraße,Baden-Württemberg,Stuttgart,70197,9.156496717,48.77013954,3,2411091540,,,,,,,,,,,,,2.0,0.0
-737632065509960731-2411091502-1,7438,,2411091502,,,S,4,,8006698,Stuttgart Schwabstraße,Baden-Württemberg,Stuttgart,70197,9.156496717,48.77013954,3,,,2411091507,,,,,,,,,,,0.0,5.0
5269909663185428628-2411091518-9,7342,2411091540,2411091540,2,,S,3,Stuttgart Flughafen/Messe|Echterdingen|Leinfelden|Oberaichen|Stuttgart-Rohr|Stuttgart-Vaihingen|Stuttgart-Österfeld|Stuttgart Universität,8006698,Stuttgart Schwabstraße,Baden-Württemberg,Stuttgart,70197,9.156496717,48.77013954,3,2411091542,,2411091543,,,,,,,,,,,2.0,3.0
2563828640898461556-2411091527-1,7046,,2411091527,,,S,60,,8006698,Stuttgart Schwabstraße,Baden-Württemberg,Stuttgart,70197,9.156496717,48.77013954,3,,,2411091527,,,,,,,,,,,0.0,0.0
-3934810304618796517-2411091448-18,7243,2411091530,2411091530,1,,S,2,Schorndorf|Weiler(Rems)|Winterbach(b Schorndorf)|Geradstetten|Grunbach|Beutelsbach|Endersbach|Stetten-Beinstein|Rommelshausen|Waiblingen|Fellbach|Stuttgart-Sommerrain|Stuttgart Nürnberger Str.|Stuttgart-Bad Cannstatt|Stuttgart Hbf (tief)|Stuttgart Stadtmitte|Stuttgart Feuersee,8006698,Stuttgart Schwabstraße,Baden-Württemberg,Stuttgart,70197,9.156496717,48.77013954,3,2411091534,,2411091534,,,,,,,,,,,4.0,4.0
1497267941418712662-2411091527-1,7946,,2411091527,,,S,6,,8006698,Stuttgart Schwabstraße,Baden-Württemberg,Stuttgart,70197,9.156496717,48.77013954,3,,,2411091527,,,,,,,,,,,0.0,0.0
3431798778470413635-2411091557-1,7948,,2411091557,,,S,6,,8006698,Stuttgart Schwabstraße,Baden-Württemberg,Stuttgart,70197,9.156496717,48.77013954,3,,,2411091557,,,,,,,,,,,0.0,0.0
7236638317671658556-2411091420-15,7141,2411091510,2411091510,1,,S,1,Kirchheim(Teck)|Kirchheim(Teck)-Ötlingen|Wendlingen(Neckar)|Wernau(Neckar)|Plochingen|Altbach|Esslingen-Zell|Oberesslingen|Esslingen(Neckar)|Esslingen-Mettingen|Stuttgart-Bad Cannstatt|Stuttgart Hbf (tief)|Stuttgart Stadtmitte|Stuttgart Feuersee,8006698,Stuttgart Schwabstraße,Baden-Württemberg,Stuttgart,70197,9.156496717,48.77013954,3,2411091510,,2411091511,,h,2,Bauarbeiten,,,,,,,0.0,1.0
-8962126915234620710-2411091441-15,7341,2411091520,2411091520,1,,S,3,Backnang|Maubach|Nellmersbach|Winnenden|Schwaikheim|Neustadt-Hohenacker|Waiblingen|Fellbach|Stuttgart-Sommerrain|Stuttgart Nürnberger Str.|Stuttgart-Bad Cannstatt|Stuttgart Hbf (tief)|Stuttgart Stadtmitte|Stuttgart Feuersee,8006698,Stuttgart Schwabstraße,Baden-Württemberg,Stuttgart,70197,9.156496717,48.77013954,3,2411091521,,2411091521,,,,,,,,,,,1.0,1.0
8277071043988119434-2411091503-10,7240,2411091530,2411091530,2,,S,2,Filderstadt|Stuttgart Flughafen/Messe|Echterdingen|Leinfelden|Oberaichen|Stuttgart-Rohr|Stuttgart-Vaihingen|Stuttgart-Österfeld|Stuttgart Universität,8006698,Stuttgart Schwabstraße,Baden-Württemberg,Stuttgart,70197,9.156496717,48.77013954,3,2411091531,,2411091531,,,,,,,,,,,1.0,1.0
-3297446366946865783-2411091532-1,7440,,2411091532,,,S,4,,8006698,Stuttgart Schwabstraße,Baden-Württemberg,Stuttgart,70197,9.156496717,48.77013954,3,,,2411091534,,,,,,,,,,,0.0,2.0
-6660169013356802205-2411091433-10,7238,2411091500,2411091500,2,,S,2,Filderstadt|Stuttgart Flughafen/Messe|Echterdingen|Leinfelden|Oberaichen|Stuttgart-Rohr|Stuttgart-Vaihingen|Stuttgart-Österfeld|Stuttgart Universität,8006698,Stuttgart Schwabstraße,Baden-Württemberg,Stuttgart,70197,9.156496717,48.77013954,3,2411091503,,2411091504,,,,,,,,,,,3.0,4.0
-6269570380150531111-2411091448-9,7340,2411091510,2411091510,2,,S,3,Stuttgart Flughafen/Messe|Echterdingen|Leinfelden|Oberaichen|Stuttgart-Rohr|Stuttgart-Vaihingen|Stuttgart-Österfeld|Stuttgart Universität,8006698,Stuttgart Schwabstraße,Baden-Württemberg,Stuttgart,70197,9.156496717,48.77013954,3,2411091510,,2411091510,,,,,,,,,,,0.0,0.0
5234818018029288381-2411091557-1,7048,,2411091557,,,S,60,,8006698,Stuttgart Schwabstraße,Baden-Württemberg,Stuttgart,70197,9.156496717,48.77013954,3,,,2411091557,,,,,,,,,,,0.0,0.0
3829718457082671082-2411091437-12,7541,2411091508,,1,,S,,Bietigheim-Bissingen|Tamm(Württ)|Asperg|Ludwigsburg|Kornwestheim Pbf|Stuttgart-Zuffenhausen|Stuttgart-Feuerbach|Stuttgart Nord|Stuttgart Hbf (tief)|Stuttgart Stadtmitte|Stuttgart Feuersee,8006698,Stuttgart Schwabstraße,Baden-Württemberg,Stuttgart,70197,9.156496717,48.77013954,3,2411091508,,,,,,,,,,,,,0.0,0.0
7026301837444097691-2411091512-1,7640,,2411091512,,,S,6,,8006698,Stuttgart Schwabstraße,Baden-Württemberg,Stuttgart,70197,9.156496717,48.77013954,3,,,2411091515,,,,,,,,,,,0.0,3.0
-275229670537218485-2411091450-15,7143,2411091540,2411091540,1,,S,1,Kirchheim(Teck)|Kirchheim(Teck)-Ötlingen|Wendlingen(Neckar)|Wernau(Neckar)|Plochingen|Altbach|Esslingen-Zell|Oberesslingen|Esslingen(Neckar)|Esslingen-Mettingen|Stuttgart-Bad Cannstatt|Stuttgart Hbf (tief)|Stuttgart Stadtmitte|Stuttgart Feuersee,8006698,Stuttgart Schwabstraße,Baden-Württemberg,Stuttgart,70197,9.156496717,48.77013954,3,2411091542,,2411091542,,h,2,Bauarbeiten,,,,,,,2.0,2.0
-3747023062711209303-2411091434-21,7039,2411091533,,1,,S,,Böblingen|Sindelfingen|Maichingen|Maichingen Nord|Magstadt|Renningen Süd|Renningen|Rutesheim|Leonberg|Höfingen|Ditzingen|Weilimdorf|Korntal|Neuwirtshaus(Porscheplatz)|Stuttgart-Zuffenhausen|Stuttgart-Feuerbach|Stuttgart Nord|Stuttgart Hbf (tief)|Stuttgart Stadtmitte|Stuttgart Feuersee,8006698,Stuttgart Schwabstraße,Baden-Württemberg,Stuttgart,70197,9.156496717,48.77013954,3,2411091536,,,,,,,,,,,,,3.0,0.0
-7289711712054290115-2411091511-15,7343,2411091550,2411091550,1,,S,3,Backnang|Maubach|Nellmersbach|Winnenden|Schwaikheim|Neustadt-Hohenacker|Waiblingen|Fellbach|Stuttgart-Sommerrain|Stuttgart Nürnberger Str.|Stuttgart-Bad Cannstatt|Stuttgart Hbf (tief)|Stuttgart Stadtmitte|Stuttgart Feuersee,8006698,Stuttgart Schwabstraße,Baden-Württemberg,Stuttgart,70197,9.156496717,48.77013954,3,2411091551,,2411091551,,,,,,,,,,,1.0,1.0
-8884477860101462546-2411091418-17,7937,2411091503,,1,,S,,Weil der Stadt|Malmsheim|Renningen|Rutesheim|Leonberg|Höfingen|Ditzingen|Weilimdorf|Korntal|Neuwirtshaus(Porscheplatz)|Stuttgart-Zuffenhausen|Stuttgart-Feuerbach|Stuttgart Nord|Stuttgart Hbf (tief)|Stuttgart Stadtmitte|Stuttgart Feuersee,8006698,Stuttgart Schwabstraße,Baden-Württemberg,Stuttgart,70197,9.156496717,48.77013954,3,2411091505,,,,,,,,,,,,,2.0,0.0
-5362237697829977230-2411091446-12,7142,2411091520,2411091520,2,,S,1,Herrenberg|Nufringen|Gärtringen|Ehningen(b Böblingen)|Hulb|Böblingen|Goldberg(Württ)|Stuttgart-Rohr|Stuttgart-Vaihingen|Stuttgart-Österfeld|Stuttgart Universität,8006698,Stuttgart Schwabstraße,Baden-Württemberg,Stuttgart,70197,9.156496717,48.77013954,3,2411091518,,2411091519,,h,2,Bauarbeiten,,,,,,,-2.0,-1.0
5269909663185428628-2411091518-15,7342,2411091554,2411091554,4,,S,3,Stuttgart Flughafen/Messe|Echterdingen|Leinfelden|Oberaichen|Stuttgart-Rohr|Stuttgart-Vaihingen|Stuttgart-Österfeld|Stuttgart Universität|Stuttgart Schwabstr.|Stuttgart Feuersee|Stuttgart Stadtmitte|Stuttgart Hbf (tief)|Stuttgart-Bad Cannstatt|Stuttgart Nürnberger Str.,8005774,Stuttgart-Sommerrain,Baden-Württemberg,Stuttgart,70374,9.248369749,48.81521824,5,2411091558,,2411091558,,,,,,,,,,,4.0,4.0
-3934810304618796517-2411091448-12,7243,2411091515,2411091515,1,,S,2,Schorndorf|Weiler(Rems)|Winterbach(b Schorndorf)|Geradstetten|Grunbach|Beutelsbach|Endersbach|Stetten-Beinstein|Rommelshausen|Waiblingen|Fellbach,8005774,Stuttgart-Sommerrain,Baden-Württemberg,Stuttgart,70374,9.248369749,48.81521824,5,2411091516,,2411091516,,,,,,,,,,,1.0,1.0
-3574262159782319876-2411091518-12,7245,2411091545,2411091545,1,,S,2,Schorndorf|Weiler(Rems)|Winterbach(b Schorndorf)|Geradstetten|Grunbach|Beutelsbach|Endersbach|Stetten-Beinstein|Rommelshausen|Waiblingen|Fellbach,8005774,Stuttgart-Sommerrain,Baden-Württemberg,Stuttgart,70374,9.248369749,48.81521824,5,2411091546,,2411091547,,,,,,,,,,,1.0,2.0
-8962126915234620710-2411091441-9,7341,2411091505,2411091505,1,,S,3,Backnang|Maubach|Nellmersbach|Winnenden|Schwaikheim|Neustadt-Hohenacker|Waiblingen|Fellbach,8005774,Stuttgart-Sommerrain,Baden-Württemberg,Stuttgart,70374,9.248369749,48.81521824,5,2411091505,,2411091506,,,,,,,,,,,0.0,1.0
8277071043988119434-2411091503-16,7240,2411091544,2411091544,4,,S,2,Filderstadt|Stuttgart Flughafen/Messe|Echterdingen|Leinfelden|Oberaichen|Stuttgart-Rohr|Stuttgart-Vaihingen|Stuttgart-Österfeld|Stuttgart Universität|Stuttgart Schwabstr.|Stuttgart Feuersee|Stuttgart Stadtmitte|Stuttgart Hbf (tief)|Stuttgart-Bad Cannstatt|Stuttgart Nürnberger Str.,8005774,Stuttgart-Sommerrain,Baden-Württemberg,Stuttgart,70374,9.248369749,48.81521824,5,2411091547,,2411091547,,,,,,,,,,,3.0,3.0
-6660169013356802205-2411091433-16,7238,2411091514,2411091514,4,,S,2,Filderstadt|Stuttgart Flughafen/Messe|Echterdingen|Leinfelden|Oberaichen|Stuttgart-Rohr|Stuttgart-Vaihingen|Stuttgart-Österfeld|Stuttgart Universität|Stuttgart Schwabstr.|Stuttgart Feuersee|Stuttgart Stadtmitte|Stuttgart Hbf (tief)|Stuttgart-Bad Cannstatt|Stuttgart Nürnberger Str.,8005774,Stuttgart-Sommerrain,Baden-Württemberg,Stuttgart,70374,9.248369749,48.81521824,5,2411091521,,2411091522,,,,,,,,,,,7.0,8.0
-6269570380150531111-2411091448-15,7340,2411091524,2411091524,4,,S,3,Stuttgart Flughafen/Messe|Echterdingen|Leinfelden|Oberaichen|Stuttgart-Rohr|Stuttgart-Vaihingen|Stuttgart-Österfeld|Stuttgart Universität|Stuttgart Schwabstr.|Stuttgart Feuersee|Stuttgart Stadtmitte|Stuttgart Hbf (tief)|Stuttgart-Bad Cannstatt|Stuttgart Nürnberger Str.,8005774,Stuttgart-Sommerrain,Baden-Württemberg,Stuttgart,70374,9.248369749,48.81521824,5,2411091526,,2411091526,,,,,,,,,,,2.0,2.0
-7289711712054290115-2411091511-9,7343,2411091535,2411091535,1,,S,3,Backnang|Maubach|Nellmersbach|Winnenden|Schwaikheim|Neustadt-Hohenacker|Waiblingen|Fellbach,8005774,Stuttgart-Sommerrain,Baden-Württemberg,Stuttgart,70374,9.248369749,48.81521824,5,2411091535,,2411091536,,,,,,,,,,,0.0,1.0
-5395300073796226591-2411091516-14,7144,2411091553,2411091553,2,,S,1,Herrenberg|Nufringen|Gärtringen|Ehningen(b Böblingen)|Hulb|Böblingen|Goldberg(Württ)|Stuttgart-Rohr|Stuttgart-Vaihingen|Stuttgart-Österfeld|Stuttgart Universität|Stuttgart Schwabstr.|Stuttgart Feuersee,8006700,Stuttgart Stadtmitte,Baden-Württemberg,Stuttgart,70173,9.173046906,48.77632953,3,2411091554,,2411091554,,h,2,Bauarbeiten,,,,,,,1.0,1.0
-4327327279162025655-2411091433-15,7641,2411091514,2411091515,1,,S,6,Weil der Stadt|Malmsheim|Renningen|Rutesheim|Leonberg|Höfingen|Ditzingen|Weilimdorf|Korntal|Neuwirtshaus(Porscheplatz)|Stuttgart-Zuffenhausen|Stuttgart-Feuerbach|Stuttgart Nord|Stuttgart Hbf (tief),8006700,Stuttgart Stadtmitte,Baden-Württemberg,Stuttgart,70173,9.173046906,48.77632953,3,2411091514,,2411091515,,,,,,,,,,,0.0,0.0
2172981486547262984-2411091448-15,7939,2411091529,2411091530,1,,S,6,Weil der Stadt|Malmsheim|Renningen|Rutesheim|Leonberg|Höfingen|Ditzingen|Weilimdorf|Korntal|Neuwirtshaus(Porscheplatz)|Stuttgart-Zuffenhausen|Stuttgart-Feuerbach|Stuttgart Nord|Stuttgart Hbf (tief),8006700,Stuttgart Stadtmitte,Baden-Württemberg,Stuttgart,70173,9.173046906,48.77632953,3,2411091532,,2411091534,,,,,,,,,,,3.0,4.0
436949091827174438-2411091404-19,7037,2411091459,2411091500,1,,S,60,Böblingen|Sindelfingen|Maichingen|Maichingen Nord|Magstadt|Renningen Süd|Renningen|Rutesheim|Leonberg|Höfingen|Ditzingen|Weilimdorf|Korntal|Neuwirtshaus(Porscheplatz)|Stuttgart-Zuffenhausen|Stuttgart-Feuerbach|Stuttgart Nord|Stuttgart Hbf (tief),8006700,Stuttgart Stadtmitte,Baden-Württemberg,Stuttgart,70173,9.173046906,48.77632953,3,2411091501,,2411091502,,,,,,,,,,,2.0,2.0
1934965819197324089-2411091542-3,7642,2411091545,2411091546,2,,S,6,Stuttgart Schwabstr.|Stuttgart Feuersee,8006700,Stuttgart Stadtmitte,Baden-Württemberg,Stuttgart,70173,9.173046906,48.77632953,3,2411091548,,2411091549,,,,,,,,,,,3.0,3.0
-5444476258917657908-2411091503-15,7643,2411091544,2411091545,1,,S,6,Weil der Stadt|Malmsheim|Renningen|Rutesheim|Leonberg|Höfingen|Ditzingen|Weilimdorf|Korntal|Neuwirtshaus(Porscheplatz)|Stuttgart-Zuffenhausen|Stuttgart-Feuerbach|Stuttgart Nord|Stuttgart Hbf (tief),8006700,Stuttgart Stadtmitte,Baden-Württemberg,Stuttgart,70173,9.173046906,48.77632953,3,2411091544,,2411091545,,,,,,,,,,,0.0,0.0
6061152492847953855-2411091552-3,7544,2411091555,2411091556,2,,S,5,Stuttgart Schwabstr.|Stuttgart Feuersee,8006700,Stuttgart Stadtmitte,Baden-Württemberg,Stuttgart,70173,9.173046906,48.77632953,3,2411091556,,2411091557,,,,,,,,,,,1.0,1.0
7143365029900082015-2411091504-19,7041,2411091559,2411091600,1,,S,60,Böblingen|Sindelfingen|Maichingen|Maichingen Nord|Magstadt|Renningen Süd|Renningen|Rutesheim|Leonberg|Höfingen|Ditzingen|Weilimdorf|Korntal|Neuwirtshaus(Porscheplatz)|Stuttgart-Zuffenhausen|Stuttgart-Feuerbach|Stuttgart Nord|Stuttgart Hbf (tief),8006700,Stuttgart Stadtmitte,Baden-Württemberg,Stuttgart,70173,9.173046906,48.77632953,3,2411091601,,2411091601,,,,,,,,,,,2.0,1.0
-1234815948704701360-2411091518-15,7941,2411091559,2411091600,1,,S,6,Weil der Stadt|Malmsheim|Renningen|Rutesheim|Leonberg|Höfingen|Ditzingen|Weilimdorf|Korntal|Neuwirtshaus(Porscheplatz)|Stuttgart-Zuffenhausen|Stuttgart-Feuerbach|Stuttgart Nord|Stuttgart Hbf (tief),8006700,Stuttgart Stadtmitte,Baden-Württemberg,Stuttgart,70173,9.173046906,48.77632953,3,2411091601,,2411091601,,,,,,,,,,,2.0,1.0
8320292137995350256-2411091457-3,7944,2411091500,2411091501,2,,S,6,Stuttgart Schwabstr.|Stuttgart Feuersee,8006700,Stuttgart Stadtmitte,Baden-Württemberg,Stuttgart,70173,9.173046906,48.77632953,3,2411091503,,2411091504,,,,,,,,,,,3.0,3.0
2922006695511414061-2411091522-3,7542,2411091525,2411091526,2,,S,5,Stuttgart Schwabstr.|Stuttgart Feuersee,8006700,Stuttgart Stadtmitte,Baden-Württemberg,Stuttgart,70173,9.173046906,48.77632953,3,2411091526,,2411091527,,,,,,,,,,,1.0,1.0
2117167495013711453-2411091455-11,7441,2411091524,2411091525,1,,S,4,Marbach(Neckar)|Benningen(Neckar)|Freiberg(Neckar)|Favoritepark|Ludwigsburg|Kornwestheim Pbf|Stuttgart-Zuffenhausen|Stuttgart-Feuerbach|Stuttgart Nord|Stuttgart Hbf (tief),8006700,Stuttgart Stadtmitte,Baden-Württemberg,Stuttgart,70173,9.173046906,48.77632953,3,2411091527,,2411091528,,,,,,,,,,,3.0,3.0
4172427275351444706-2411091525-11,7443,2411091554,2411091555,1,,S,4,Marbach(Neckar)|Benningen(Neckar)|Freiberg(Neckar)|Favoritepark|Ludwigsburg|Kornwestheim Pbf|Stuttgart-Zuffenhausen|Stuttgart-Feuerbach|Stuttgart Nord|Stuttgart Hbf (tief),8006700,Stuttgart Stadtmitte,Baden-Württemberg,Stuttgart,70173,9.173046906,48.77632953,3,2411091556,,2411091557,,,,,,,,,,,2.0,2.0
-4899815477540796252-2411091507-10,7543,2411091534,2411091535,1,,S,5,Bietigheim-Bissingen|Tamm(Württ)|Asperg|Ludwigsburg|Kornwestheim Pbf|Stuttgart-Zuffenhausen|Stuttgart-Feuerbach|Stuttgart Nord|Stuttgart Hbf (tief),8006700,Stuttgart Stadtmitte,Baden-Württemberg,Stuttgart,70173,9.173046906,48.77632953,3,2411091536,,2411091537,,,,,,,,,,,2.0,2.0
-737632065509960731-2411091502-3,7438,2411091505,2411091506,2,,S,4,Stuttgart Schwabstr.|Stuttgart Feuersee,8006700,Stuttgart Stadtmitte,Baden-Württemberg,Stuttgart,70173,9.173046906,48.77632953,3,2411091510,,2411091511,,,,,,,,,,,5.0,5.0
5269909663185428628-2411091518-11,7342,2411091543,2411091543,2,,S,3,Stuttgart Flughafen/Messe|Echterdingen|Leinfelden|Oberaichen|Stuttgart-Rohr|Stuttgart-Vaihingen|Stuttgart-Österfeld|Stuttgart Universität|Stuttgart Schwabstr.|Stuttgart Feuersee,8006700,Stuttgart Stadtmitte,Baden-Württemberg,Stuttgart,70173,9.173046906,48.77632953,3,2411091546,,2411091547,,,,,,,,,,,3.0,4.0
2563828640898461556-2411091527-3,7046,2411091530,2411091531,2,,S,60,Stuttgart Schwabstr.|Stuttgart Feuersee,8006700,Stuttgart Stadtmitte,Baden-Württemberg,Stuttgart,70173,9.173046906,48.77632953,3,2411091530,,2411091531,,,,,,,,,,,0.0,0.0
-3934810304618796517-2411091448-16,7243,2411091527,2411091527,1,,S,2,Schorndorf|Weiler(Rems)|Winterbach(b Schorndorf)|Geradstetten|Grunbach|Beutelsbach|Endersbach|Stetten-Beinstein|Rommelshausen|Waiblingen|Fellbach|Stuttgart-Sommerrain|Stuttgart Nürnberger Str.|Stuttgart-Bad Cannstatt|Stuttgart Hbf (tief),8006700,Stuttgart Stadtmitte,Baden-Württemberg,Stuttgart,70173,9.173046906,48.77632953,3,2411091529,,2411091530,,,,,,,,,,,2.0,3.0
-3574262159782319876-2411091518-16,7245,2411091557,2411091557,1,,S,2,Schorndorf|Weiler(Rems)|Winterbach(b Schorndorf)|Geradstetten|Grunbach|Beutelsbach|Endersbach|Stetten-Beinstein|Rommelshausen|Waiblingen|Fellbach|Stuttgart-Sommerrain|Stuttgart Nürnberger Str.|Stuttgart-Bad Cannstatt|Stuttgart Hbf (tief),8006700,Stuttgart Stadtmitte,Baden-Württemberg,Stuttgart,70173,9.173046906,48.77632953,3,2411091559,,2411091600,,,,,,,,,,,2.0,3.0
1497267941418712662-2411091527-3,7946,2411091530,2411091531,2,,S,6,Stuttgart Schwabstr.|Stuttgart Feuersee,8006700,Stuttgart Stadtmitte,Baden-Württemberg,Stuttgart,70173,9.173046906,48.77632953,3,2411091530,,2411091531,,,,,,,,,,,0.0,0.0
7236638317671658556-2411091420-13,7141,2411091507,2411091507,1,,S,1,Kirchheim(Teck)|Kirchheim(Teck)-Ötlingen|Wendlingen(Neckar)|Wernau(Neckar)|Plochingen|Altbach|Esslingen-Zell|Oberesslingen|Esslingen(Neckar)|Esslingen-Mettingen|Stuttgart-Bad Cannstatt|Stuttgart Hbf (tief),8006700,Stuttgart Stadtmitte,Baden-Württemberg,Stuttgart,70173,9.173046906,48.77632953,3,2411091507,,2411091508,,h,2,Bauarbeiten,,,,,,,0.0,1.0
913351823682649731-2411091457-3,7044,2411091500,2411091501,2,,S,60,Stuttgart Schwabstr.|Stuttgart Feuersee,8006700,Stuttgart Stadtmitte,Baden-Württemberg,Stuttgart,70173,9.173046906,48.77632953,3,2411091503,,2411091504,,,,,,,,,,,3.0,3.0
-8962126915234620710-2411091441-13,7341,2411091517,2411091517,1,,S,3,Backnang|Maubach|Nellmersbach|Winnenden|Schwaikheim|Neustadt-Hohenacker|Waiblingen|Fellbach|Stuttgart-Sommerrain|Stuttgart Nürnberger Str.|Stuttgart-Bad Cannstatt|Stuttgart Hbf (tief),8006700,Stuttgart Stadtmitte,Baden-Württemberg,Stuttgart,70173,9.173046906,48.77632953,3,2411091518,,2411091518,,,,,,,,,,,1.0,1.0
8277071043988119434-2411091503-12,7240,2411091533,2411091533,2,,S,2,Filderstadt|Stuttgart Flughafen/Messe|Echterdingen|Leinfelden|Oberaichen|Stuttgart-Rohr|Stuttgart-Vaihingen|Stuttgart-Österfeld|Stuttgart Universität|Stuttgart Schwabstr.|Stuttgart Feuersee,8006700,Stuttgart Stadtmitte,Baden-Württemberg,Stuttgart,70173,9.173046906,48.77632953,3,2411091534,,2411091535,,,,,,,,,,,1.0,2.0
-3297446366946865783-2411091532-3,7440,2411091535,2411091536,2,,S,4,Stuttgart Schwabstr.|Stuttgart Feuersee,8006700,Stuttgart Stadtmitte,Baden-Württemberg,Stuttgart,70173,9.173046906,48.77632953,3,2411091536,,2411091537,,,,,,,,,,,1.0,1.0
-6660169013356802205-2411091433-12,7238,2411091503,2411091503,2,,S,2,Filderstadt|Stuttgart Flughafen/Messe|Echterdingen|Leinfelden|Oberaichen|Stuttgart-Rohr|Stuttgart-Vaihingen|Stuttgart-Österfeld|Stuttgart Universität|Stuttgart Schwabstr.|Stuttgart Feuersee,8006700,Stuttgart Stadtmitte,Baden-Württemberg,Stuttgart,70173,9.173046906,48.77632953,3,2411091507,,2411091508,,,,,,,,,,,4.0,5.0
-6269570380150531111-2411091448-11,7340,2411091513,2411091513,2,,S,3,Stuttgart Flughafen/Messe|Echterdingen|Leinfelden|Oberaichen|Stuttgart-Rohr|Stuttgart-Vaihingen|Stuttgart-Österfeld|Stuttgart Universität|Stuttgart Schwabstr.|Stuttgart Feuersee,8006700,Stuttgart Stadtmitte,Baden-Württemberg,Stuttgart,70173,9.173046906,48.77632953,3,2411091513,,2411091514,,,,,,,,,,,0.0,1.0
3829718457082671082-2411091437-10,7541,2411091504,2411091505,1,,S,5,Bietigheim-Bissingen|Tamm(Württ)|Asperg|Ludwigsburg|Kornwestheim Pbf|Stuttgart-Zuffenhausen|Stuttgart-Feuerbach|Stuttgart Nord|Stuttgart Hbf (tief),8006700,Stuttgart Stadtmitte,Baden-Württemberg,Stuttgart,70173,9.173046906,48.77632953,3,2411091504,,2411091505,,,,,,,,,,,0.0,0.0
7026301837444097691-2411091512-3,7640,2411091515,2411091516,2,,S,6,Stuttgart Schwabstr.|Stuttgart Feuersee,8006700,Stuttgart Stadtmitte,Baden-Württemberg,Stuttgart,70173,9.173046906,48.77632953,3,2411091518,,2411091519,,,,,,,,,,,3.0,3.0
-275229670537218485-2411091450-13,7143,2411091537,2411091537,1,,S,1,Kirchheim(Teck)|Kirchheim(Teck)-Ötlingen|Wendlingen(Neckar)|Wernau(Neckar)|Plochingen|Altbach|Esslingen-Zell|Oberesslingen|Esslingen(Neckar)|Esslingen-Mettingen|Stuttgart-Bad Cannstatt|Stuttgart Hbf (tief),8006700,Stuttgart Stadtmitte,Baden-Württemberg,Stuttgart,70173,9.173046906,48.77632953,3,2411091539,,2411091539,,h,2,Bauarbeiten,,,,,,,2.0,2.0
-3747023062711209303-2411091434-19,7039,2411091529,2411091530,1,,S,60,Böblingen|Sindelfingen|Maichingen|Maichingen Nord|Magstadt|Renningen Süd|Renningen|Rutesheim|Leonberg|Höfingen|Ditzingen|Weilimdorf|Korntal|Neuwirtshaus(Porscheplatz)|Stuttgart-Zuffenhausen|Stuttgart-Feuerbach|Stuttgart Nord|Stuttgart Hbf (tief),8006700,Stuttgart Stadtmitte,Baden-Württemberg,Stuttgart,70173,9.173046906,48.77632953,3,2411091532,,2411091534,,,,,,,,,,,3.0,4.0
-7289711712054290115-2411091511-13,7343,2411091547,2411091547,1,,S,3,Backnang|Maubach|Nellmersbach|Winnenden|Schwaikheim|Neustadt-Hohenacker|Waiblingen|Fellbach|Stuttgart-Sommerrain|Stuttgart Nürnberger Str.|Stuttgart-Bad Cannstatt|Stuttgart Hbf (tief),8006700,Stuttgart Stadtmitte,Baden-Württemberg,Stuttgart,70173,9.173046906,48.77632953,3,2411091547,,2411091548,,,,,,,,,,,0.0,1.0
-8884477860101462546-2411091418-15,7937,2411091459,2411091500,1,,S,6,Weil der Stadt|Malmsheim|Renningen|Rutesheim|Leonberg|Höfingen|Ditzingen|Weilimdorf|Korntal|Neuwirtshaus(Porscheplatz)|Stuttgart-Zuffenhausen|Stuttgart-Feuerbach|Stuttgart Nord|Stuttgart Hbf (tief),8006700,Stuttgart Stadtmitte,Baden-Württemberg,Stuttgart,70173,9.173046906,48.77632953,3,2411091501,,2411091502,,,,,,,,,,,2.0,2.0
-5362237697829977230-2411091446-14,7142,2411091523,2411091523,2,,S,1,Herrenberg|Nufringen|Gärtringen|Ehningen(b Böblingen)|Hulb|Böblingen|Goldberg(Württ)|Stuttgart-Rohr|Stuttgart-Vaihingen|Stuttgart-Österfeld|Stuttgart Universität|Stuttgart Schwabstr.|Stuttgart Feuersee,8006700,Stuttgart Stadtmitte,Baden-Württemberg,Stuttgart,70173,9.173046906,48.77632953,3,2411091522,,2411091523,,h,2,Bauarbeiten,,,,,,,-1.0,0.0
4368264823792479342-2411091416-17,7140,2411091504,2411091504,6,,S,1,Herrenberg|Nufringen|Gärtringen|Ehningen(b Böblingen)|Hulb|Böblingen|Goldberg(Württ)|Stuttgart-Rohr|Stuttgart-Vaihingen|Stuttgart-Österfeld|Stuttgart Universität|Stuttgart Schwabstr.|Stuttgart Feuersee|Stuttgart Stadtmitte|Stuttgart Hbf (tief)|Stuttgart-Bad Cannstatt,8005775,Stuttgart-Untertürkheim Pbf,Baden-Württemberg,Stuttgart,70327,9.250467074,48.77984679,3,2411091508,4,2411091509,4,h,2,Bauarbeiten,,,,,,,4.0,5.0
-5362237697829977230-2411091446-17,7142,2411091534,2411091534,6,,S,1,Herrenberg|Nufringen|Gärtringen|Ehningen(b Böblingen)|Hulb|Böblingen|Goldberg(Württ)|Stuttgart-Rohr|Stuttgart-Vaihingen|Stuttgart-Österfeld|Stuttgart Universität|Stuttgart Schwabstr.|Stuttgart Feuersee|Stuttgart Stadtmitte|Stuttgart Hbf (tief)|Stuttgart-Bad Cannstatt,8005775,Stuttgart-Untertürkheim Pbf,Baden-Württemberg,Stuttgart,70327,9.250467074,48.77984679,3,2411091534,4,2411091535,4,h,2,Bauarbeiten,,,,,,,0.0,1.0
-5395300073796226591-2411091516-9,7144,2411091540,2411091540,3,,S,1,Herrenberg|Nufringen|Gärtringen|Ehningen(b Böblingen)|Hulb|Böblingen|Goldberg(Württ)|Stuttgart-Rohr,8005776,Stuttgart-Vaihingen,Baden-Württemberg,Stuttgart,70563,9.113913368,48.72698116,3,2411091541,,2411091541,,h,2,Bauarbeiten,,,,,,,1.0,1.0
-5955272615429035569-2411091418-21,7241,2411091509,2411091510,2,,S,2,Schorndorf|Weiler(Rems)|Winterbach(b Schorndorf)|Geradstetten|Grunbach|Beutelsbach|Endersbach|Stetten-Beinstein|Rommelshausen|Waiblingen|Fellbach|Stuttgart-Sommerrain|Stuttgart Nürnberger Str.|Stuttgart-Bad Cannstatt|Stuttgart Hbf (tief)|Stuttgart Stadtmitte|Stuttgart Feuersee|Stuttgart Schwabstr.|Stuttgart Universität|Stuttgart-Österfeld,8005776,Stuttgart-Vaihingen,Baden-Württemberg,Stuttgart,70563,9.113913368,48.72698116,3,2411091513,,2411091513,,,,,,,,,,,4.0,3.0
6554930112927852478-2411091411-18,7339,2411091459,2411091500,2,,S,3,Backnang|Maubach|Nellmersbach|Winnenden|Schwaikheim|Neustadt-Hohenacker|Waiblingen|Fellbach|Stuttgart-Sommerrain|Stuttgart Nürnberger Str.|Stuttgart-Bad Cannstatt|Stuttgart Hbf (tief)|Stuttgart Stadtmitte|Stuttgart Feuersee|Stuttgart Schwabstr.|Stuttgart Universität|Stuttgart-Österfeld,8005776,Stuttgart-Vaihingen,Baden-Württemberg,Stuttgart,70563,9.113913368,48.72698116,3,2411091506,,2411091506,,,,,,,,,,,7.0,6.0
5269909663185428628-2411091518-6,7342,2411091530,2411091530,3,,S,3,Stuttgart Flughafen/Messe|Echterdingen|Leinfelden|Oberaichen|Stuttgart-Rohr,8005776,Stuttgart-Vaihingen,Baden-Württemberg,Stuttgart,70563,9.113913368,48.72698116,3,2411091532,,2411091533,,,,,,,,,,,2.0,3.0
-3934810304618796517-2411091448-21,7243,2411091539,2411091540,2,,S,2,Schorndorf|Weiler(Rems)|Winterbach(b Schorndorf)|Geradstetten|Grunbach|Beutelsbach|Endersbach|Stetten-Beinstein|Rommelshausen|Waiblingen|Fellbach|Stuttgart-Sommerrain|Stuttgart Nürnberger Str.|Stuttgart-Bad Cannstatt|Stuttgart Hbf (tief)|Stuttgart Stadtmitte|Stuttgart Feuersee|Stuttgart Schwabstr.|Stuttgart Universität|Stuttgart-Österfeld,8005776,Stuttgart-Vaihingen,Baden-Württemberg,Stuttgart,70563,9.113913368,48.72698116,3,2411091544,,2411091544,,,,,,,,,,,5.0,4.0
7236638317671658556-2411091420-18,7141,2411091519,2411091520,1,,S,1,Kirchheim(Teck)|Kirchheim(Teck)-Ötlingen|Wendlingen(Neckar)|Wernau(Neckar)|Plochingen|Altbach|Esslingen-Zell|Oberesslingen|Esslingen(Neckar)|Esslingen-Mettingen|Stuttgart-Bad Cannstatt|Stuttgart Hbf (tief)|Stuttgart Stadtmitte|Stuttgart Feuersee|Stuttgart Schwabstr.|Stuttgart Universität|Stuttgart-Österfeld,8005776,Stuttgart-Vaihingen,Baden-Württemberg,Stuttgart,70563,9.113913368,48.72698116,3,2411091520,,2411091521,,h,2,Bauarbeiten,,,,,,,1.0,1.0
-8962126915234620710-2411091441-18,7341,2411091529,2411091530,2,,S,3,Backnang|Maubach|Nellmersbach|Winnenden|Schwaikheim|Neustadt-Hohenacker|Waiblingen|Fellbach|Stuttgart-Sommerrain|Stuttgart Nürnberger Str.|Stuttgart-Bad Cannstatt|Stuttgart Hbf (tief)|Stuttgart Stadtmitte|Stuttgart Feuersee|Stuttgart Schwabstr.|Stuttgart Universität|Stuttgart-Österfeld,8005776,Stuttgart-Vaihingen,Baden-Württemberg,Stuttgart,70563,9.113913368,48.72698116,3,2411091531,,2411091531,,,,,,,,,,c,2.0,1.0
8277071043988119434-2411091503-7,7240,2411091520,2411091520,3,,S,2,Filderstadt|Stuttgart Flughafen/Messe|Echterdingen|Leinfelden|Oberaichen|Stuttgart-Rohr,8005776,Stuttgart-Vaihingen,Baden-Württemberg,Stuttgart,70563,9.113913368,48.72698116,3,2411091520,,2411091521,,,,,,,,,,,0.0,1.0
-6269570380150531111-2411091448-6,7340,2411091500,2411091500,3,,S,3,Stuttgart Flughafen/Messe|Echterdingen|Leinfelden|Oberaichen|Stuttgart-Rohr,8005776,Stuttgart-Vaihingen,Baden-Württemberg,Stuttgart,70563,9.113913368,48.72698116,3,2411091500,,2411091500,,,,,,,,,,,0.0,0.0
-6016587106580251117-2411091533-7,7242,2411091550,2411091550,3,,S,2,Filderstadt|Stuttgart Flughafen/Messe|Echterdingen|Leinfelden|Oberaichen|Stuttgart-Rohr,8005776,Stuttgart-Vaihingen,Baden-Württemberg,Stuttgart,70563,9.113913368,48.72698116,3,2411091549,,2411091550,,,,,,,,,,,-1.0,0.0
-275229670537218485-2411091450-18,7143,2411091549,2411091550,1,,S,1,Kirchheim(Teck)|Kirchheim(Teck)-Ötlingen|Wendlingen(Neckar)|Wernau(Neckar)|Plochingen|Altbach|Esslingen-Zell|Oberesslingen|Esslingen(Neckar)|Esslingen-Mettingen|Stuttgart-Bad Cannstatt|Stuttgart Hbf (tief)|Stuttgart Stadtmitte|Stuttgart Feuersee|Stuttgart Schwabstr.|Stuttgart Universität|Stuttgart-Österfeld,8005776,Stuttgart-Vaihingen,Baden-Württemberg,Stuttgart,70563,9.113913368,48.72698116,3,2411091550,,2411091551,,h,2,Bauarbeiten,,,,,,,1.0,1.0
-7289711712054290115-2411091511-18,7343,2411091559,2411091600,2,,S,3,Backnang|Maubach|Nellmersbach|Winnenden|Schwaikheim|Neustadt-Hohenacker|Waiblingen|Fellbach|Stuttgart-Sommerrain|Stuttgart Nürnberger Str.|Stuttgart-Bad Cannstatt|Stuttgart Hbf (tief)|Stuttgart Stadtmitte|Stuttgart Feuersee|Stuttgart Schwabstr.|Stuttgart Universität|Stuttgart-Österfeld,8005776,Stuttgart-Vaihingen,Baden-Württemberg,Stuttgart,70563,9.113913368,48.72698116,3,2411091600,,2411091600,,,,,,,,,,,1.0,0.0
-5362237697829977230-2411091446-9,7142,2411091510,2411091510,3,,S,1,Herrenberg|Nufringen|Gärtringen|Ehningen(b Böblingen)|Hulb|Böblingen|Goldberg(Württ)|Stuttgart-Rohr,8005776,Stuttgart-Vaihingen,Baden-Württemberg,Stuttgart,70563,9.113913368,48.72698116,3,2411091510,,2411091510,,h,2,Bauarbeiten,,,,,,,0.0,0.0
2172981486547262984-2411091448-8,7939,2411091511,2411091511,2,,S,6,Weil der Stadt|Malmsheim|Renningen|Rutesheim|Leonberg|Höfingen|Ditzingen,8006268,Stuttgart-Weilimdorf,Baden-Württemberg,Stuttgart,70499,9.094370086,48.82208429,5,2411091511,,2411091512,,,,,,,,,,,0.0,1.0
-5444476258917657908-2411091503-8,7643,2411091526,2411091526,2,,S,6,Weil der Stadt|Malmsheim|Renningen|Rutesheim|Leonberg|Höfingen|Ditzingen,8006268,Stuttgart-Weilimdorf,Baden-Württemberg,Stuttgart,70499,9.094370086,48.82208429,5,2411091526,,2411091526,,,,,,,,,,,0.0,0.0
7143365029900082015-2411091504-12,7041,2411091541,2411091541,2,,S,60,Böblingen|Sindelfingen|Maichingen|Maichingen Nord|Magstadt|Renningen Süd|Renningen|Rutesheim|Leonberg|Höfingen|Ditzingen,8006268,Stuttgart-Weilimdorf,Baden-Württemberg,Stuttgart,70499,9.094370086,48.82208429,5,2411091541,,2411091541,,,,,,,,,,,0.0,0.0
-1234815948704701360-2411091518-8,7941,2411091541,2411091541,2,,S,6,Weil der Stadt|Malmsheim|Renningen|Rutesheim|Leonberg|Höfingen|Ditzingen,8006268,Stuttgart-Weilimdorf,Baden-Württemberg,Stuttgart,70499,9.094370086,48.82208429,5,2411091541,,2411091541,,,,,,,,,,,0.0,0.0
8320292137995350256-2411091457-10,7944,2411091518,2411091518,1,,S,6,Stuttgart Schwabstr.|Stuttgart Feuersee|Stuttgart Stadtmitte|Stuttgart Hbf (tief)|Stuttgart Nord|Stuttgart-Feuerbach|Stuttgart-Zuffenhausen|Neuwirtshaus(Porscheplatz)|Korntal,8006268,Stuttgart-Weilimdorf,Baden-Württemberg,Stuttgart,70499,9.094370086,48.82208429,5,2411091520,,2411091520,,,,,,,,,,,2.0,2.0
2563828640898461556-2411091527-10,7046,2411091548,2411091548,1,,S,60,Stuttgart Schwabstr.|Stuttgart Feuersee|Stuttgart Stadtmitte|Stuttgart Hbf (tief)|Stuttgart Nord|Stuttgart-Feuerbach|Stuttgart-Zuffenhausen|Neuwirtshaus(Porscheplatz)|Korntal,8006268,Stuttgart-Weilimdorf,Baden-Württemberg,Stuttgart,70499,9.094370086,48.82208429,5,2411091548,,2411091548,,,,,,,,,,,0.0,0.0
1497267941418712662-2411091527-10,7946,2411091548,2411091548,1,,S,6,Stuttgart Schwabstr.|Stuttgart Feuersee|Stuttgart Stadtmitte|Stuttgart Hbf (tief)|Stuttgart Nord|Stuttgart-Feuerbach|Stuttgart-Zuffenhausen|Neuwirtshaus(Porscheplatz)|Korntal,8006268,Stuttgart-Weilimdorf,Baden-Württemberg,Stuttgart,70499,9.094370086,48.82208429,5,2411091548,,2411091548,,,,,,,,,,,0.0,0.0
-3211478262182188991-2411091533-8,7645,2411091556,2411091556,2,,S,6,Weil der Stadt|Malmsheim|Renningen|Rutesheim|Leonberg|Höfingen|Ditzingen,8006268,Stuttgart-Weilimdorf,Baden-Württemberg,Stuttgart,70499,9.094370086,48.82208429,5,2411091556,,2411091557,,,,,,,,,,,0.0,1.0
-5544791981213765004-2411091442-10,7638,2411091503,2411091503,1,,S,6,Stuttgart Schwabstr.|Stuttgart Feuersee|Stuttgart Stadtmitte|Stuttgart Hbf (tief)|Stuttgart Nord|Stuttgart-Feuerbach|Stuttgart-Zuffenhausen|Neuwirtshaus(Porscheplatz)|Korntal,8006268,Stuttgart-Weilimdorf,Baden-Württemberg,Stuttgart,70499,9.094370086,48.82208429,5,2411091505,,2411091506,,,,,,,,,,,2.0,3.0
913351823682649731-2411091457-10,7044,2411091518,2411091518,1,,S,60,Stuttgart Schwabstr.|Stuttgart Feuersee|Stuttgart Stadtmitte|Stuttgart Hbf (tief)|Stuttgart Nord|Stuttgart-Feuerbach|Stuttgart-Zuffenhausen|Neuwirtshaus(Porscheplatz)|Korntal,8006268,Stuttgart-Weilimdorf,Baden-Württemberg,Stuttgart,70499,9.094370086,48.82208429,5,2411091520,,2411091520,,,,,,,,,,,2.0,2.0
7026301837444097691-2411091512-10,7640,2411091533,2411091533,1,,S,6,Stuttgart Schwabstr.|Stuttgart Feuersee|Stuttgart Stadtmitte|Stuttgart Hbf (tief)|Stuttgart Nord|Stuttgart-Feuerbach|Stuttgart-Zuffenhausen|Neuwirtshaus(Porscheplatz)|Korntal,8006268,Stuttgart-Weilimdorf,Baden-Württemberg,Stuttgart,70499,9.094370086,48.82208429,5,2411091535,,2411091535,,,,,,,,,,,2.0,2.0
-3747023062711209303-2411091434-12,7039,2411091511,2411091511,2,,S,60,Böblingen|Sindelfingen|Maichingen|Maichingen Nord|Magstadt|Renningen Süd|Renningen|Rutesheim|Leonberg|Höfingen|Ditzingen,8006268,Stuttgart-Weilimdorf,Baden-Württemberg,Stuttgart,70499,9.094370086,48.82208429,5,2411091511,,2411091512,,,,,,,,,,,0.0,1.0
-4327327279162025655-2411091433-11,7641,2411091503,2411091504,12,,S,6,Weil der Stadt|Malmsheim|Renningen|Rutesheim|Leonberg|Höfingen|Ditzingen|Weilimdorf|Korntal|Neuwirtshaus(Porscheplatz),8005778,Stuttgart-Zuffenhausen,Baden-Württemberg,Stuttgart,70435,9.167156375,48.82960884,3,2411091503,,2411091504,,,,,,,,,,,0.0,0.0
2172981486547262984-2411091448-11,7939,2411091518,2411091519,12,,S,6,Weil der Stadt|Malmsheim|Renningen|Rutesheim|Leonberg|Höfingen|Ditzingen|Weilimdorf|Korntal|Neuwirtshaus(Porscheplatz),8005778,Stuttgart-Zuffenhausen,Baden-Württemberg,Stuttgart,70435,9.167156375,48.82960884,3,2411091520,,2411091520,,,,,,,,,,,2.0,1.0
1934965819197324089-2411091542-7,7642,2411091556,2411091557,11,,S,6,Stuttgart Schwabstr.|Stuttgart Feuersee|Stuttgart Stadtmitte|Stuttgart Hbf (tief)|Stuttgart Nord|Stuttgart-Feuerbach,8005778,Stuttgart-Zuffenhausen,Baden-Württemberg,Stuttgart,70435,9.167156375,48.82960884,3,2411091559,,2411091600,,,,,,,,,,,3.0,3.0
-5444476258917657908-2411091503-11,7643,2411091533,2411091534,12,,S,6,Weil der Stadt|Malmsheim|Renningen|Rutesheim|Leonberg|Höfingen|Ditzingen|Weilimdorf|Korntal|Neuwirtshaus(Porscheplatz),8005778,Stuttgart-Zuffenhausen,Baden-Württemberg,Stuttgart,70435,9.167156375,48.82960884,3,2411091533,,2411091534,,,,,,,,,,,0.0,0.0
7143365029900082015-2411091504-15,7041,2411091548,2411091549,12,,S,60,Böblingen|Sindelfingen|Maichingen|Maichingen Nord|Magstadt|Renningen Süd|Renningen|Rutesheim|Leonberg|Höfingen|Ditzingen|Weilimdorf|Korntal|Neuwirtshaus(Porscheplatz),8005778,Stuttgart-Zuffenhausen,Baden-Württemberg,Stuttgart,70435,9.167156375,48.82960884,3,2411091549,,2411091549,,,,,,,,,,,1.0,0.0
-1234815948704701360-2411091518-11,7941,2411091548,2411091549,12,,S,6,Weil der Stadt|Malmsheim|Renningen|Rutesheim|Leonberg|Höfingen|Ditzingen|Weilimdorf|Korntal|Neuwirtshaus(Porscheplatz),8005778,Stuttgart-Zuffenhausen,Baden-Württemberg,Stuttgart,70435,9.167156375,48.82960884,3,2411091549,,2411091549,,,,,,,,,,,1.0,0.0
8320292137995350256-2411091457-7,7944,2411091511,2411091512,11,,S,6,Stuttgart Schwabstr.|Stuttgart Feuersee|Stuttgart Stadtmitte|Stuttgart Hbf (tief)|Stuttgart Nord|Stuttgart-Feuerbach,8005778,Stuttgart-Zuffenhausen,Baden-Württemberg,Stuttgart,70435,9.167156375,48.82960884,3,2411091514,,2411091514,,,,,,,,,,,3.0,2.0
2922006695511414061-2411091522-7,7542,2411091536,2411091537,4,,S,5,Stuttgart Schwabstr.|Stuttgart Feuersee|Stuttgart Stadtmitte|Stuttgart Hbf (tief)|Stuttgart Nord|Stuttgart-Feuerbach,8005778,Stuttgart-Zuffenhausen,Baden-Württemberg,Stuttgart,70435,9.167156375,48.82960884,3,2411091537,,2411091538,,,,,,,,,,,1.0,1.0
2117167495013711453-2411091455-7,7441,2411091513,2411091514,2,,S,4,Marbach(Neckar)|Benningen(Neckar)|Freiberg(Neckar)|Favoritepark|Ludwigsburg|Kornwestheim Pbf,8005778,Stuttgart-Zuffenhausen,Baden-Württemberg,Stuttgart,70435,9.167156375,48.82960884,3,2411091516,,2411091517,,,,,,,,,,,3.0,3.0
4172427275351444706-2411091525-7,7443,2411091543,2411091544,2,,S,4,Marbach(Neckar)|Benningen(Neckar)|Freiberg(Neckar)|Favoritepark|Ludwigsburg|Kornwestheim Pbf,8005778,Stuttgart-Zuffenhausen,Baden-Württemberg,Stuttgart,70435,9.167156375,48.82960884,3,2411091545,,2411091545,,,,,,,,,,,2.0,1.0
-4899815477540796252-2411091507-6,7543,2411091523,2411091524,2,,S,5,Bietigheim-Bissingen|Tamm(Württ)|Asperg|Ludwigsburg|Kornwestheim Pbf,8005778,Stuttgart-Zuffenhausen,Baden-Württemberg,Stuttgart,70435,9.167156375,48.82960884,3,2411091525,,2411091525,,,,,,,,,,,2.0,1.0
-737632065509960731-2411091502-7,7438,2411091516,2411091517,4,,S,4,Stuttgart Schwabstr.|Stuttgart Feuersee|Stuttgart Stadtmitte|Stuttgart Hbf (tief)|Stuttgart Nord|Stuttgart-Feuerbach,8005778,Stuttgart-Zuffenhausen,Baden-Württemberg,Stuttgart,70435,9.167156375,48.82960884,3,2411091523,,2411091524,,,,,,,,,,,7.0,7.0
2563828640898461556-2411091527-7,7046,2411091541,2411091542,11,,S,60,Stuttgart Schwabstr.|Stuttgart Feuersee|Stuttgart Stadtmitte|Stuttgart Hbf (tief)|Stuttgart Nord|Stuttgart-Feuerbach,8005778,Stuttgart-Zuffenhausen,Baden-Württemberg,Stuttgart,70435,9.167156375,48.82960884,3,2411091541,,2411091542,,,,,,,,,,,0.0,0.0
-8943419019566147367-2411091452-7,7540,2411091506,2411091507,4,,S,5,Stuttgart Schwabstr.|Stuttgart Feuersee|Stuttgart Stadtmitte|Stuttgart Hbf (tief)|Stuttgart Nord|Stuttgart-Feuerbach,8005778,Stuttgart-Zuffenhausen,Baden-Württemberg,Stuttgart,70435,9.167156375,48.82960884,3,2411091506,,2411091507,,,,,,,,,,,0.0,0.0
1497267941418712662-2411091527-7,7946,2411091541,2411091542,11,,S,6,Stuttgart Schwabstr.|Stuttgart Feuersee|Stuttgart Stadtmitte|Stuttgart Hbf (tief)|Stuttgart Nord|Stuttgart-Feuerbach,8005778,Stuttgart-Zuffenhausen,Baden-Württemberg,Stuttgart,70435,9.167156375,48.82960884,3,2411091541,,2411091542,,,,,,,,,,,0.0,0.0
6801304589286144337-2411091537-6,7545,2411091553,2411091554,2,,S,5,Bietigheim-Bissingen|Tamm(Württ)|Asperg|Ludwigsburg|Kornwestheim Pbf,8005778,Stuttgart-Zuffenhausen,Baden-Württemberg,Stuttgart,70435,9.167156375,48.82960884,3,2411091555,,2411091556,,,,,,,,,,,2.0,2.0
913351823682649731-2411091457-7,7044,2411091511,2411091512,11,,S,60,Stuttgart Schwabstr.|Stuttgart Feuersee|Stuttgart Stadtmitte|Stuttgart Hbf (tief)|Stuttgart Nord|Stuttgart-Feuerbach,8005778,Stuttgart-Zuffenhausen,Baden-Württemberg,Stuttgart,70435,9.167156375,48.82960884,3,2411091514,,2411091514,,,,,,,,,,,3.0,2.0
-3297446366946865783-2411091532-7,7440,2411091546,2411091547,4,,S,4,Stuttgart Schwabstr.|Stuttgart Feuersee|Stuttgart Stadtmitte|Stuttgart Hbf (tief)|Stuttgart Nord|Stuttgart-Feuerbach,8005778,Stuttgart-Zuffenhausen,Baden-Württemberg,Stuttgart,70435,9.167156375,48.82960884,3,2411091547,,2411091547,,,,,,,,,,,1.0,0.0
7026301837444097691-2411091512-7,7640,2411091526,2411091527,11,,S,6,Stuttgart Schwabstr.|Stuttgart Feuersee|Stuttgart Stadtmitte|Stuttgart Hbf (tief)|Stuttgart Nord|Stuttgart-Feuerbach,8005778,Stuttgart-Zuffenhausen,Baden-Württemberg,Stuttgart,70435,9.167156375,48.82960884,3,2411091528,,2411091529,,,,,,,,,,,2.0,2.0
-3747023062711209303-2411091434-15,7039,2411091518,2411091519,12,,S,60,Böblingen|Sindelfingen|Maichingen|Maichingen Nord|Magstadt|Renningen Süd|Renningen|Rutesheim|Leonberg|Höfingen|Ditzingen|Weilimdorf|Korntal|Neuwirtshaus(Porscheplatz),8005778,Stuttgart-Zuffenhausen,Baden-Württemberg,Stuttgart,70435,9.167156375,48.82960884,3,2411091520,,2411091520,,,,,,,,,,,2.0,1.0
2922006695511414061-2411091522-11,7542,2411091549,2411091550,3,,S,5,Stuttgart Schwabstr.|Stuttgart Feuersee|Stuttgart Stadtmitte|Stuttgart Hbf (tief)|Stuttgart Nord|Stuttgart-Feuerbach|Stuttgart-Zuffenhausen|Kornwestheim Pbf|Ludwigsburg|Asperg,8005820,Tamm (Württ),Baden-Württemberg,Tamm,71732,9.125288012,48.92187736,4,2411091551,,2411091551,,,,,,,,,,,2.0,1.0
-4899815477540796252-2411091507-2,7543,2411091510,2411091510,2,,S,5,Bietigheim-Bissingen,8005820,Tamm (Württ),Baden-Württemberg,Tamm,71732,9.125288012,48.92187736,4,2411091511,,2411091511,,,,,,,,,,,1.0,1.0
-8943419019566147367-2411091452-11,7540,2411091519,2411091520,3,,S,5,Stuttgart Schwabstr.|Stuttgart Feuersee|Stuttgart Stadtmitte|Stuttgart Hbf (tief)|Stuttgart Nord|Stuttgart-Feuerbach|Stuttgart-Zuffenhausen|Kornwestheim Pbf|Ludwigsburg|Asperg,8005820,Tamm (Württ),Baden-Württemberg,Tamm,71732,9.125288012,48.92187736,4,2411091519,,2411091520,,,,,,,,,,,0.0,0.0
6801304589286144337-2411091537-2,7545,2411091540,2411091540,2,,S,5,Bietigheim-Bissingen,8005820,Tamm (Württ),Baden-Württemberg,Tamm,71732,9.125288012,48.92187736,4,2411091541,,2411091541,,,,,,,,,,,1.0,1.0
1440578681846930036-2411091520-3,19473,2411091532,2411091532,6,,MEX,13,Stuttgart Hbf|Stuttgart-Bad Cannstatt,8000180,Waiblingen,Baden-Württemberg,Waiblingen,71332,9.300476874,48.8262444,3,2411091532,,2411091534,,,,,,,,,,,0.0,2.0
-3924626970669458370-2411091541-7,7345,2411091559,2411091600,1,,S,3,Backnang|Maubach|Nellmersbach|Winnenden|Schwaikheim|Neustadt-Hohenacker,8000180,Waiblingen,Baden-Württemberg,Waiblingen,71332,9.300476874,48.8262444,3,2411091602,,2411091603,,,,,,,,,,,3.0,3.0
-5993523953222747049-2411091352-18,19474,2411091528,2411091528,6,,MEX,13,Crailsheim|Jagstzell|Ellwangen|Schrezheim|Schwabsberg|Goldshöfe|Hofen(b Aalen)|Wasseralfingen|Aalen Hbf|Mögglingen(Gmünd)|Böbingen(Rems)|Schwäbisch Gmünd|Lorch(Württ)|Waldhausen(b Schorndorf)|Plüderhausen|Urbach(b Schorndorf)|Schorndorf,8000180,Waiblingen,Baden-Württemberg,Waiblingen,71332,9.300476874,48.8262444,3,2411091528,,2411091527,,,,,,,,,,,0.0,-1.0
-8261116078888715749-2411091456-3,88621,2411091507,2411091508,3,,RE,90,Stuttgart Hbf|Stuttgart-Bad Cannstatt,8000180,Waiblingen,Baden-Württemberg,Waiblingen,71332,9.300476874,48.8262444,3,2411091508,,2411091509,,,,,,,,,,,1.0,1.0
8171908561727237859-2411091433-9,17540,2411091520,2411091521,1,,MEX,19,Gaildorf West|Fichtenberg|Fornsbach|Murrhardt|Sulzbach(Murr)|Oppenweiler(Württ)|Backnang|Winnenden,8000180,Waiblingen,Baden-Württemberg,Waiblingen,71332,9.300476874,48.8262444,3,2411091523,,2411091524,,c,,,,,,,,,3.0,3.0
5269909663185428628-2411091518-17,7342,2411091559,2411091600,3,,S,3,Stuttgart Flughafen/Messe|Echterdingen|Leinfelden|Oberaichen|Stuttgart-Rohr|Stuttgart-Vaihingen|Stuttgart-Österfeld|Stuttgart Universität|Stuttgart Schwabstr.|Stuttgart Feuersee|Stuttgart Stadtmitte|Stuttgart Hbf (tief)|Stuttgart-Bad Cannstatt|Stuttgart Nürnberger Str.|Stuttgart-Sommerrain|Fellbach,8000180,Waiblingen,Baden-Württemberg,Waiblingen,71332,9.300476874,48.8262444,3,2411091603,,2411091603,,,,,,,,,,,4.0,3.0
7211977659689692913-2411091503-8,17542,2411091550,2411091551,1,,MEX,90,Schwäbisch Hall-Hessental|Gaildorf West|Murrhardt|Sulzbach(Murr)|Oppenweiler(Württ)|Backnang|Winnenden,8000180,Waiblingen,Baden-Württemberg,Waiblingen,71332,9.300476874,48.8262444,3,2411091553,,2411091554,,c,,,,,,,,,3.0,3.0
-6038487735114022939-2411091526-3,17535,2411091536,2411091537,3,,MEX,19,Stuttgart Hbf|Stuttgart-Bad Cannstatt,8000180,Waiblingen,Baden-Württemberg,Waiblingen,71332,9.300476874,48.8262444,3,2411091537,,2411091537,,c,,,,,,,,,1.0,0.0
-7358693604956548566-2411091507-10,19426,2411091558,2411091558,6,,MEX,13,Aalen Hbf|Mögglingen(Gmünd)|Böbingen(Rems)|Schwäbisch Gmünd|Lorch(Württ)|Waldhausen(b Schorndorf)|Plüderhausen|Urbach(b Schorndorf)|Schorndorf,8000180,Waiblingen,Baden-Württemberg,Waiblingen,71332,9.300476874,48.8262444,3,2411091629,,2411091629,,,,,,,Aalen Hbf|Mögglingen(Gmünd)|Böbingen(Rems)|Schwäbisch Gmünd|Lorch(Württ)|Waldhausen(b Schorndorf)|Plüderhausen|Urbach(b Schorndorf)|Schorndorf,Stuttgart-Bad Cannstatt|Stuttgart Hbf,c,c,31.0,31.0
-3934810304618796517-2411091448-10,7243,2411091509,2411091510,5,,S,2,Schorndorf|Weiler(Rems)|Winterbach(b Schorndorf)|Geradstetten|Grunbach|Beutelsbach|Endersbach|Stetten-Beinstein|Rommelshausen,8000180,Waiblingen,Baden-Württemberg,Waiblingen,71332,9.300476874,48.8262444,3,2411091511,,2411091512,,,,,,,,,,,2.0,2.0
-3574262159782319876-2411091518-10,7245,2411091539,2411091540,5,,S,2,Schorndorf|Weiler(Rems)|Winterbach(b Schorndorf)|Geradstetten|Grunbach|Beutelsbach|Endersbach|Stetten-Beinstein|Rommelshausen,8000180,Waiblingen,Baden-Württemberg,Waiblingen,71332,9.300476874,48.8262444,3,2411091541,,2411091541,,,,,,,,,,,2.0,1.0
-3511945380786593269-2411091418-17,7338,2411091459,2411091500,3,,S,3,Stuttgart Flughafen/Messe|Echterdingen|Leinfelden|Oberaichen|Stuttgart-Rohr|Stuttgart-Vaihingen|Stuttgart-Österfeld|Stuttgart Universität|Stuttgart Schwabstr.|Stuttgart Feuersee|Stuttgart Stadtmitte|Stuttgart Hbf (tief)|Stuttgart-Bad Cannstatt|Stuttgart Nürnberger Str.|Stuttgart-Sommerrain|Fellbach,8000180,Waiblingen,Baden-Württemberg,Waiblingen,71332,9.300476874,48.8262444,3,2411091459,,2411091500,,,,,,,,,,,0.0,0.0
-8962126915234620710-2411091441-7,7341,2411091459,2411091500,1,,S,3,Backnang|Maubach|Nellmersbach|Winnenden|Schwaikheim|Neustadt-Hohenacker,8000180,Waiblingen,Baden-Württemberg,Waiblingen,71332,9.300476874,48.8262444,3,2411091500,,2411091500,,,,,,,,,,,1.0,0.0
8277071043988119434-2411091503-18,7240,2411091549,2411091550,7,,S,2,Filderstadt|Stuttgart Flughafen/Messe|Echterdingen|Leinfelden|Oberaichen|Stuttgart-Rohr|Stuttgart-Vaihingen|Stuttgart-Österfeld|Stuttgart Universität|Stuttgart Schwabstr.|Stuttgart Feuersee|Stuttgart Stadtmitte|Stuttgart Hbf (tief)|Stuttgart-Bad Cannstatt|Stuttgart Nürnberger Str.|Stuttgart-Sommerrain|Fellbach,8000180,Waiblingen,Baden-Württemberg,Waiblingen,71332,9.300476874,48.8262444,3,2411091552,,2411091552,,,,,,,,,,,3.0,2.0
-6660169013356802205-2411091433-18,7238,2411091519,2411091520,7,,S,2,Filderstadt|Stuttgart Flughafen/Messe|Echterdingen|Leinfelden|Oberaichen|Stuttgart-Rohr|Stuttgart-Vaihingen|Stuttgart-Österfeld|Stuttgart Universität|Stuttgart Schwabstr.|Stuttgart Feuersee|Stuttgart Stadtmitte|Stuttgart Hbf (tief)|Stuttgart-Bad Cannstatt|Stuttgart Nürnberger Str.|Stuttgart-Sommerrain|Fellbach,8000180,Waiblingen,Baden-Württemberg,Waiblingen,71332,9.300476874,48.8262444,3,2411091527,,2411091526,,,,,,,,,,,8.0,6.0
-6269570380150531111-2411091448-17,7340,2411091529,2411091530,3,,S,3,Stuttgart Flughafen/Messe|Echterdingen|Leinfelden|Oberaichen|Stuttgart-Rohr|Stuttgart-Vaihingen|Stuttgart-Österfeld|Stuttgart Universität|Stuttgart Schwabstr.|Stuttgart Feuersee|Stuttgart Stadtmitte|Stuttgart Hbf (tief)|Stuttgart-Bad Cannstatt|Stuttgart Nürnberger Str.|Stuttgart-Sommerrain|Fellbach,8000180,Waiblingen,Baden-Württemberg,Waiblingen,71332,9.300476874,48.8262444,3,2411091531,,2411091531,,,,,,,,,,,2.0,1.0
1683497155762233529-2411091446-3,19421,2411091502,2411091502,6,,MEX,13,Stuttgart Hbf|Stuttgart-Bad Cannstatt,8000180,Waiblingen,Baden-Württemberg,Waiblingen,71332,9.300476874,48.8262444,3,2411091502,,2411091502,,,,,,,,,,,0.0,0.0
-7289711712054290115-2411091511-7,7343,2411091529,2411091530,1,,S,3,Backnang|Maubach|Nellmersbach|Winnenden|Schwaikheim|Neustadt-Hohenacker,8000180,Waiblingen,Baden-Württemberg,Waiblingen,71332,9.300476874,48.8262444,3,2411091530,,2411091530,,,,,,,,,,,1.0,0.0
-5444476258917657908-2411091503-1,7643,,2411091503,,,S,6,,8006271,Weil der Stadt,Baden-Württemberg,Weil der Stadt,71263,8.873189074,48.7557357,4,,,2411091503,,,,,,,,,,,0.0,0.0
-1234815948704701360-2411091518-1,7941,,2411091518,,,S,6,,8006271,Weil der Stadt,Baden-Württemberg,Weil der Stadt,71263,8.873189074,48.7557357,4,,,2411091518,,,,,,,,,,,0.0,0.0
8320292137995350256-2411091457-17,7944,2411091542,,1,,S,,Stuttgart Schwabstr.|Stuttgart Feuersee|Stuttgart Stadtmitte|Stuttgart Hbf (tief)|Stuttgart Nord|Stuttgart-Feuerbach|Stuttgart-Zuffenhausen|Neuwirtshaus(Porscheplatz)|Korntal|Weilimdorf|Ditzingen|Höfingen|Leonberg|Rutesheim|Renningen|Malmsheim,8006271,Weil der Stadt,Baden-Württemberg,Weil der Stadt,71263,8.873189074,48.7557357,4,2411091542,,,,,,,,,,,,,0.0,0.0
-3211478262182188991-2411091533-1,7645,,2411091533,,,S,6,,8006271,Weil der Stadt,Baden-Württemberg,Weil der Stadt,71263,8.873189074,48.7557357,4,,,2411091533,,,,,,,,,,,0.0,0.0
-5544791981213765004-2411091442-17,7638,2411091527,,1,,S,,Stuttgart Schwabstr.|Stuttgart Feuersee|Stuttgart Stadtmitte|Stuttgart Hbf (tief)|Stuttgart Nord|Stuttgart-Feuerbach|Stuttgart-Zuffenhausen|Neuwirtshaus(Porscheplatz)|Korntal|Weilimdorf|Ditzingen|Höfingen|Leonberg|Rutesheim|Renningen|Malmsheim,8006271,Weil der Stadt,Baden-Württemberg,Weil der Stadt,71263,8.873189074,48.7557357,4,2411091527,,,,,,,,,,,,,0.0,0.0
3246189176618786704-2411091548-1,7943,,2411091548,,,S,6,,8006271,Weil der Stadt,Baden-Württemberg,Weil der Stadt,71263,8.873189074,48.7557357,4,,,2411091548,,,,,,,,,,,0.0,0.0
7026301837444097691-2411091512-17,7640,2411091557,,1,,S,,Stuttgart Schwabstr.|Stuttgart Feuersee|Stuttgart Stadtmitte|Stuttgart Hbf (tief)|Stuttgart Nord|Stuttgart-Feuerbach|Stuttgart-Zuffenhausen|Neuwirtshaus(Porscheplatz)|Korntal|Weilimdorf|Ditzingen|Höfingen|Leonberg|Rutesheim|Renningen|Malmsheim,8006271,Weil der Stadt,Baden-Württemberg,Weil der Stadt,71263,8.873189074,48.7557357,4,2411091557,,,,,,,,,,,,,0.0,0.0
-6394979892939317837-2411091427-17,7942,2411091512,,1,,S,,Stuttgart Schwabstr.|Stuttgart Feuersee|Stuttgart Stadtmitte|Stuttgart Hbf (tief)|Stuttgart Nord|Stuttgart-Feuerbach|Stuttgart-Zuffenhausen|Neuwirtshaus(Porscheplatz)|Korntal|Weilimdorf|Ditzingen|Höfingen|Leonberg|Rutesheim|Renningen|Malmsheim,8006271,Weil der Stadt,Baden-Württemberg,Weil der Stadt,71263,8.873189074,48.7557357,4,2411091512,,,,,,,,,,,,,0.0,0.0
-5445906738201891339-2411091548-2,7247,2411091551,2411091551,2,,S,2,Schorndorf,8006277,Weiler (Rems),Baden-Württemberg,Schorndorf,76314,9.501891172,48.80034585,5,2411091553,,2411091553,,,,,,,,,,,2.0,2.0
-7476481686954670934-2411091403-26,7236,2411091507,2411091507,1,,S,2,Filderstadt|Stuttgart Flughafen/Messe|Echterdingen|Leinfelden|Oberaichen|Stuttgart-Rohr|Stuttgart-Vaihingen|Stuttgart-Österfeld|Stuttgart Universität|Stuttgart Schwabstr.|Stuttgart Feuersee|Stuttgart Stadtmitte|Stuttgart Hbf (tief)|Stuttgart-Bad Cannstatt|Stuttgart Nürnberger Str.|Stuttgart-Sommerrain|Fellbach|Waiblingen|Rommelshausen|Stetten-Beinstein|Endersbach|Beutelsbach|Grunbach|Geradstetten|Winterbach(b Schorndorf),8006277,Weiler (Rems),Baden-Württemberg,Schorndorf,76314,9.501891172,48.80034585,5,2411091508,,2411091508,,,,,,,,,,,1.0,1.0
-3574262159782319876-2411091518-2,7245,2411091521,2411091521,2,,S,2,Schorndorf,8006277,Weiler (Rems),Baden-Württemberg,Schorndorf,76314,9.501891172,48.80034585,5,2411091520,,2411091521,,,,,,,,,,,-1.0,0.0
-6660169013356802205-2411091433-26,7238,2411091537,2411091537,1,,S,2,Filderstadt|Stuttgart Flughafen/Messe|Echterdingen|Leinfelden|Oberaichen|Stuttgart-Rohr|Stuttgart-Vaihingen|Stuttgart-Österfeld|Stuttgart Universität|Stuttgart Schwabstr.|Stuttgart Feuersee|Stuttgart Stadtmitte|Stuttgart Hbf (tief)|Stuttgart-Bad Cannstatt|Stuttgart Nürnberger Str.|Stuttgart-Sommerrain|Fellbach|Waiblingen|Rommelshausen|Stetten-Beinstein|Endersbach|Beutelsbach|Grunbach|Geradstetten|Winterbach(b Schorndorf),8006277,Weiler (Rems),Baden-Württemberg,Schorndorf,76314,9.501891172,48.80034585,5,2411091545,,2411091545,,,,,,,,,,,8.0,8.0
4072156939518414703-2411091433-5,19322,2411091504,2411091505,1,,MEX,18,Tübingen Hbf|Reutlingen Hbf|Metzingen(Württ)|Nürtingen,8006331,Wendlingen (Neckar),Baden-Württemberg,Wendlingen am Neckar,73240,9.373662098,48.67368917,3,2411091505,,2411091507,,,,,,,,,,,1.0,2.0
-7647891736904075872-2411091524-1,16061,,2411091524,,,IRE,200,,8006331,Wendlingen (Neckar),Baden-Württemberg,Wendlingen am Neckar,73240,9.373662098,48.67368917,3,,,2411091524,,,,,,,,,,,0.0,0.0
6830165283023982751-2411091520-3,7145,2411091527,2411091528,12,,S,1,Kirchheim(Teck)|Kirchheim(Teck)-Ötlingen,8006331,Wendlingen (Neckar),Baden-Württemberg,Wendlingen am Neckar,73240,9.373662098,48.67368917,3,2411091529,,2411091529,,h,2,Bauarbeiten,,,,,,,2.0,1.0
4368264823792479342-2411091416-25,7140,2411091532,2411091533,11,,S,1,Herrenberg|Nufringen|Gärtringen|Ehningen(b Böblingen)|Hulb|Böblingen|Goldberg(Württ)|Stuttgart-Rohr|Stuttgart-Vaihingen|Stuttgart-Österfeld|Stuttgart Universität|Stuttgart Schwabstr.|Stuttgart Feuersee|Stuttgart Stadtmitte|Stuttgart Hbf (tief)|Stuttgart-Bad Cannstatt|Stuttgart-Untertürkheim|Esslingen-Mettingen|Esslingen(Neckar)|Oberesslingen|Esslingen-Zell|Altbach|Plochingen|Wernau(Neckar),8006331,Wendlingen (Neckar),Baden-Württemberg,Wendlingen am Neckar,73240,9.373662098,48.67368917,3,2411091540,,2411091540,,h,2,Bauarbeiten,,,,,,,8.0,7.0
-7943516118168061046-2411091357-13,19227,2411091518,2411091518,2,,MEX,12,Heilbronn Hbf|Nordheim(Württ)|Lauffen(Neckar)|Kirchheim(Neckar)|Walheim(Württ)|Besigheim|Bietigheim-Bissingen|Ludwigsburg|Stuttgart Hbf|Stuttgart-Bad Cannstatt|Esslingen(Neckar)|Plochingen,8006331,Wendlingen (Neckar),Baden-Württemberg,Wendlingen am Neckar,73240,9.373662098,48.67368917,3,2411091518,,2411091519,,,,,,,,,,,0.0,1.0
6042905361873535715-2411091346-25,7138,2411091502,2411091503,11,,S,1,Herrenberg|Nufringen|Gärtringen|Ehningen(b Böblingen)|Hulb|Böblingen|Goldberg(Württ)|Stuttgart-Rohr|Stuttgart-Vaihingen|Stuttgart-Österfeld|Stuttgart Universität|Stuttgart Schwabstr.|Stuttgart Feuersee|Stuttgart Stadtmitte|Stuttgart Hbf (tief)|Stuttgart-Bad Cannstatt|Stuttgart-Untertürkheim|Esslingen-Mettingen|Esslingen(Neckar)|Oberesslingen|Esslingen-Zell|Altbach|Plochingen|Wernau(Neckar),8006331,Wendlingen (Neckar),Baden-Württemberg,Wendlingen am Neckar,73240,9.373662098,48.67368917,3,2411091506,,2411091507,,h,2,Bauarbeiten,,,,,,,4.0,4.0
-5669163675904014123-2411091505-7,19236,2411091540,2411091541,1,,MEX,12,Tübingen Hbf|Reutlingen Hbf|Metzingen(Württ)|Bempflingen|Nürtingen|Oberboihingen,8006331,Wendlingen (Neckar),Baden-Württemberg,Wendlingen am Neckar,73240,9.373662098,48.67368917,3,2411091540,,2411091541,,,,,,,,,,,0.0,0.0
-2005127229679540521-2411091529-3,16062,2411091559,,3,,IRE,,Ulm Hbf|Merklingen - Schwäbische Alb,8006331,Wendlingen (Neckar),Baden-Württemberg,Wendlingen am Neckar,73240,9.373662098,48.67368917,3,2411091556,,,,,,,,,,,,,-3.0,0.0
9072809401414477062-2411091550-3,7147,2411091557,2411091558,12,,S,1,Kirchheim(Teck)|Kirchheim(Teck)-Ötlingen,8006331,Wendlingen (Neckar),Baden-Württemberg,Wendlingen am Neckar,73240,9.373662098,48.67368917,3,2411091558,,2411091559,,h,2,Bauarbeiten,,,,,,,1.0,1.0
1774589824052612153-2411091336-26,19323,2411091551,2411091551,2,,MEX,18,Osterburken|Adelsheim Ost|Sennfeld|Roigheim|Möckmühl|Züttlingen|Siglingen|Neudenau|Herbolzheim(Jagst)|Untergriesheim|Bad Friedrichshall Hbf|Neckarsulm|Heilbronn Sülmertor|Heilbronn Hbf|Nordheim(Württ)|Lauffen(Neckar)|Kirchheim(Neckar)|Walheim(Württ)|Besigheim|Bietigheim-Bissingen|Ludwigsburg|Stuttgart Hbf|Stuttgart-Bad Cannstatt|Esslingen(Neckar)|Plochingen,8006331,Wendlingen (Neckar),Baden-Württemberg,Wendlingen am Neckar,73240,9.373662098,48.67368917,3,2411091551,,2411091552,,,,,,,,,,,0.0,1.0
6830165283023982751-2411091520-4,7145,2411091531,2411091531,1,,S,1,Kirchheim(Teck)|Kirchheim(Teck)-Ötlingen|Wendlingen(Neckar),8006346,Wernau (Neckar),Baden-Württemberg,Wernau (Neckar),73249,9.413654423,48.69417221,4,2411091532,,2411091533,,h,2,Bauarbeiten,,,,,,,1.0,2.0
4368264823792479342-2411091416-24,7140,2411091528,2411091529,2,,S,1,Herrenberg|Nufringen|Gärtringen|Ehningen(b Böblingen)|Hulb|Böblingen|Goldberg(Württ)|Stuttgart-Rohr|Stuttgart-Vaihingen|Stuttgart-Österfeld|Stuttgart Universität|Stuttgart Schwabstr.|Stuttgart Feuersee|Stuttgart Stadtmitte|Stuttgart Hbf (tief)|Stuttgart-Bad Cannstatt|Stuttgart-Untertürkheim|Esslingen-Mettingen|Esslingen(Neckar)|Oberesslingen|Esslingen-Zell|Altbach|Plochingen,8006346,Wernau (Neckar),Baden-Württemberg,Wernau (Neckar),73249,9.413654423,48.69417221,4,2411091536,,2411091537,,h,2,Bauarbeiten,,,,,,,8.0,8.0
-275229670537218485-2411091450-4,7143,2411091501,2411091501,1,,S,1,Kirchheim(Teck)|Kirchheim(Teck)-Ötlingen|Wendlingen(Neckar),8006346,Wernau (Neckar),Baden-Württemberg,Wernau (Neckar),73249,9.413654423,48.69417221,4,2411091501,,2411091501,,h,2,Bauarbeiten,,,,,,,0.0,0.0
-5362237697829977230-2411091446-24,7142,2411091558,2411091559,2,,S,1,Herrenberg|Nufringen|Gärtringen|Ehningen(b Böblingen)|Hulb|Böblingen|Goldberg(Württ)|Stuttgart-Rohr|Stuttgart-Vaihingen|Stuttgart-Österfeld|Stuttgart Universität|Stuttgart Schwabstr.|Stuttgart Feuersee|Stuttgart Stadtmitte|Stuttgart Hbf (tief)|Stuttgart-Bad Cannstatt|Stuttgart-Untertürkheim|Esslingen-Mettingen|Esslingen(Neckar)|Oberesslingen|Esslingen-Zell|Altbach|Plochingen,8006346,Wernau (Neckar),Baden-Württemberg,Wernau (Neckar),73249,9.413654423,48.69417221,4,2411091558,,2411091559,,h,2,Bauarbeiten,,,,,,,0.0,0.0
-3924626970669458370-2411091541-4,7345,2411091549,2411091550,3,,S,3,Backnang|Maubach|Nellmersbach,8006479,Winnenden,Baden-Württemberg,Winnenden,71364,9.392155928,48.8795625,3,2411091550,,2411091552,,,,,,,,,,,1.0,2.0
-8261116078888715749-2411091456-4,88621,2411091515,2411091516,2,,RE,90,Stuttgart Hbf|Stuttgart-Bad Cannstatt|Waiblingen,8006479,Winnenden,Baden-Württemberg,Winnenden,71364,9.392155928,48.8795625,3,2411091515,,2411091516,,,,,,,,,,,0.0,0.0
8171908561727237859-2411091433-8,17540,2411091513,2411091514,3,,MEX,19,Gaildorf West|Fichtenberg|Fornsbach|Murrhardt|Sulzbach(Murr)|Oppenweiler(Württ)|Backnang,8006479,Winnenden,Baden-Württemberg,Winnenden,71364,9.392155928,48.8795625,3,2411091515,,2411091516,,,,,,,,,,,2.0,2.0
7211977659689692913-2411091503-7,17542,2411091543,2411091544,3,,MEX,90,Schwäbisch Hall-Hessental|Gaildorf West|Murrhardt|Sulzbach(Murr)|Oppenweiler(Württ)|Backnang,8006479,Winnenden,Baden-Württemberg,Winnenden,71364,9.392155928,48.8795625,3,2411091545,,2411091547,,,,,,,,,,,2.0,3.0
-6038487735114022939-2411091526-4,17535,2411091544,2411091547,2,,MEX,19,Stuttgart Hbf|Stuttgart-Bad Cannstatt|Waiblingen,8006479,Winnenden,Baden-Württemberg,Winnenden,71364,9.392155928,48.8795625,3,2411091544,,2411091547,,,,,,,,,,,0.0,0.0
-3511945380786593269-2411091418-20,7338,2411091509,2411091509,2,,S,3,Stuttgart Flughafen/Messe|Echterdingen|Leinfelden|Oberaichen|Stuttgart-Rohr|Stuttgart-Vaihingen|Stuttgart-Österfeld|Stuttgart Universität|Stuttgart Schwabstr.|Stuttgart Feuersee|Stuttgart Stadtmitte|Stuttgart Hbf (tief)|Stuttgart-Bad Cannstatt|Stuttgart Nürnberger Str.|Stuttgart-Sommerrain|Fellbach|Waiblingen|Neustadt-Hohenacker|Schwaikheim,8006479,Winnenden,Baden-Württemberg,Winnenden,71364,9.392155928,48.8795625,3,2411091509,,2411091509,,,,,,,,,,,0.0,0.0
-6269570380150531111-2411091448-20,7340,2411091539,2411091539,2,,S,3,Stuttgart Flughafen/Messe|Echterdingen|Leinfelden|Oberaichen|Stuttgart-Rohr|Stuttgart-Vaihingen|Stuttgart-Österfeld|Stuttgart Universität|Stuttgart Schwabstr.|Stuttgart Feuersee|Stuttgart Stadtmitte|Stuttgart Hbf (tief)|Stuttgart-Bad Cannstatt|Stuttgart Nürnberger Str.|Stuttgart-Sommerrain|Fellbach|Waiblingen|Neustadt-Hohenacker|Schwaikheim,8006479,Winnenden,Baden-Württemberg,Winnenden,71364,9.392155928,48.8795625,3,2411091541,,2411091540,,,,,,,,,,,2.0,1.0
-7289711712054290115-2411091511-4,7343,2411091519,2411091520,3,,S,3,Backnang|Maubach|Nellmersbach,8006479,Winnenden,Baden-Württemberg,Winnenden,71364,9.392155928,48.8795625,3,2411091520,,2411091520,,,,,,,,,,,1.0,0.0
-5445906738201891339-2411091548-3,7247,2411091553,2411091553,1,,S,2,Schorndorf|Weiler(Rems),8006485,Winterbach (b Schorndorf),Baden-Württemberg,Winterbach,73650,9.481549751,48.79842743,4,2411091555,,2411091555,,,,,,,,,,,2.0,2.0
-7476481686954670934-2411091403-25,7236,2411091505,2411091505,2,,S,2,Filderstadt|Stuttgart Flughafen/Messe|Echterdingen|Leinfelden|Oberaichen|Stuttgart-Rohr|Stuttgart-Vaihingen|Stuttgart-Österfeld|Stuttgart Universität|Stuttgart Schwabstr.|Stuttgart Feuersee|Stuttgart Stadtmitte|Stuttgart Hbf (tief)|Stuttgart-Bad Cannstatt|Stuttgart Nürnberger Str.|Stuttgart-Sommerrain|Fellbach|Waiblingen|Rommelshausen|Stetten-Beinstein|Endersbach|Beutelsbach|Grunbach|Geradstetten,8006485,Winterbach (b Schorndorf),Baden-Württemberg,Winterbach,73650,9.481549751,48.79842743,4,2411091506,,2411091506,,,,,,,,,,,1.0,1.0
-3574262159782319876-2411091518-3,7245,2411091523,2411091523,1,,S,2,Schorndorf|Weiler(Rems),8006485,Winterbach (b Schorndorf),Baden-Württemberg,Winterbach,73650,9.481549751,48.79842743,4,2411091523,,2411091523,,,,,,,,,,,0.0,0.0
-6660169013356802205-2411091433-25,7238,2411091535,2411091535,2,,S,2,Filderstadt|Stuttgart Flughafen/Messe|Echterdingen|Leinfelden|Oberaichen|Stuttgart-Rohr|Stuttgart-Vaihingen|Stuttgart-Österfeld|Stuttgart Universität|Stuttgart Schwabstr.|Stuttgart Feuersee|Stuttgart Stadtmitte|Stuttgart Hbf (tief)|Stuttgart-Bad Cannstatt|Stuttgart Nürnberger Str.|Stuttgart-Sommerrain|Fellbach|Waiblingen|Rommelshausen|Stetten-Beinstein|Endersbach|Beutelsbach|Grunbach|Geradstetten,8006485,Winterbach (b Schorndorf),Baden-Württemberg,Winterbach,73650,9.481549751,48.79842743,4,2411091543,,2411091543,,,,,,,,,,,8.0,8.0
-6317899099651385370-2411091534-5,7043,2411091543,2411091544,1,,S,60,Böblingen|Sindelfingen|Maichingen|Maichingen Nord,8003807,Magstadt,Baden-Württemberg,Magstadt,71106,8.965315746,48.73616033,6,2411091544,,2411091544,,,,,,,,,,,1.0,0.0
7143365029900082015-2411091504-5,7041,2411091513,2411091514,1,,S,60,Böblingen|Sindelfingen|Maichingen|Maichingen Nord,8003807,Magstadt,Baden-Württemberg,Magstadt,71106,8.965315746,48.73616033,6,2411091514,,2411091514,,,,,,,,,,,1.0,0.0
-7287303042673595040-2411091427-17,7042,2411091515,2411091515,2,,S,60,Stuttgart Schwabstr.|Stuttgart Feuersee|Stuttgart Stadtmitte|Stuttgart Hbf (tief)|Stuttgart Nord|Stuttgart-Feuerbach|Stuttgart-Zuffenhausen|Neuwirtshaus(Porscheplatz)|Korntal|Weilimdorf|Ditzingen|Höfingen|Leonberg|Rutesheim|Renningen|Renningen Süd,8003807,Magstadt,Baden-Württemberg,Magstadt,71106,8.965315746,48.73616033,6,2411091516,,2411091516,,,,,,,,,,,1.0,1.0
913351823682649731-2411091457-17,7044,2411091545,2411091545,2,,S,60,Stuttgart Schwabstr.|Stuttgart Feuersee|Stuttgart Stadtmitte|Stuttgart Hbf (tief)|Stuttgart Nord|Stuttgart-Feuerbach|Stuttgart-Zuffenhausen|Neuwirtshaus(Porscheplatz)|Korntal|Weilimdorf|Ditzingen|Höfingen|Leonberg|Rutesheim|Renningen|Renningen Süd,8003807,Magstadt,Baden-Württemberg,Magstadt,71106,8.965315746,48.73616033,6,2411091545,,2411091545,,,,,,,,,,,0.0,0.0
-6317899099651385370-2411091534-4,7043,2411091541,2411091541,1,,S,60,Böblingen|Sindelfingen|Maichingen,8003834,Maichingen Nord,Baden-Württemberg,Sindelfingen,71069,8.979416996,48.72750392,5,2411091542,,2411091542,,,,,,,,,,,1.0,1.0
7143365029900082015-2411091504-4,7041,2411091511,2411091511,1,,S,60,Böblingen|Sindelfingen|Maichingen,8003834,Maichingen Nord,Baden-Württemberg,Sindelfingen,71069,8.979416996,48.72750392,5,2411091512,,2411091512,,,,,,,,,,,1.0,1.0
-7287303042673595040-2411091427-18,7042,2411091517,2411091517,2,,S,60,Stuttgart Schwabstr.|Stuttgart Feuersee|Stuttgart Stadtmitte|Stuttgart Hbf (tief)|Stuttgart Nord|Stuttgart-Feuerbach|Stuttgart-Zuffenhausen|Neuwirtshaus(Porscheplatz)|Korntal|Weilimdorf|Ditzingen|Höfingen|Leonberg|Rutesheim|Renningen|Renningen Süd|Magstadt,8003834,Maichingen Nord,Baden-Württemberg,Sindelfingen,71069,8.979416996,48.72750392,5,2411091517,,2411091518,,,,,,,,,,,0.0,1.0
913351823682649731-2411091457-18,7044,2411091547,2411091547,2,,S,60,Stuttgart Schwabstr.|Stuttgart Feuersee|Stuttgart Stadtmitte|Stuttgart Hbf (tief)|Stuttgart Nord|Stuttgart-Feuerbach|Stuttgart-Zuffenhausen|Neuwirtshaus(Porscheplatz)|Korntal|Weilimdorf|Ditzingen|Höfingen|Leonberg|Rutesheim|Renningen|Renningen Süd|Magstadt,8003834,Maichingen Nord,Baden-Württemberg,Sindelfingen,71069,8.979416996,48.72750392,5,2411091547,,2411091548,,,,,,,,,,,0.0,1.0
-6317899099651385370-2411091534-3,7043,2411091539,2411091540,1,,S,60,Böblingen|Sindelfingen,8003808,Maichingen,Baden-Württemberg,Sindelfingen,71069,8.969606704,48.72162074,6,2411091540,,2411091540,,,,,,,,,,,1.0,0.0
7143365029900082015-2411091504-3,7041,2411091509,2411091510,1,,S,60,Böblingen|Sindelfingen,8003808,Maichingen,Baden-Württemberg,Sindelfingen,71069,8.969606704,48.72162074,6,2411091509,,2411091510,,,,,,,,,,,0.0,0.0
-7287303042673595040-2411091427-19,7042,2411091519,2411091519,1,,S,60,Stuttgart Schwabstr.|Stuttgart Feuersee|Stuttgart Stadtmitte|Stuttgart Hbf (tief)|Stuttgart Nord|Stuttgart-Feuerbach|Stuttgart-Zuffenhausen|Neuwirtshaus(Porscheplatz)|Korntal|Weilimdorf|Ditzingen|Höfingen|Leonberg|Rutesheim|Renningen|Renningen Süd|Magstadt|Maichingen Nord,8003808,Maichingen,Baden-Württemberg,Sindelfingen,71069,8.969606704,48.72162074,6,2411091520,,2411091520,,,,,,,,,,,1.0,1.0
913351823682649731-2411091457-19,7044,2411091549,2411091549,1,,S,60,Stuttgart Schwabstr.|Stuttgart Feuersee|Stuttgart Stadtmitte|Stuttgart Hbf (tief)|Stuttgart Nord|Stuttgart-Feuerbach|Stuttgart-Zuffenhausen|Neuwirtshaus(Porscheplatz)|Korntal|Weilimdorf|Ditzingen|Höfingen|Leonberg|Rutesheim|Renningen|Renningen Süd|Magstadt|Maichingen Nord,8003808,Maichingen,Baden-Württemberg,Sindelfingen,71069,8.969606704,48.72162074,6,2411091549,,2411091549,,,,,,,,,,,0.0,0.0
-6317899099651385370-2411091534-6,7043,2411091547,2411091548,1,,S,60,Böblingen|Sindelfingen|Maichingen|Maichingen Nord|Magstadt,8005001,Renningen Süd,Baden-Württemberg,Renningen,71272,8.932068278,48.76261937,6,2411091548,,2411091548,,,,,,,,,,,1.0,0.0
7143365029900082015-2411091504-6,7041,2411091517,2411091518,1,,S,60,Böblingen|Sindelfingen|Maichingen|Maichingen Nord|Magstadt,8005001,Renningen Süd,Baden-Württemberg,Renningen,71272,8.932068278,48.76261937,6,2411091518,,2411091518,,,,,,,,,,,1.0,0.0
-7287303042673595040-2411091427-16,7042,2411091511,2411091511,2,,S,60,Stuttgart Schwabstr.|Stuttgart Feuersee|Stuttgart Stadtmitte|Stuttgart Hbf (tief)|Stuttgart Nord|Stuttgart-Feuerbach|Stuttgart-Zuffenhausen|Neuwirtshaus(Porscheplatz)|Korntal|Weilimdorf|Ditzingen|Höfingen|Leonberg|Rutesheim|Renningen,8005001,Renningen Süd,Baden-Württemberg,Renningen,71272,8.932068278,48.76261937,6,2411091511,,2411091512,,,,,,,,,,,0.0,1.0
913351823682649731-2411091457-16,7044,2411091541,2411091541,2,,S,60,Stuttgart Schwabstr.|Stuttgart Feuersee|Stuttgart Stadtmitte|Stuttgart Hbf (tief)|Stuttgart Nord|Stuttgart-Feuerbach|Stuttgart-Zuffenhausen|Neuwirtshaus(Porscheplatz)|Korntal|Weilimdorf|Ditzingen|Höfingen|Leonberg|Rutesheim|Renningen,8005001,Renningen Süd,Baden-Württemberg,Renningen,71272,8.932068278,48.76261937,6,2411091542,,2411091542,,,,,,,,,,,1.0,1.0
-5395300073796226591-2411091516-15,7144,2411091555,2411091555,102,,S,1,Herrenberg|Nufringen|Gärtringen|Ehningen(b Böblingen)|Hulb|Böblingen|Goldberg(Württ)|Stuttgart-Rohr|Stuttgart-Vaihingen|Stuttgart-Österfeld|Stuttgart Universität|Stuttgart Schwabstr.|Stuttgart Feuersee|Stuttgart Stadtmitte,8098096,Stuttgart Hbf (tief),Baden-Württemberg,Stuttgart,70173,9.180228831,48.78338649,1,2411091556,,2411091557,,h,2,Bauarbeiten,,,,,,,1.0,2.0
-4327327279162025655-2411091433-14,7641,2411091512,2411091513,101,,S,6,Weil der Stadt|Malmsheim|Renningen|Rutesheim|Leonberg|Höfingen|Ditzingen|Weilimdorf|Korntal|Neuwirtshaus(Porscheplatz)|Stuttgart-Zuffenhausen|Stuttgart-Feuerbach|Stuttgart Nord,8098096,Stuttgart Hbf (tief),Baden-Württemberg,Stuttgart,70173,9.180228831,48.78338649,1,2411091512,,2411091513,,,,,,,,,,,0.0,0.0
2172981486547262984-2411091448-14,7939,2411091527,2411091528,101,,S,6,Weil der Stadt|Malmsheim|Renningen|Rutesheim|Leonberg|Höfingen|Ditzingen|Weilimdorf|Korntal|Neuwirtshaus(Porscheplatz)|Stuttgart-Zuffenhausen|Stuttgart-Feuerbach|Stuttgart Nord,8098096,Stuttgart Hbf (tief),Baden-Württemberg,Stuttgart,70173,9.180228831,48.78338649,1,2411091530,,2411091531,,,,,,,,,,,3.0,3.0
1934965819197324089-2411091542-4,7642,2411091547,2411091548,102,,S,6,Stuttgart Schwabstr.|Stuttgart Feuersee|Stuttgart Stadtmitte,8098096,Stuttgart Hbf (tief),Baden-Württemberg,Stuttgart,70173,9.180228831,48.78338649,1,2411091551,,2411091551,,,,,,,,,,,4.0,3.0
-5444476258917657908-2411091503-14,7643,2411091542,2411091543,101,,S,6,Weil der Stadt|Malmsheim|Renningen|Rutesheim|Leonberg|Höfingen|Ditzingen|Weilimdorf|Korntal|Neuwirtshaus(Porscheplatz)|Stuttgart-Zuffenhausen|Stuttgart-Feuerbach|Stuttgart Nord,8098096,Stuttgart Hbf (tief),Baden-Württemberg,Stuttgart,70173,9.180228831,48.78338649,1,2411091542,,2411091543,,,,,,,,,,,0.0,0.0
6061152492847953855-2411091552-4,7544,2411091557,2411091558,102,,S,5,Stuttgart Schwabstr.|Stuttgart Feuersee|Stuttgart Stadtmitte,8098096,Stuttgart Hbf (tief),Baden-Württemberg,Stuttgart,70173,9.180228831,48.78338649,1,2411091559,,2411091559,,,,,,,,,,,2.0,1.0
7143365029900082015-2411091504-18,7041,2411091557,2411091558,101,,S,60,Böblingen|Sindelfingen|Maichingen|Maichingen Nord|Magstadt|Renningen Süd|Renningen|Rutesheim|Leonberg|Höfingen|Ditzingen|Weilimdorf|Korntal|Neuwirtshaus(Porscheplatz)|Stuttgart-Zuffenhausen|Stuttgart-Feuerbach|Stuttgart Nord,8098096,Stuttgart Hbf (tief),Baden-Württemberg,Stuttgart,70173,9.180228831,48.78338649,1,2411091559,,2411091559,,,,,,,,,,,2.0,1.0
-1234815948704701360-2411091518-14,7941,2411091557,2411091558,101,,S,6,Weil der Stadt|Malmsheim|Renningen|Rutesheim|Leonberg|Höfingen|Ditzingen|Weilimdorf|Korntal|Neuwirtshaus(Porscheplatz)|Stuttgart-Zuffenhausen|Stuttgart-Feuerbach|Stuttgart Nord,8098096,Stuttgart Hbf (tief),Baden-Württemberg,Stuttgart,70173,9.180228831,48.78338649,1,2411091559,,2411091559,,,,,,,,,,,2.0,1.0
8320292137995350256-2411091457-4,7944,2411091502,2411091503,102,,S,6,Stuttgart Schwabstr.|Stuttgart Feuersee|Stuttgart Stadtmitte,8098096,Stuttgart Hbf (tief),Baden-Württemberg,Stuttgart,70173,9.180228831,48.78338649,1,2411091505,,2411091506,,,,,,,,,,,3.0,3.0
2922006695511414061-2411091522-4,7542,2411091527,2411091528,102,,S,5,Stuttgart Schwabstr.|Stuttgart Feuersee|Stuttgart Stadtmitte,8098096,Stuttgart Hbf (tief),Baden-Württemberg,Stuttgart,70173,9.180228831,48.78338649,1,2411091528,,2411091529,,,,,,,,,,,1.0,1.0
2117167495013711453-2411091455-10,7441,2411091522,2411091523,101,,S,4,Marbach(Neckar)|Benningen(Neckar)|Freiberg(Neckar)|Favoritepark|Ludwigsburg|Kornwestheim Pbf|Stuttgart-Zuffenhausen|Stuttgart-Feuerbach|Stuttgart Nord,8098096,Stuttgart Hbf (tief),Baden-Württemberg,Stuttgart,70173,9.180228831,48.78338649,1,2411091525,,2411091526,,,,,,,,,,,3.0,3.0
4172427275351444706-2411091525-10,7443,2411091552,2411091553,101,,S,4,Marbach(Neckar)|Benningen(Neckar)|Freiberg(Neckar)|Favoritepark|Ludwigsburg|Kornwestheim Pbf|Stuttgart-Zuffenhausen|Stuttgart-Feuerbach|Stuttgart Nord,8098096,Stuttgart Hbf (tief),Baden-Württemberg,Stuttgart,70173,9.180228831,48.78338649,1,2411091554,,2411091555,,,,,,,,,,,2.0,2.0
-4899815477540796252-2411091507-9,7543,2411091532,2411091533,101,,S,5,Bietigheim-Bissingen|Tamm(Württ)|Asperg|Ludwigsburg|Kornwestheim Pbf|Stuttgart-Zuffenhausen|Stuttgart-Feuerbach|Stuttgart Nord,8098096,Stuttgart Hbf (tief),Baden-Württemberg,Stuttgart,70173,9.180228831,48.78338649,1,2411091534,,2411091535,,,,,,,,,,,2.0,2.0
-737632065509960731-2411091502-4,7438,2411091507,2411091508,102,,S,4,Stuttgart Schwabstr.|Stuttgart Feuersee|Stuttgart Stadtmitte,8098096,Stuttgart Hbf (tief),Baden-Württemberg,Stuttgart,70173,9.180228831,48.78338649,1,2411091514,,2411091514,,,,,,,,,,,7.0,6.0
5269909663185428628-2411091518-12,7342,2411091545,2411091545,102,,S,3,Stuttgart Flughafen/Messe|Echterdingen|Leinfelden|Oberaichen|Stuttgart-Rohr|Stuttgart-Vaihingen|Stuttgart-Österfeld|Stuttgart Universität|Stuttgart Schwabstr.|Stuttgart Feuersee|Stuttgart Stadtmitte,8098096,Stuttgart Hbf (tief),Baden-Württemberg,Stuttgart,70173,9.180228831,48.78338649,1,2411091548,,2411091549,,,,,,,,,,,3.0,4.0
2563828640898461556-2411091527-4,7046,2411091532,2411091533,102,,S,60,Stuttgart Schwabstr.|Stuttgart Feuersee|Stuttgart Stadtmitte,8098096,Stuttgart Hbf (tief),Baden-Württemberg,Stuttgart,70173,9.180228831,48.78338649,1,2411091532,,2411091534,,,,,,,,,,,0.0,1.0
-3934810304618796517-2411091448-15,7243,2411091525,2411091525,101,,S,2,Schorndorf|Weiler(Rems)|Winterbach(b Schorndorf)|Geradstetten|Grunbach|Beutelsbach|Endersbach|Stetten-Beinstein|Rommelshausen|Waiblingen|Fellbach|Stuttgart-Sommerrain|Stuttgart Nürnberger Str.|Stuttgart-Bad Cannstatt,8098096,Stuttgart Hbf (tief),Baden-Württemberg,Stuttgart,70173,9.180228831,48.78338649,1,2411091527,,2411091528,,,,,,,,,,,2.0,3.0
-3574262159782319876-2411091518-15,7245,2411091555,2411091555,101,,S,2,Schorndorf|Weiler(Rems)|Winterbach(b Schorndorf)|Geradstetten|Grunbach|Beutelsbach|Endersbach|Stetten-Beinstein|Rommelshausen|Waiblingen|Fellbach|Stuttgart-Sommerrain|Stuttgart Nürnberger Str.|Stuttgart-Bad Cannstatt,8098096,Stuttgart Hbf (tief),Baden-Württemberg,Stuttgart,70173,9.180228831,48.78338649,1,2411091556,,2411091558,,,,,,,,,,,1.0,3.0
1497267941418712662-2411091527-4,7946,2411091532,2411091533,102,,S,6,Stuttgart Schwabstr.|Stuttgart Feuersee|Stuttgart Stadtmitte,8098096,Stuttgart Hbf (tief),Baden-Württemberg,Stuttgart,70173,9.180228831,48.78338649,1,2411091532,,2411091534,,,,,,,,,,,0.0,1.0
7236638317671658556-2411091420-12,7141,2411091505,2411091505,101,,S,1,Kirchheim(Teck)|Kirchheim(Teck)-Ötlingen|Wendlingen(Neckar)|Wernau(Neckar)|Plochingen|Altbach|Esslingen-Zell|Oberesslingen|Esslingen(Neckar)|Esslingen-Mettingen|Stuttgart-Bad Cannstatt,8098096,Stuttgart Hbf (tief),Baden-Württemberg,Stuttgart,70173,9.180228831,48.78338649,1,2411091505,,2411091506,,h,2,Bauarbeiten,,,,,,,0.0,1.0
913351823682649731-2411091457-4,7044,2411091502,2411091503,102,,S,60,Stuttgart Schwabstr.|Stuttgart Feuersee|Stuttgart Stadtmitte,8098096,Stuttgart Hbf (tief),Baden-Württemberg,Stuttgart,70173,9.180228831,48.78338649,1,2411091505,,2411091506,,,,,,,,,,,3.0,3.0
-8962126915234620710-2411091441-12,7341,2411091515,2411091515,101,,S,3,Backnang|Maubach|Nellmersbach|Winnenden|Schwaikheim|Neustadt-Hohenacker|Waiblingen|Fellbach|Stuttgart-Sommerrain|Stuttgart Nürnberger Str.|Stuttgart-Bad Cannstatt,8098096,Stuttgart Hbf (tief),Baden-Württemberg,Stuttgart,70173,9.180228831,48.78338649,1,2411091516,,2411091517,,,,,,,,,,,1.0,2.0
8277071043988119434-2411091503-13,7240,2411091535,2411091535,102,,S,2,Filderstadt|Stuttgart Flughafen/Messe|Echterdingen|Leinfelden|Oberaichen|Stuttgart-Rohr|Stuttgart-Vaihingen|Stuttgart-Österfeld|Stuttgart Universität|Stuttgart Schwabstr.|Stuttgart Feuersee|Stuttgart Stadtmitte,8098096,Stuttgart Hbf (tief),Baden-Württemberg,Stuttgart,70173,9.180228831,48.78338649,1,2411091536,,2411091537,,,,,,,,,,,1.0,2.0
-3297446366946865783-2411091532-4,7440,2411091537,2411091538,102,,S,4,Stuttgart Schwabstr.|Stuttgart Feuersee|Stuttgart Stadtmitte,8098096,Stuttgart Hbf (tief),Baden-Württemberg,Stuttgart,70173,9.180228831,48.78338649,1,2411091539,,2411091539,,,,,,,,,,,2.0,1.0
-6660169013356802205-2411091433-13,7238,2411091505,2411091505,102,,S,2,Filderstadt|Stuttgart Flughafen/Messe|Echterdingen|Leinfelden|Oberaichen|Stuttgart-Rohr|Stuttgart-Vaihingen|Stuttgart-Österfeld|Stuttgart Universität|Stuttgart Schwabstr.|Stuttgart Feuersee|Stuttgart Stadtmitte,8098096,Stuttgart Hbf (tief),Baden-Württemberg,Stuttgart,70173,9.180228831,48.78338649,1,2411091510,,2411091512,,,,,,,,,,,5.0,7.0
-6269570380150531111-2411091448-12,7340,2411091515,2411091515,102,,S,3,Stuttgart Flughafen/Messe|Echterdingen|Leinfelden|Oberaichen|Stuttgart-Rohr|Stuttgart-Vaihingen|Stuttgart-Österfeld|Stuttgart Universität|Stuttgart Schwabstr.|Stuttgart Feuersee|Stuttgart Stadtmitte,8098096,Stuttgart Hbf (tief),Baden-Württemberg,Stuttgart,70173,9.180228831,48.78338649,1,2411091516,,2411091516,,,,,,,,,,,1.0,1.0
3829718457082671082-2411091437-9,7541,2411091502,2411091503,101,,S,5,Bietigheim-Bissingen|Tamm(Württ)|Asperg|Ludwigsburg|Kornwestheim Pbf|Stuttgart-Zuffenhausen|Stuttgart-Feuerbach|Stuttgart Nord,8098096,Stuttgart Hbf (tief),Baden-Württemberg,Stuttgart,70173,9.180228831,48.78338649,1,2411091502,,2411091503,,,,,,,,,,,0.0,0.0
7026301837444097691-2411091512-4,7640,2411091517,2411091518,102,,S,6,Stuttgart Schwabstr.|Stuttgart Feuersee|Stuttgart Stadtmitte,8098096,Stuttgart Hbf (tief),Baden-Württemberg,Stuttgart,70173,9.180228831,48.78338649,1,2411091520,,2411091521,,,,,,,,,,,3.0,3.0
-275229670537218485-2411091450-12,7143,2411091535,2411091535,101,,S,1,Kirchheim(Teck)|Kirchheim(Teck)-Ötlingen|Wendlingen(Neckar)|Wernau(Neckar)|Plochingen|Altbach|Esslingen-Zell|Oberesslingen|Esslingen(Neckar)|Esslingen-Mettingen|Stuttgart-Bad Cannstatt,8098096,Stuttgart Hbf (tief),Baden-Württemberg,Stuttgart,70173,9.180228831,48.78338649,1,2411091537,,2411091538,,h,2,Bauarbeiten,,,,,,,2.0,3.0
-3747023062711209303-2411091434-18,7039,2411091527,2411091528,101,,S,60,Böblingen|Sindelfingen|Maichingen|Maichingen Nord|Magstadt|Renningen Süd|Renningen|Rutesheim|Leonberg|Höfingen|Ditzingen|Weilimdorf|Korntal|Neuwirtshaus(Porscheplatz)|Stuttgart-Zuffenhausen|Stuttgart-Feuerbach|Stuttgart Nord,8098096,Stuttgart Hbf (tief),Baden-Württemberg,Stuttgart,70173,9.180228831,48.78338649,1,2411091530,,2411091531,,,,,,,,,,,3.0,3.0
-7289711712054290115-2411091511-12,7343,2411091545,2411091545,101,,S,3,Backnang|Maubach|Nellmersbach|Winnenden|Schwaikheim|Neustadt-Hohenacker|Waiblingen|Fellbach|Stuttgart-Sommerrain|Stuttgart Nürnberger Str.|Stuttgart-Bad Cannstatt,8098096,Stuttgart Hbf (tief),Baden-Württemberg,Stuttgart,70173,9.180228831,48.78338649,1,2411091545,,2411091546,,,,,,,,,,,0.0,1.0
-5362237697829977230-2411091446-15,7142,2411091525,2411091525,102,,S,1,Herrenberg|Nufringen|Gärtringen|Ehningen(b Böblingen)|Hulb|Böblingen|Goldberg(Württ)|Stuttgart-Rohr|Stuttgart-Vaihingen|Stuttgart-Österfeld|Stuttgart Universität|Stuttgart Schwabstr.|Stuttgart Feuersee|Stuttgart Stadtmitte,8098096,Stuttgart Hbf (tief),Baden-Württemberg,Stuttgart,70173,9.180228831,48.78338649,1,2411091524,,2411091525,,h,2,Bauarbeiten,,,,,,,-1.0,0.0
