ID,train_number,planned_arrival,planned_departure,planned_platform,planned_status,category_train,train,path,eva_nr,station_name,station_state,station_city,station_zipcode,station_long,station_lat,station_category,changed_arrival,changed_platform_arrival,changed_departure,changed_platform_departure,message_status,priority,info,arrival_hidden,departure_hidden,arrival_path,departure_path,arrival_status,departure_status,arrival_delay_m,departure_delay_m
4731050731424122758-2512110816-24,7116,2512110919,2512110919,4,,S,1,Herrenberg|Nufringen|Gärtringen|Ehningen(b Böblingen)|Hulb|Böblingen|Goldberg(Württ)|Stuttgart-Rohr|Stuttgart-Vaihingen|Stuttgart-Österfeld|Stuttgart Universität|Stuttgart Schwabstr.|Stuttgart Feuersee|Stuttgart Stadtmitte|Stuttgart Hbf (tief)|Stuttgart-Bad Cannstatt|Stuttgart Neckarpark|Stuttgart-Untertürkheim|Stuttgart-Obertürkheim|Esslingen-Mettingen|Esslingen(Neckar)|Oberesslingen|Esslingen-Zell,8000508,Altbach,Baden-Württemberg,Altbach,73776,9.382434033,48.72031354,3,2512110934,,2512110935,,h,1,Bauarbeiten,,,,,,,15.0,16.0
-1847498060052889012-2512110920-6,7121,2512110940,2512110940,3,,S,1,Kirchheim(Teck)|Kirchheim(Teck)-Ötlingen|Wendlingen(Neckar)|Wernau(Neckar)|Plochingen,8000508,Altbach,Baden-Württemberg,Altbach,73776,9.382434033,48.72031354,3,2512110940,,2512110940,,h,1,Bauarbeiten,,,,,,,0.0,0.0
-3441789533908263347-2512110850-6,7119,2512110910,2512110910,3,,S,1,Kirchheim(Teck)|Kirchheim(Teck)-Ötlingen|Wendlingen(Neckar)|Wernau(Neckar)|Plochingen,8000508,Altbach,Baden-Württemberg,Altbach,73776,9.382434033,48.72031354,3,2512110910,,2512110911,,h,1,Bauarbeiten,,,,,,,0.0,1.0
1645171848470015195-2512110846-24,7118,2512110949,2512110949,4,,S,1,Herrenberg|Nufringen|Gärtringen|Ehningen(b Böblingen)|Hulb|Böblingen|Goldberg(Württ)|Stuttgart-Rohr|Stuttgart-Vaihingen|Stuttgart-Österfeld|Stuttgart Universität|Stuttgart Schwabstr.|Stuttgart Feuersee|Stuttgart Stadtmitte|Stuttgart Hbf (tief)|Stuttgart-Bad Cannstatt|Stuttgart Neckarpark|Stuttgart-Untertürkheim|Stuttgart-Obertürkheim|Esslingen-Mettingen|Esslingen(Neckar)|Oberesslingen|Esslingen-Zell,8000508,Altbach,Baden-Württemberg,Altbach,73776,9.382434033,48.72031354,3,2512110954,,2512110955,,h,1,Bauarbeiten,,,,,,,5.0,6.0
-5056530606962501346-2512110922-3,28455,2512110927,2512110928,3,,S,5,Bietigheim-Bissingen|Tamm(Württ),8000630,Asperg,Baden-Württemberg,Asperg,71679,9.147977466,48.90725609,4,2512110928,,2512110928,,,,,,,,,,,1.0,0.0
2383309551233687619-2512110937-3,7521,2512110942,2512110943,3,,S,5,Bietigheim-Bissingen|Tamm(Württ),8000630,Asperg,Baden-Württemberg,Asperg,71679,9.147977466,48.90725609,4,2512110942,,2512110943,,,,,,,,,,,0.0,0.0
-3682815568361595216-2512110922-10,7518,2512110947,2512110947,4,,S,5,Stuttgart Schwabstr.|Stuttgart Feuersee|Stuttgart Stadtmitte|Stuttgart Hbf (tief)|Stuttgart Nord|Stuttgart-Feuerbach|Stuttgart-Zuffenhausen|Kornwestheim Pbf|Ludwigsburg,8000630,Asperg,Baden-Württemberg,Asperg,71679,9.147977466,48.90725609,4,2512110951,,2512110951,,,,,,,,,,,4.0,4.0
-2232522451867967971-2512110907-10,28452,2512110932,2512110932,4,,S,5,Stuttgart Schwabstr.|Stuttgart Feuersee|Stuttgart Stadtmitte|Stuttgart Hbf (tief)|Stuttgart Nord|Stuttgart-Feuerbach|Stuttgart-Zuffenhausen|Kornwestheim Pbf|Ludwigsburg,8000630,Asperg,Baden-Württemberg,Asperg,71679,9.147977466,48.90725609,4,2512110938,,2512110939,,,,,,,,,,,6.0,7.0
6917320209796903914-2512110852-10,7516,2512110917,2512110917,4,,S,5,Stuttgart Schwabstr.|Stuttgart Feuersee|Stuttgart Stadtmitte|Stuttgart Hbf (tief)|Stuttgart Nord|Stuttgart-Feuerbach|Stuttgart-Zuffenhausen|Kornwestheim Pbf|Ludwigsburg,8000630,Asperg,Baden-Württemberg,Asperg,71679,9.147977466,48.90725609,4,2512110918,,2512110918,,,,,,,,,,,1.0,1.0
4779363219571401815-2512110952-3,28457,2512110957,2512110958,3,,S,5,Bietigheim-Bissingen|Tamm(Württ),8000630,Asperg,Baden-Württemberg,Asperg,71679,9.147977466,48.90725609,4,2512110959,,2512110959,,,,,,,,,,,2.0,1.0
-8972942860695039210-2512110907-3,7519,2512110912,2512110913,3,,S,5,Bietigheim-Bissingen|Tamm(Württ),8000630,Asperg,Baden-Württemberg,Asperg,71679,9.147977466,48.90725609,4,2512110912,,2512110913,,,,,,,,,,,0.0,0.0
107074802434746267-2512110837-10,28450,2512110902,2512110902,4,,S,5,Stuttgart Schwabstr.|Stuttgart Feuersee|Stuttgart Stadtmitte|Stuttgart Hbf (tief)|Stuttgart Nord|Stuttgart-Feuerbach|Stuttgart-Zuffenhausen|Kornwestheim Pbf|Ludwigsburg,8000630,Asperg,Baden-Württemberg,Asperg,71679,9.147977466,48.90725609,4,2512110902,,2512110902,,,,,,,,,,,0.0,0.0
2851968340219315363-2512110927-8,7316,2512110948,,5,,S,,Fellbach|Waiblingen|Neustadt-Hohenacker|Schwaikheim|Winnenden|Nellmersbach|Maubach,8000016,Backnang,Baden-Württemberg,Backnang,71522,9.425986107,48.94264844,3,2512110950,,,,h,1,Bauarbeiten,,,,,,,2.0,0.0
2619334060544690076-2512110941-1,7321,,2512110941,,,S,3,,8000016,Backnang,Baden-Württemberg,Backnang,71522,9.425986107,48.94264844,3,,,2512110941,,h,1,Bauarbeiten,,,,,,,0.0,0.0
1070123628583036394-2512110832-7,17516,2512110906,2512110907,4,,MEX,19,Gaildorf West|Fichtenberg|Fornsbach|Murrhardt|Sulzbach(Murr)|Oppenweiler(Württ),8000016,Backnang,Baden-Württemberg,Backnang,71522,9.425986107,48.94264844,3,2512110906,,2512110907,,,,,,,,,,,0.0,0.0
-9049726076384052442-2512110945-2,17517,2512110951,2512110952,4,,MEX,19,Winnenden,8000016,Backnang,Baden-Württemberg,Backnang,71522,9.425986107,48.94264844,3,2512110952,,2512110953,,,,,,,,,,,1.0,1.0
-1530387118838689844-2512110836-3,26783,2512110919,2512110924,4,,RE,90,Stuttgart Hbf|Marbach(Neckar),8000016,Backnang,Baden-Württemberg,Backnang,71522,9.425986107,48.94264844,3,2512111021,,2512111023,,,,,,,Stuttgart Hbf|Marbach(Neckar),Oppenweiler(Württ)|Sulzbach(Murr)|Murrhardt|Gaildorf West|Schwäbisch Hall-Hessental|Eckartshausen-Ilshofen|Crailsheim|Schnelldorf|Dombühl|Leutershausen-Wiedersbach|Ansbach|Wicklesgreuth|Heilsbronn|Roßtal|Nürnberg Hbf,,,62.0,59.0
-8961238257936161039-2512110903-6,17520,2512110936,2512110937,4,,MEX,90,Schwäbisch Hall-Hessental|Gaildorf West|Murrhardt|Sulzbach(Murr)|Oppenweiler(Württ),8000016,Backnang,Baden-Württemberg,Backnang,71522,9.425986107,48.94264844,3,2512110942,,2512110943,,,,,,,,,,,6.0,6.0
4109252183642476538-2512110911-1,7319,,2512110911,,,S,3,,8000016,Backnang,Baden-Württemberg,Backnang,71522,9.425986107,48.94264844,3,,,2512110911,,h,1,Bauarbeiten,,,,,,,0.0,0.0
-8786051157656372470-2512110857-8,7314,2512110918,,5,,S,,Fellbach|Waiblingen|Neustadt-Hohenacker|Schwaikheim|Winnenden|Nellmersbach|Maubach,8000016,Backnang,Baden-Württemberg,Backnang,71522,9.425986107,48.94264844,3,2512110918,,,,h,1,Bauarbeiten,,,,,,,0.0,0.0
5359158750246677389-2512110847-12,28384,2512110917,2512110918,1,,S,4,Stuttgart Schwabstr.|Stuttgart Feuersee|Stuttgart Stadtmitte|Stuttgart Hbf (tief)|Stuttgart Nord|Stuttgart-Feuerbach|Stuttgart-Zuffenhausen|Kornwestheim Pbf|Ludwigsburg|Favoritepark|Freiberg(Neckar),8000873,Benningen (Neckar),Baden-Württemberg,Benningen am Neckar,71726,9.244299075,48.94379773,5,2512110917,,2512110918,,h,1,Bauarbeiten,,,,,,,0.0,0.0
6608045707776248966-2512110832-12,7412,2512110902,2512110903,1,,S,4,Stuttgart Schwabstr.|Stuttgart Feuersee|Stuttgart Stadtmitte|Stuttgart Hbf (tief)|Stuttgart Nord|Stuttgart-Feuerbach|Stuttgart-Zuffenhausen|Kornwestheim Pbf|Ludwigsburg|Favoritepark|Freiberg(Neckar),8000873,Benningen (Neckar),Baden-Württemberg,Benningen am Neckar,71726,9.244299075,48.94379773,5,2512110907,,2512110908,,h,1,Bauarbeiten,,,,,,,5.0,5.0
-2805247502729306800-2512110925-2,7419,2512110927,2512110927,2,,S,4,Marbach(Neckar),8000873,Benningen (Neckar),Baden-Württemberg,Benningen am Neckar,71726,9.244299075,48.94379773,5,2512110927,,2512110927,,h,1,Bauarbeiten,,,,,,,0.0,0.0
736947574749107832-2512110917-12,28386,2512110947,2512110948,1,,S,4,Stuttgart Schwabstr.|Stuttgart Feuersee|Stuttgart Stadtmitte|Stuttgart Hbf (tief)|Stuttgart Nord|Stuttgart-Feuerbach|Stuttgart-Zuffenhausen|Kornwestheim Pbf|Ludwigsburg|Favoritepark|Freiberg(Neckar),8000873,Benningen (Neckar),Baden-Württemberg,Benningen am Neckar,71726,9.244299075,48.94379773,5,2512110951,,2512110951,,h,1,Bauarbeiten,,,,,,,4.0,3.0
8037746432878626020-2512110955-2,7421,2512110957,2512110957,2,,S,4,Marbach(Neckar),8000873,Benningen (Neckar),Baden-Württemberg,Benningen am Neckar,71726,9.244299075,48.94379773,5,2512110958,,2512110958,,h,1,Bauarbeiten,,,,,,,1.0,1.0
-657478549015358641-2512110902-12,7414,2512110932,2512110933,1,,S,4,Stuttgart Schwabstr.|Stuttgart Feuersee|Stuttgart Stadtmitte|Stuttgart Hbf (tief)|Stuttgart Nord|Stuttgart-Feuerbach|Stuttgart-Zuffenhausen|Kornwestheim Pbf|Ludwigsburg|Favoritepark|Freiberg(Neckar),8000873,Benningen (Neckar),Baden-Württemberg,Benningen am Neckar,71726,9.244299075,48.94379773,5,2512110939,,2512110938,,h,1,Bauarbeiten,,,,,,,7.0,5.0
-5153415846004346891-2512110940-2,28385,2512110942,2512110942,2,,S,4,Marbach(Neckar),8000873,Benningen (Neckar),Baden-Württemberg,Benningen am Neckar,71726,9.244299075,48.94379773,5,2512110943,,2512110943,,h,1,Bauarbeiten,,,,,,,1.0,1.0
2766724167212026355-2512110910-2,28383,2512110912,2512110912,2,,S,4,Marbach(Neckar),8000873,Benningen (Neckar),Baden-Württemberg,Benningen am Neckar,71726,9.244299075,48.94379773,5,2512110912,,2512110912,,h,1,Bauarbeiten,,,,,,,0.0,0.0
-6027496912439365984-2512110918-6,7221,2512110930,2512110930,2,,S,2,Schorndorf|Weiler(Rems)|Winterbach(b Schorndorf)|Geradstetten|Grunbach,8000934,Beutelsbach,Baden-Württemberg,Weinstadt,71384,9.38551589,48.81038925,5,2512110930,,2512110930,,,,,,,,,,,0.0,0.0
-8934317604911762574-2512110950-5,7216,2512110958,2512110958,1,,S,2,Waiblingen|Rommelshausen|Stetten-Beinstein|Endersbach,8000934,Beutelsbach,Baden-Württemberg,Weinstadt,71384,9.38551589,48.81038925,5,2512110958,,2512110958,,,,,,,,,,,0.0,0.0
-5197594664753501705-2512110848-6,7219,2512110900,2512110900,2,,S,2,Schorndorf|Weiler(Rems)|Winterbach(b Schorndorf)|Geradstetten|Grunbach,8000934,Beutelsbach,Baden-Württemberg,Weinstadt,71384,9.38551589,48.81038925,5,2512110901,,2512110901,,,,,,,,,,,1.0,1.0
-1776968849992631185-2512110920-5,7214,2512110928,2512110928,1,,S,2,Waiblingen|Rommelshausen|Stetten-Beinstein|Endersbach,8000934,Beutelsbach,Baden-Württemberg,Weinstadt,71384,9.38551589,48.81038925,5,2512110928,,2512110928,,,,,,,,,,,0.0,0.0
-5056530606962501346-2512110922-1,28455,,2512110922,,,S,5,,8000038,Bietigheim-Bissingen,Baden-Württemberg,Bietigheim-Bissingen,74321,9.137217396,48.94794988,2,,,2512110922,,,,,,,,,,,0.0,0.0
2383309551233687619-2512110937-1,7521,,2512110937,,,S,5,,8000038,Bietigheim-Bissingen,Baden-Württemberg,Bietigheim-Bissingen,74321,9.137217396,48.94794988,2,,,2512110937,6,,,,,,,,,,0.0,0.0
-9156268319199357342-2512110914-12,19511,2512110952,2512110953,4,,MEX,17a,Pforzheim Hbf|Eutingen(Baden)|Niefern|Enzberg|Mühlacker|Mühlacker Rößlesweg|Illingen(Württ)|Vaihingen(Enz)|Sersheim|Sachsenheim|Ellental,8000038,Bietigheim-Bissingen,Baden-Württemberg,Bietigheim-Bissingen,74321,9.137217396,48.94794988,2,2512110955,,2512110956,,,,,,,,,,,3.0,3.0
5841414069584179066-2512110736-8,19059,2512110930,2512110932,8,,RE,8,Würzburg Hbf|Lauda|Osterburken|Möckmühl|Bad Friedrichshall Hbf|Neckarsulm|Heilbronn Hbf,8000038,Bietigheim-Bissingen,Baden-Württemberg,Bietigheim-Bissingen,74321,9.137217396,48.94794988,2,2512110933,,2512110935,,,,,,,,,,,3.0,3.0
3605510861784141381-2512110848-3,19506,2512110904,2512110905,7,,MEX,17a,Stuttgart Hbf|Ludwigsburg,8000038,Bietigheim-Bissingen,Baden-Württemberg,Bietigheim-Bissingen,74321,9.137217396,48.94794988,2,2512110907,,2512110908,,,,,,,,,,,3.0,3.0
3162323694594673696-2512110759-9,19308,2512110900,2512110900,10,,MEX,18,Nürtingen|Oberboihingen|Wendlingen(Neckar)|Plochingen|Esslingen(Neckar)|Stuttgart-Bad Cannstatt|Stuttgart Hbf|Ludwigsburg,8000038,Bietigheim-Bissingen,Baden-Württemberg,Bietigheim-Bissingen,74321,9.137217396,48.94794988,2,2512110902,,2512110903,,,,,,,,,,,2.0,3.0
-2333532852925690131-2512110857-7,19217,2512110922,2512110925,8,,MEX,12,Heilbronn Hbf|Nordheim(Württ)|Lauffen(Neckar)|Kirchheim(Neckar)|Walheim(Württ)|Besigheim,8000038,Bietigheim-Bissingen,Baden-Württemberg,Bietigheim-Bissingen,74321,9.137217396,48.94794988,2,2512110922,,2512110925,,,,,,,,,,,0.0,0.0
4138386908727054325-2512110836-20,19313,2512110955,2512110957,8,,MEX,18,Osterburken|Adelsheim Ost|Sennfeld|Roigheim|Möckmühl|Züttlingen|Siglingen|Neudenau|Herbolzheim(Jagst)|Untergriesheim|Bad Friedrichshall Hbf|Neckarsulm|Heilbronn Sülmertor|Heilbronn Hbf|Nordheim(Württ)|Lauffen(Neckar)|Kirchheim(Neckar)|Walheim(Württ)|Besigheim,8000038,Bietigheim-Bissingen,Baden-Württemberg,Bietigheim-Bissingen,74321,9.137217396,48.94794988,2,2512110958,,2512111000,,,,,,,,,,,3.0,3.0
-3682815568361595216-2512110922-12,7518,2512110954,,6,,S,,Stuttgart Schwabstr.|Stuttgart Feuersee|Stuttgart Stadtmitte|Stuttgart Hbf (tief)|Stuttgart Nord|Stuttgart-Feuerbach|Stuttgart-Zuffenhausen|Kornwestheim Pbf|Ludwigsburg|Asperg|Tamm(Württ),8000038,Bietigheim-Bissingen,Baden-Württemberg,Bietigheim-Bissingen,74321,9.137217396,48.94794988,2,2512110958,5,,,,,,,,,,,,4.0,0.0
7336202886159090600-2512110908-3,19062,2512110928,2512110929,10,,RE,8,Stuttgart Hbf|Ludwigsburg,8000038,Bietigheim-Bissingen,Baden-Württemberg,Bietigheim-Bissingen,74321,9.137217396,48.94794988,2,2512111000,,2512111001,,h,3,Information,,,Stuttgart Hbf|Ludwigsburg,Heilbronn Hbf|Neckarsulm|Bad Friedrichshall Hbf|Möckmühl|Osterburken|Lauda|Würzburg Hbf,,,32.0,32.0
1233928431274812790-2512110932-1,19556,,2512110932,,,MEX,17a,,8000038,Bietigheim-Bissingen,Baden-Württemberg,Bietigheim-Bissingen,74321,9.137217396,48.94794988,2,,,2512110936,,,,,,,,,,,0.0,4.0
-2232522451867967971-2512110907-12,28452,2512110939,,6,,S,,Stuttgart Schwabstr.|Stuttgart Feuersee|Stuttgart Stadtmitte|Stuttgart Hbf (tief)|Stuttgart Nord|Stuttgart-Feuerbach|Stuttgart-Zuffenhausen|Kornwestheim Pbf|Ludwigsburg|Asperg|Tamm(Württ),8000038,Bietigheim-Bissingen,Baden-Württemberg,Bietigheim-Bissingen,74321,9.137217396,48.94794988,2,2512110946,5,,,,,,,,,,,,7.0,0.0
6917320209796903914-2512110852-12,7516,2512110924,,6,,S,,Stuttgart Schwabstr.|Stuttgart Feuersee|Stuttgart Stadtmitte|Stuttgart Hbf (tief)|Stuttgart Nord|Stuttgart-Feuerbach|Stuttgart-Zuffenhausen|Kornwestheim Pbf|Ludwigsburg|Asperg|Tamm(Württ),8000038,Bietigheim-Bissingen,Baden-Württemberg,Bietigheim-Bissingen,74321,9.137217396,48.94794988,2,2512110924,,,,,,,,,,,,,0.0,0.0
2031999623793507926-2512110844-12,19549,2512110924,,7,,MEX,,Pforzheim Hbf|Eutingen(Baden)|Niefern|Enzberg|Mühlacker|Mühlacker Rößlesweg|Illingen(Württ)|Vaihingen(Enz)|Sersheim|Sachsenheim|Ellental,8000038,Bietigheim-Bissingen,Baden-Württemberg,Bietigheim-Bissingen,74321,9.137217396,48.94794988,2,2512110926,,,,,,,,,,,,,2.0,0.0
-1478494665311941456-2512110902-8,19310,2512110959,2512111000,10,,MEX,18,Nürtingen|Wendlingen(Neckar)|Plochingen|Esslingen(Neckar)|Stuttgart-Bad Cannstatt|Stuttgart Hbf|Ludwigsburg,8000038,Bietigheim-Bissingen,Baden-Württemberg,Bietigheim-Bissingen,74321,9.137217396,48.94794988,2,2512111015,,2512111016,,,,,,,,,,,16.0,16.0
2288042975359940860-2512110833-9,19222,2512110935,2512110936,10,,MEX,12,Nürtingen|Oberboihingen|Wendlingen(Neckar)|Plochingen|Esslingen(Neckar)|Stuttgart-Bad Cannstatt|Stuttgart Hbf|Ludwigsburg,8000038,Bietigheim-Bissingen,Baden-Württemberg,Bietigheim-Bissingen,74321,9.137217396,48.94794988,2,2512110946,,2512110947,,,,,,,,,,,11.0,11.0
4779363219571401815-2512110952-1,28457,,2512110952,,,S,5,,8000038,Bietigheim-Bissingen,Baden-Württemberg,Bietigheim-Bissingen,74321,9.137217396,48.94794988,2,,,2512110953,,,,,,,,,,,0.0,1.0
8241763680225741619-2512110835-24,19611,2512110952,2512110953,4,,MEX,17c,Bruchsal|Bruchsal Tunnelstraße|Bruchsal Schlachthof|Heidelsheim Nord|Heidelsheim|Helmsheim|Gondelsheim Schlossstadion|Gondelsheim(Baden)|Diedelsheim|Bretten|Bretten Rechberg|Bretten-Ruit|Knittlingen-Kleinvillars|Ölbronn-Dürrn|Maulbronn West|Ötisheim|Mühlacker|Mühlacker Rößlesweg|Illingen(Württ)|Vaihingen(Enz)|Sersheim|Sachsenheim|Ellental,8000038,Bietigheim-Bissingen,Baden-Württemberg,Bietigheim-Bissingen,74321,9.137217396,48.94794988,2,2512110955,,2512110956,,,,,,,,,,,3.0,3.0
-8972942860695039210-2512110907-1,7519,,2512110907,,,S,5,,8000038,Bietigheim-Bissingen,Baden-Württemberg,Bietigheim-Bissingen,74321,9.137217396,48.94794988,2,,,2512110907,6,,,,,,,,,,0.0,0.0
107074802434746267-2512110837-12,28450,2512110909,,6,,S,,Stuttgart Schwabstr.|Stuttgart Feuersee|Stuttgart Stadtmitte|Stuttgart Hbf (tief)|Stuttgart Nord|Stuttgart-Feuerbach|Stuttgart-Zuffenhausen|Kornwestheim Pbf|Ludwigsburg|Asperg|Tamm(Württ),8000038,Bietigheim-Bissingen,Baden-Württemberg,Bietigheim-Bissingen,74321,9.137217396,48.94794988,2,2512110911,5,,,,,,,,,,,,2.0,0.0
-6440274726579885471-2512110848-3,19606,2512110904,2512110905,7,,MEX,17c,Stuttgart Hbf|Ludwigsburg,8000038,Bietigheim-Bissingen,Baden-Württemberg,Bietigheim-Bissingen,74321,9.137217396,48.94794988,2,2512110907,,2512110908,,,,,,,,,,,3.0,3.0
2988814004659936288-2512110820-24,7117,2512110929,2512110929,4,,S,1,Kirchheim(Teck)|Kirchheim(Teck)-Ötlingen|Wendlingen(Neckar)|Wernau(Neckar)|Plochingen|Altbach|Esslingen-Zell|Oberesslingen|Esslingen(Neckar)|Esslingen-Mettingen|Stuttgart-Obertürkheim|Stuttgart-Untertürkheim|Stuttgart Neckarpark|Stuttgart-Bad Cannstatt|Stuttgart Hbf (tief)|Stuttgart Stadtmitte|Stuttgart Feuersee|Stuttgart Schwabstr.|Stuttgart Universität|Stuttgart-Österfeld|Stuttgart-Vaihingen|Stuttgart-Rohr|Goldberg(Württ),8001055,Böblingen,Baden-Württemberg,Böblingen,71034,9.004531864,48.68784871,3,2512110930,,2512110931,,h,1,Bauarbeiten,,,,,,,1.0,2.0
-4779453800620886648-2512110916-6,7120,2512110930,2512110930,3,,S,1,Herrenberg|Nufringen|Gärtringen|Ehningen(b Böblingen)|Hulb,8001055,Böblingen,Baden-Württemberg,Böblingen,71034,9.004531864,48.68784871,3,2512110934,,2512110935,,h,1,Bauarbeiten,,,,,,,4.0,5.0
-1939940434765765785-2512110904-2,7716,2512110915,2512110915,3,,S,1,Herrenberg,8001055,Böblingen,Baden-Württemberg,Böblingen,71034,9.004531864,48.68784871,3,2512110915,,2512110915,,h,1,Bauarbeiten,,,,,,,0.0,0.0
6607066274476454956-2512110935-4,7719,2512110944,2512110944,4,,S,1,Stuttgart-Vaihingen|Stuttgart-Rohr|Goldberg(Württ),8001055,Böblingen,Baden-Württemberg,Böblingen,71034,9.004531864,48.68784871,3,2512110944,,2512110945,,h,1,Bauarbeiten,,,,,,,0.0,1.0
8561127939023480355-2512110917-2,50483,2512110937,2512110938,5,,RE,87,Stuttgart Hbf,8001055,Böblingen,Baden-Württemberg,Böblingen,71034,9.004531864,48.68784871,3,2512110938,,2512110939,,h,1,Information,,,,,,,1.0,1.0
1039148990277239106-2512110736-5,50284,2512110909,2512110911,2,,RE,87,Singen(Hohentwiel)|Tuttlingen|Rottweil|Horb,8001055,Böblingen,Baden-Württemberg,Böblingen,71034,9.004531864,48.68784871,3,2512110910,,2512110911,,,,,,,,,,,1.0,0.0
-2566455291333629510-2512110811-15,17640,2512110920,2512110921,2,,RE,14b,Freudenstadt Hbf|Grüntal-Wittlensweiler|Dornstetten-Aach|Dornstetten|Schopfloch(b Freudenstadt)|Bittelbronn|Horb-Heiligenfeld|Hochdorf(b Horb)|Eutingen Nord|Eutingen im Gäu|Ergenzingen|Bondorf(b Herrenberg)|Gäufelden|Herrenberg,8001055,Böblingen,Baden-Württemberg,Böblingen,71034,9.004531864,48.68784871,3,2512110923,,2512110924,,,,,,,,,,,3.0,3.0
-8279496001116731859-2512110934-1,7019,,2512110934,,,S,60,,8001055,Böblingen,Baden-Württemberg,Böblingen,71034,9.004531864,48.68784871,3,,,2512110935,,,,,,,,,,,0.0,1.0
-3441789533908263347-2512110850-24,7119,2512110959,2512110959,4,,S,1,Kirchheim(Teck)|Kirchheim(Teck)-Ötlingen|Wendlingen(Neckar)|Wernau(Neckar)|Plochingen|Altbach|Esslingen-Zell|Oberesslingen|Esslingen(Neckar)|Esslingen-Mettingen|Stuttgart-Obertürkheim|Stuttgart-Untertürkheim|Stuttgart Neckarpark|Stuttgart-Bad Cannstatt|Stuttgart Hbf (tief)|Stuttgart Stadtmitte|Stuttgart Feuersee|Stuttgart Schwabstr.|Stuttgart Universität|Stuttgart-Österfeld|Stuttgart-Vaihingen|Stuttgart-Rohr|Goldberg(Württ),8001055,Böblingen,Baden-Württemberg,Böblingen,71034,9.004531864,48.68784871,3,2512111005,,2512111006,,h,1,Bauarbeiten,,,,,,,6.0,7.0
6586635698842149002-2512110931-6,7718,2512110945,2512110945,3,,S,1,Herrenberg|Nufringen|Gärtringen|Ehningen(b Böblingen)|Hulb,8001055,Böblingen,Baden-Württemberg,Böblingen,71034,9.004531864,48.68784871,3,2512110945,,2512110946,,h,1,Bauarbeiten,,,,,,,0.0,1.0
5029336644743586028-2512110904-1,7017,,2512110904,,,S,60,,8001055,Böblingen,Baden-Württemberg,Böblingen,71034,9.004531864,48.68784871,3,,,2512110905,,,,,,,,,,,0.0,1.0
7797988202342094795-2512110827-21,7018,2512110926,,5,,S,,Stuttgart Schwabstr.|Stuttgart Feuersee|Stuttgart Stadtmitte|Stuttgart Hbf (tief)|Stuttgart Nord|Stuttgart-Feuerbach|Stuttgart-Zuffenhausen|Neuwirtshaus(Porscheplatz)|Korntal|Weilimdorf|Ditzingen|Höfingen|Leonberg|Rutesheim|Renningen|Renningen Süd|Magstadt|Maichingen Nord|Maichingen|Sindelfingen,8001055,Böblingen,Baden-Württemberg,Böblingen,71034,9.004531864,48.68784871,3,2512110926,,,,,,,,,,,,,0.0,0.0
1645171848470015195-2512110846-6,7118,2512110900,2512110900,3,,S,1,Herrenberg|Nufringen|Gärtringen|Ehningen(b Böblingen)|Hulb,8001055,Böblingen,Baden-Württemberg,Böblingen,71034,9.004531864,48.68784871,3,2512110900,,2512110901,,h,1,Bauarbeiten,,,,,,,0.0,1.0
1113476340796244494-2512110917-2,483,2512110937,2512110938,5,,IC,,Stuttgart Hbf,8001055,Böblingen,Baden-Württemberg,Böblingen,71034,9.004531864,48.68784871,3,2512110938,,2512110939,,h,1,Information,,,,,,,1.0,1.0
5827144649628113960-2512110905-4,7717,2512110914,2512110914,4,,S,1,Stuttgart-Vaihingen|Stuttgart-Rohr|Goldberg(Württ),8001055,Böblingen,Baden-Württemberg,Böblingen,71034,9.004531864,48.68784871,3,2512110915,,2512110915,,h,1,Bauarbeiten,,,,,,,1.0,1.0
7166908817617232037-2512110857-21,7020,2512110956,,5,,S,,Stuttgart Schwabstr.|Stuttgart Feuersee|Stuttgart Stadtmitte|Stuttgart Hbf (tief)|Stuttgart Nord|Stuttgart-Feuerbach|Stuttgart-Zuffenhausen|Neuwirtshaus(Porscheplatz)|Korntal|Weilimdorf|Ditzingen|Höfingen|Leonberg|Rutesheim|Renningen|Renningen Süd|Magstadt|Maichingen Nord|Maichingen|Sindelfingen,8001055,Böblingen,Baden-Württemberg,Böblingen,71034,9.004531864,48.68784871,3,2512110958,,,,,,,,,,,,,2.0,0.0
4446471469447362786-2512110637-7,284,2512110909,2512110911,2,,IC,,Zürich HB|Schaffhausen|Singen(Hohentwiel)|Tuttlingen|Rottweil|Horb,8001055,Böblingen,Baden-Württemberg,Böblingen,71034,9.004531864,48.68784871,3,2512110910,,2512110911,,h,1,Information,,,,,,,1.0,0.0
158414357061065328-2512110802-10,17646,2512110920,2512110921,2,,RE,14a,Rottweil|Oberndorf(Neckar)|Sulz(Neckar)|Horb|Eutingen im Gäu|Ergenzingen|Bondorf(b Herrenberg)|Gäufelden|Herrenberg,8001055,Böblingen,Baden-Württemberg,Böblingen,71034,9.004531864,48.68784871,3,2512110923,,2512110924,,,,,,,,,,,3.0,3.0
-694433010054514515-2512110912-11,7616,2512110936,2512110936,2,,S,6,Stuttgart Schwabstr.|Stuttgart Feuersee|Stuttgart Stadtmitte|Stuttgart Hbf (tief)|Stuttgart Nord|Stuttgart-Feuerbach|Stuttgart-Zuffenhausen|Neuwirtshaus(Porscheplatz)|Korntal|Weilimdorf,8001476,Ditzingen,Baden-Württemberg,Ditzingen,71254,9.067095186,48.82358726,4,2512110939,,2512110939,,,,,,,,,,,3.0,3.0
6651422081053397042-2512110857-11,7920,2512110921,2512110921,2,,S,6,Stuttgart Schwabstr.|Stuttgart Feuersee|Stuttgart Stadtmitte|Stuttgart Hbf (tief)|Stuttgart Nord|Stuttgart-Feuerbach|Stuttgart-Zuffenhausen|Neuwirtshaus(Porscheplatz)|Korntal|Weilimdorf,8001476,Ditzingen,Baden-Württemberg,Ditzingen,71254,9.067095186,48.82358726,4,2512110921,,2512110921,,,,,,,,,,,0.0,0.0
-3832940569846018712-2512110927-11,7022,2512110951,2512110951,2,,S,60,Stuttgart Schwabstr.|Stuttgart Feuersee|Stuttgart Stadtmitte|Stuttgart Hbf (tief)|Stuttgart Nord|Stuttgart-Feuerbach|Stuttgart-Zuffenhausen|Neuwirtshaus(Porscheplatz)|Korntal|Weilimdorf,8001476,Ditzingen,Baden-Württemberg,Ditzingen,71254,9.067095186,48.82358726,4,2512110953,,2512110953,,,,,,,,,,,2.0,2.0
-3576552835933518344-2512110927-11,7922,2512110951,2512110951,2,,S,6,Stuttgart Schwabstr.|Stuttgart Feuersee|Stuttgart Stadtmitte|Stuttgart Hbf (tief)|Stuttgart Nord|Stuttgart-Feuerbach|Stuttgart-Zuffenhausen|Neuwirtshaus(Porscheplatz)|Korntal|Weilimdorf,8001476,Ditzingen,Baden-Württemberg,Ditzingen,71254,9.067095186,48.82358726,4,2512110953,,2512110953,,,,,,,,,,,2.0,2.0
-2920830109344667445-2512110933-7,7621,2512110954,2512110954,3,,S,6,Weil der Stadt|Malmsheim|Renningen|Rutesheim|Leonberg|Höfingen,8001476,Ditzingen,Baden-Württemberg,Ditzingen,71254,9.067095186,48.82358726,4,2512110954,,2512110954,,,,,,,,,,,0.0,0.0
5029336644743586028-2512110904-11,7017,2512110939,2512110939,3,,S,60,Böblingen|Sindelfingen|Maichingen|Maichingen Nord|Magstadt|Renningen Süd|Renningen|Rutesheim|Leonberg|Höfingen,8001476,Ditzingen,Baden-Württemberg,Ditzingen,71254,9.067095186,48.82358726,4,2512110944,,2512110944,,,,,,,,,,,5.0,5.0
-73934676157046898-2512110918-7,7917,2512110939,2512110939,3,,S,6,Weil der Stadt|Malmsheim|Renningen|Rutesheim|Leonberg|Höfingen,8001476,Ditzingen,Baden-Württemberg,Ditzingen,71254,9.067095186,48.82358726,4,2512110944,,2512110944,,,,,,,,,,,5.0,5.0
7639850202496668105-2512110850-5,7982,2512110901,2512110901,2,,S,62,Stuttgart-Feuerbach|Stuttgart-Zuffenhausen|Korntal|Weilimdorf,8001476,Ditzingen,Baden-Württemberg,Ditzingen,71254,9.067095186,48.82358726,4,2512110902,,2512110903,,,,,,,,,,,1.0,2.0
1745837345724546602-2512110903-7,7619,2512110924,2512110924,3,,S,6,Weil der Stadt|Malmsheim|Renningen|Rutesheim|Leonberg|Höfingen,8001476,Ditzingen,Baden-Württemberg,Ditzingen,71254,9.067095186,48.82358726,4,2512110925,,2512110925,,,,,,,,,,,1.0,1.0
9174048015743328640-2512110834-11,7015,2512110909,2512110909,3,,S,60,Böblingen|Sindelfingen|Maichingen|Maichingen Nord|Magstadt|Renningen Süd|Renningen|Rutesheim|Leonberg|Höfingen,8001476,Ditzingen,Baden-Württemberg,Ditzingen,71254,9.067095186,48.82358726,4,2512110915,,2512110915,,,,,,,,,,,6.0,6.0
-1639645104819799642-2512110848-7,7915,2512110909,2512110909,3,,S,6,Weil der Stadt|Malmsheim|Renningen|Rutesheim|Leonberg|Höfingen,8001476,Ditzingen,Baden-Württemberg,Ditzingen,71254,9.067095186,48.82358726,4,2512110915,,2512110915,,,,,,,,,,,6.0,6.0
5905606049501073542-2512110842-11,7614,2512110906,2512110906,2,,S,6,Stuttgart Schwabstr.|Stuttgart Feuersee|Stuttgart Stadtmitte|Stuttgart Hbf (tief)|Stuttgart Nord|Stuttgart-Feuerbach|Stuttgart-Zuffenhausen|Neuwirtshaus(Porscheplatz)|Korntal|Weilimdorf,8001476,Ditzingen,Baden-Württemberg,Ditzingen,71254,9.067095186,48.82358726,4,2512110906,,2512110906,,,,,,,,,,,0.0,0.0
7166908817617232037-2512110857-11,7020,2512110921,2512110921,2,,S,60,Stuttgart Schwabstr.|Stuttgart Feuersee|Stuttgart Stadtmitte|Stuttgart Hbf (tief)|Stuttgart Nord|Stuttgart-Feuerbach|Stuttgart-Zuffenhausen|Neuwirtshaus(Porscheplatz)|Korntal|Weilimdorf,8001476,Ditzingen,Baden-Württemberg,Ditzingen,71254,9.067095186,48.82358726,4,2512110921,,2512110921,,,,,,,,,,,0.0,0.0
6646559934352817209-2512110911-12,56097,2512110939,2512110940,1,,S,3,Stuttgart-Bad Cannstatt|Stuttgart Hbf (tief)|Stuttgart Stadtmitte|Stuttgart Feuersee|Stuttgart Schwabstr.|Stuttgart Universität|Stuttgart-Österfeld|Stuttgart-Vaihingen|Stuttgart-Rohr|Oberaichen|Leinfelden,8001650,Echterdingen,Baden-Württemberg,Echterdingen,70771,9.169307175,48.69214787,4,2512110940,,2512110941,,,,,,,,,,,1.0,1.0
-2852454441264700711-2512110903-3,56016,2512110910,2512110910,2,,S,2,Filderstadt|Stuttgart Flughafen/Messe,8001650,Echterdingen,Baden-Württemberg,Echterdingen,70771,9.169307175,48.69214787,4,2512110910,,2512110910,,,,,,,,,,,0.0,0.0
-8037425331994198780-2512110851-12,56017,2512110919,2512110920,1,,S,2,Stuttgart-Bad Cannstatt|Stuttgart Hbf (tief)|Stuttgart Stadtmitte|Stuttgart Feuersee|Stuttgart Schwabstr.|Stuttgart Universität|Stuttgart-Österfeld|Stuttgart-Vaihingen|Stuttgart-Rohr|Oberaichen|Leinfelden,8001650,Echterdingen,Baden-Württemberg,Echterdingen,70771,9.169307175,48.69214787,4,2512110919,,2512110920,,,,,,,,,,,0.0,0.0
-694726982323974606-2512110948-2,56100,2512110950,2512110950,2,,S,3,Stuttgart Flughafen/Messe,8001650,Echterdingen,Baden-Württemberg,Echterdingen,70771,9.169307175,48.69214787,4,2512110950,,2512110950,,,,,,,,,,,0.0,0.0
-5030075529357427279-2512110841-12,56095,2512110909,2512110910,1,,S,3,Stuttgart-Bad Cannstatt|Stuttgart Hbf (tief)|Stuttgart Stadtmitte|Stuttgart Feuersee|Stuttgart Schwabstr.|Stuttgart Universität|Stuttgart-Österfeld|Stuttgart-Vaihingen|Stuttgart-Rohr|Oberaichen|Leinfelden,8001650,Echterdingen,Baden-Württemberg,Echterdingen,70771,9.169307175,48.69214787,4,,,,,,,,,,,,c,c,0.0,0.0
7041657828114384791-2512110918-2,56098,2512110920,2512110920,2,,S,3,Stuttgart Flughafen/Messe,8001650,Echterdingen,Baden-Württemberg,Echterdingen,70771,9.169307175,48.69214787,4,,,,,,,,,,,,c,c,0.0,0.0
1082085063048100741-2512110933-3,56018,2512110940,2512110940,2,,S,2,Filderstadt|Stuttgart Flughafen/Messe,8001650,Echterdingen,Baden-Württemberg,Echterdingen,70771,9.169307175,48.69214787,4,2512110940,,2512110940,,,,,,,,,,,0.0,0.0
7777385061942298465-2512110921-12,56019,2512110949,2512110950,1,,S,2,Stuttgart-Bad Cannstatt|Stuttgart Hbf (tief)|Stuttgart Stadtmitte|Stuttgart Feuersee|Stuttgart Schwabstr.|Stuttgart Universität|Stuttgart-Österfeld|Stuttgart-Vaihingen|Stuttgart-Rohr|Oberaichen|Leinfelden,8001650,Echterdingen,Baden-Württemberg,Echterdingen,70771,9.169307175,48.69214787,4,2512110950,,2512110951,,,,,,,,,,,1.0,1.0
2988814004659936288-2512110820-26,7117,2512110934,2512110934,2,,S,1,Kirchheim(Teck)|Kirchheim(Teck)-Ötlingen|Wendlingen(Neckar)|Wernau(Neckar)|Plochingen|Altbach|Esslingen-Zell|Oberesslingen|Esslingen(Neckar)|Esslingen-Mettingen|Stuttgart-Obertürkheim|Stuttgart-Untertürkheim|Stuttgart Neckarpark|Stuttgart-Bad Cannstatt|Stuttgart Hbf (tief)|Stuttgart Stadtmitte|Stuttgart Feuersee|Stuttgart Schwabstr.|Stuttgart Universität|Stuttgart-Österfeld|Stuttgart-Vaihingen|Stuttgart-Rohr|Goldberg(Württ)|Böblingen|Hulb,8001689,Ehningen (b Böblingen),Baden-Württemberg,Ehningen,71139,8.944310368,48.66275549,4,2512110935,,2512110936,,h,1,Bauarbeiten,,,,,,,1.0,2.0
-4779453800620886648-2512110916-4,7120,2512110925,2512110925,1,,S,1,Herrenberg|Nufringen|Gärtringen,8001689,Ehningen (b Böblingen),Baden-Württemberg,Ehningen,71139,8.944310368,48.66275549,4,2512110929,,2512110929,,h,1,Bauarbeiten,,,,,,,4.0,4.0
6607066274476454956-2512110935-6,7719,2512110949,2512110949,2,,S,1,Stuttgart-Vaihingen|Stuttgart-Rohr|Goldberg(Württ)|Böblingen|Hulb,8001689,Ehningen (b Böblingen),Baden-Württemberg,Ehningen,71139,8.944310368,48.66275549,4,2512110949,,2512110949,,h,1,Bauarbeiten,,,,,,,0.0,0.0
-423571488532288735-2512110946-4,7122,2512110955,2512110955,1,,S,1,Herrenberg|Nufringen|Gärtringen,8001689,Ehningen (b Böblingen),Baden-Württemberg,Ehningen,71139,8.944310368,48.66275549,4,2512110955,,2512110955,,h,1,Bauarbeiten,,,,,,,0.0,0.0
6586635698842149002-2512110931-4,7718,2512110940,2512110940,1,,S,1,Herrenberg|Nufringen|Gärtringen,8001689,Ehningen (b Böblingen),Baden-Württemberg,Ehningen,71139,8.944310368,48.66275549,4,2512110940,,2512110940,,h,1,Bauarbeiten,,,,,,,0.0,0.0
-7908498233924216314-2512110750-26,7115,2512110904,2512110904,2,,S,1,Kirchheim(Teck)|Kirchheim(Teck)-Ötlingen|Wendlingen(Neckar)|Wernau(Neckar)|Plochingen|Altbach|Esslingen-Zell|Oberesslingen|Esslingen(Neckar)|Esslingen-Mettingen|Stuttgart-Obertürkheim|Stuttgart-Untertürkheim|Stuttgart Neckarpark|Stuttgart-Bad Cannstatt|Stuttgart Hbf (tief)|Stuttgart Stadtmitte|Stuttgart Feuersee|Stuttgart Schwabstr.|Stuttgart Universität|Stuttgart-Österfeld|Stuttgart-Vaihingen|Stuttgart-Rohr|Goldberg(Württ)|Böblingen|Hulb,8001689,Ehningen (b Böblingen),Baden-Württemberg,Ehningen,71139,8.944310368,48.66275549,4,2512110906,,2512110906,,h,1,Bauarbeiten,,,,,,,2.0,2.0
5827144649628113960-2512110905-6,7717,2512110919,2512110919,2,,S,1,Stuttgart-Vaihingen|Stuttgart-Rohr|Goldberg(Württ)|Böblingen|Hulb,8001689,Ehningen (b Böblingen),Baden-Württemberg,Ehningen,71139,8.944310368,48.66275549,4,2512110920,,2512110920,,h,1,Bauarbeiten,,,,,,,1.0,1.0
-6027496912439365984-2512110918-7,7221,2512110932,2512110932,3,,S,2,Schorndorf|Weiler(Rems)|Winterbach(b Schorndorf)|Geradstetten|Grunbach|Beutelsbach,8001785,Endersbach,Baden-Württemberg,Weinstadt,71384,9.370192421,48.81317323,4,2512110932,,2512110932,,,,,,,,,,,0.0,0.0
-8934317604911762574-2512110950-4,7216,2512110956,2512110956,2,,S,2,Waiblingen|Rommelshausen|Stetten-Beinstein,8001785,Endersbach,Baden-Württemberg,Weinstadt,71384,9.370192421,48.81317323,4,2512110956,,2512110956,,,,,,,,,,,0.0,0.0
-5197594664753501705-2512110848-7,7219,2512110902,2512110902,3,,S,2,Schorndorf|Weiler(Rems)|Winterbach(b Schorndorf)|Geradstetten|Grunbach|Beutelsbach,8001785,Endersbach,Baden-Württemberg,Weinstadt,71384,9.370192421,48.81317323,4,2512110903,,2512110903,,,,,,,,,,,1.0,1.0
-1776968849992631185-2512110920-4,7214,2512110926,2512110926,2,,S,2,Waiblingen|Rommelshausen|Stetten-Beinstein,8001785,Endersbach,Baden-Württemberg,Weinstadt,71384,9.370192421,48.81317323,4,2512110926,,2512110927,,,,,,,,,,,0.0,1.0
-6442493897790764749-2512110933-5,19224,2512110955,2512110955,3,,MEX,12,Nürtingen|Oberboihingen|Wendlingen(Neckar)|Plochingen,8001920,Esslingen (Neckar),Baden-Württemberg,Esslingen am Neckar,73728,9.300578149,48.73854148,3,2512110956,7,2512110957,7,,,,,,,,,,1.0,2.0
6769741212925597105-2512110937-2,4211,2512110946,2512110949,5,,RE,5,Stuttgart Hbf,8001920,Esslingen (Neckar),Baden-Württemberg,Esslingen am Neckar,73728,9.300578149,48.73854148,3,2512110950,6,2512110953,6,h,2,Information,,,,,,,4.0,4.0
-905861583136027170-2512110752-19,19357,2512110934,2512110935,6,,MEX,12,Mosbach-Neckarelz|Neckarzimmern|Haßmersheim|Gundelsheim(Neckar)|Offenau|Bad Friedrichshall Hbf|Neckarsulm|Heilbronn Sülmertor|Heilbronn Hbf|Nordheim(Württ)|Lauffen(Neckar)|Kirchheim(Neckar)|Walheim(Württ)|Besigheim|Bietigheim-Bissingen|Ludwigsburg|Stuttgart Hbf|Stuttgart-Bad Cannstatt,8001920,Esslingen (Neckar),Baden-Württemberg,Esslingen am Neckar,73728,9.300578149,48.73854148,3,2512110937,8,2512110937,8,c,,,,,,,,,3.0,2.0
4731050731424122758-2512110816-21,7116,2512110912,2512110912,8,,S,1,Herrenberg|Nufringen|Gärtringen|Ehningen(b Böblingen)|Hulb|Böblingen|Goldberg(Württ)|Stuttgart-Rohr|Stuttgart-Vaihingen|Stuttgart-Österfeld|Stuttgart Universität|Stuttgart Schwabstr.|Stuttgart Feuersee|Stuttgart Stadtmitte|Stuttgart Hbf (tief)|Stuttgart-Bad Cannstatt|Stuttgart Neckarpark|Stuttgart-Untertürkheim|Stuttgart-Obertürkheim|Esslingen-Mettingen,8001920,Esslingen (Neckar),Baden-Württemberg,Esslingen am Neckar,73728,9.300578149,48.73854148,3,2512110927,,2512110927,,h,1,Bauarbeiten,,,,,,,15.0,15.0
-1847498060052889012-2512110920-9,7121,2512110947,2512110948,7,,S,1,Kirchheim(Teck)|Kirchheim(Teck)-Ötlingen|Wendlingen(Neckar)|Wernau(Neckar)|Plochingen|Altbach|Esslingen-Zell|Oberesslingen,8001920,Esslingen (Neckar),Baden-Württemberg,Esslingen am Neckar,73728,9.300578149,48.73854148,3,2512110948,,2512110948,,h,1,Bauarbeiten,,,,,,,1.0,0.0
6798713546677038067-2512110659-25,19307,2512110905,2512110905,6,,MEX,18,Osterburken|Adelsheim Ost|Sennfeld|Roigheim|Möckmühl|Züttlingen|Siglingen|Neudenau|Herbolzheim(Jagst)|Untergriesheim|Bad Friedrichshall Hbf|Neckarsulm Nord|Neckarsulm|Heilbronn Sülmertor|Heilbronn Hbf|Nordheim(Württ)|Lauffen(Neckar)|Kirchheim(Neckar)|Walheim(Württ)|Besigheim|Bietigheim-Bissingen|Ludwigsburg|Stuttgart Hbf|Stuttgart-Bad Cannstatt,8001920,Esslingen (Neckar),Baden-Württemberg,Esslingen am Neckar,73728,9.300578149,48.73854148,3,2512110911,8,2512110911,8,c,,,,,,,,,6.0,6.0
6687978122309741738-2512110821-6,113,2512110959,2512111005,5,,EC,,Frankfurt(Main)Hbf|Darmstadt Hbf|Bensheim|Weinheim(Bergstr)Hbf|Heidelberg Hbf,8001920,Esslingen (Neckar),Baden-Württemberg,Esslingen am Neckar,73728,9.300578149,48.73854148,3,2512111004,,2512111008,,c,,,,,,,,,5.0,3.0
-4662378567499677508-2512110903-3,19127,2512110917,2512110920,5,,MEX,16,Stuttgart Hbf|Stuttgart-Bad Cannstatt,8001920,Esslingen (Neckar),Baden-Württemberg,Esslingen am Neckar,73728,9.300578149,48.73854148,3,2512110919,8,2512110920,8,,,,,,,,,,2.0,0.0
-3441789533908263347-2512110850-9,7119,2512110917,2512110918,7,,S,1,Kirchheim(Teck)|Kirchheim(Teck)-Ötlingen|Wendlingen(Neckar)|Wernau(Neckar)|Plochingen|Altbach|Esslingen-Zell|Oberesslingen,8001920,Esslingen (Neckar),Baden-Württemberg,Esslingen am Neckar,73728,9.300578149,48.73854148,3,2512110919,,2512110920,,h,1,Bauarbeiten,,,,,,,2.0,2.0
-1478494665311941456-2512110902-4,19310,2512110925,2512110926,3,,MEX,18,Nürtingen|Wendlingen(Neckar)|Plochingen,8001920,Esslingen (Neckar),Baden-Württemberg,Esslingen am Neckar,73728,9.300578149,48.73854148,3,2512110928,,2512110929,,,,,,,,,,,3.0,3.0
1645171848470015195-2512110846-21,7118,2512110942,2512110942,8,,S,1,Herrenberg|Nufringen|Gärtringen|Ehningen(b Böblingen)|Hulb|Böblingen|Goldberg(Württ)|Stuttgart-Rohr|Stuttgart-Vaihingen|Stuttgart-Österfeld|Stuttgart Universität|Stuttgart Schwabstr.|Stuttgart Feuersee|Stuttgart Stadtmitte|Stuttgart Hbf (tief)|Stuttgart-Bad Cannstatt|Stuttgart Neckarpark|Stuttgart-Untertürkheim|Stuttgart-Obertürkheim|Esslingen-Mettingen,8001920,Esslingen (Neckar),Baden-Württemberg,Esslingen am Neckar,73728,9.300578149,48.73854148,3,2512110947,,2512110948,,h,1,Bauarbeiten,,,,,,,5.0,6.0
-7028610943436685646-2512110819-20,19126,2512110940,2512110940,3,,MEX,16,Ulm Hbf|Beimerstetten|Westerstetten|Lonsee|Urspring|Amstetten(Württ)|Geislingen(Steige)|Geislingen(Steige)West|Kuchen|Gingen(Fils)|Süßen|Salach|Eislingen(Fils)|Göppingen|Faurndau|Uhingen|Ebersbach(Fils)|Reichenbach(Fils)|Plochingen,8001920,Esslingen (Neckar),Baden-Württemberg,Esslingen am Neckar,73728,9.300578149,48.73854148,3,2512110943,,2512110944,,,,,,,,,,,3.0,4.0
-1077781971709050018-2512110704-12,4206,2512110909,2512110910,3,,RE,5,Friedrichshafen Stadt|Meckenbeuren|Ravensburg|Aulendorf|Bad Schussenried|Biberach(Riß)|Laupheim West|Ulm Hbf|Geislingen(Steige)|Göppingen|Plochingen,8001920,Esslingen (Neckar),Baden-Württemberg,Esslingen am Neckar,73728,9.300578149,48.73854148,3,2512110916,,2512110917,,h,2,Information,,,,,,,7.0,7.0
-6165068286223376269-2512110548-10,913,2512110928,2512110935,5,,ICE,,Dortmund Hbf|Bochum Hbf|Essen Hbf|Duisburg Hbf|Düsseldorf Hbf|Köln Messe/Deutz Gl.11-12|Siegburg/Bonn|Frankfurt(M) Flughafen Fernbf|Mannheim Hbf,8001920,Esslingen (Neckar),Baden-Württemberg,Esslingen am Neckar,73728,9.300578149,48.73854148,3,2512110948,,2512110950,,c,,,,,,,,,20.0,15.0
4731050731424122758-2512110816-20,7116,2512110909,2512110909,4,,S,1,Herrenberg|Nufringen|Gärtringen|Ehningen(b Böblingen)|Hulb|Böblingen|Goldberg(Württ)|Stuttgart-Rohr|Stuttgart-Vaihingen|Stuttgart-Österfeld|Stuttgart Universität|Stuttgart Schwabstr.|Stuttgart Feuersee|Stuttgart Stadtmitte|Stuttgart Hbf (tief)|Stuttgart-Bad Cannstatt|Stuttgart Neckarpark|Stuttgart-Untertürkheim|Stuttgart-Obertürkheim,8001921,Esslingen-Mettingen,Baden-Württemberg,Esslingen am Neckar,73733,9.275799007,48.74696655,3,2512110924,,2512110924,,h,1,Bauarbeiten,,,,,,,15.0,15.0
-1847498060052889012-2512110920-10,7121,2512110950,2512110950,3,,S,1,Kirchheim(Teck)|Kirchheim(Teck)-Ötlingen|Wendlingen(Neckar)|Wernau(Neckar)|Plochingen|Altbach|Esslingen-Zell|Oberesslingen|Esslingen(Neckar),8001921,Esslingen-Mettingen,Baden-Württemberg,Esslingen am Neckar,73733,9.275799007,48.74696655,3,2512110953,,2512110953,,h,1,Bauarbeiten,,,,,,,3.0,3.0
-3441789533908263347-2512110850-10,7119,2512110920,2512110920,3,,S,1,Kirchheim(Teck)|Kirchheim(Teck)-Ötlingen|Wendlingen(Neckar)|Wernau(Neckar)|Plochingen|Altbach|Esslingen-Zell|Oberesslingen|Esslingen(Neckar),8001921,Esslingen-Mettingen,Baden-Württemberg,Esslingen am Neckar,73733,9.275799007,48.74696655,3,2512110922,,2512110922,,h,1,Bauarbeiten,,,,,,,2.0,2.0
1645171848470015195-2512110846-20,7118,2512110939,2512110939,4,,S,1,Herrenberg|Nufringen|Gärtringen|Ehningen(b Böblingen)|Hulb|Böblingen|Goldberg(Württ)|Stuttgart-Rohr|Stuttgart-Vaihingen|Stuttgart-Österfeld|Stuttgart Universität|Stuttgart Schwabstr.|Stuttgart Feuersee|Stuttgart Stadtmitte|Stuttgart Hbf (tief)|Stuttgart-Bad Cannstatt|Stuttgart Neckarpark|Stuttgart-Untertürkheim|Stuttgart-Obertürkheim,8001921,Esslingen-Mettingen,Baden-Württemberg,Esslingen am Neckar,73733,9.275799007,48.74696655,3,2512110945,,2512110945,,h,1,Bauarbeiten,,,,,,,6.0,6.0
4731050731424122758-2512110816-23,7116,2512110917,2512110917,4,,S,1,Herrenberg|Nufringen|Gärtringen|Ehningen(b Böblingen)|Hulb|Böblingen|Goldberg(Württ)|Stuttgart-Rohr|Stuttgart-Vaihingen|Stuttgart-Österfeld|Stuttgart Universität|Stuttgart Schwabstr.|Stuttgart Feuersee|Stuttgart Stadtmitte|Stuttgart Hbf (tief)|Stuttgart-Bad Cannstatt|Stuttgart Neckarpark|Stuttgart-Untertürkheim|Stuttgart-Obertürkheim|Esslingen-Mettingen|Esslingen(Neckar)|Oberesslingen,8006642,Esslingen-Zell,Baden-Württemberg,Esslingen am Neckar,73730,9.359739507,48.72436142,3,2512110932,,2512110932,,h,1,Bauarbeiten,,,,,,,15.0,15.0
-1847498060052889012-2512110920-7,7121,2512110942,2512110942,3,,S,1,Kirchheim(Teck)|Kirchheim(Teck)-Ötlingen|Wendlingen(Neckar)|Wernau(Neckar)|Plochingen|Altbach,8006642,Esslingen-Zell,Baden-Württemberg,Esslingen am Neckar,73730,9.359739507,48.72436142,3,2512110942,,2512110943,,h,1,Bauarbeiten,,,,,,,0.0,1.0
-3441789533908263347-2512110850-7,7119,2512110912,2512110912,3,,S,1,Kirchheim(Teck)|Kirchheim(Teck)-Ötlingen|Wendlingen(Neckar)|Wernau(Neckar)|Plochingen|Altbach,8006642,Esslingen-Zell,Baden-Württemberg,Esslingen am Neckar,73730,9.359739507,48.72436142,3,2512110913,,2512110913,,h,1,Bauarbeiten,,,,,,,1.0,1.0
1645171848470015195-2512110846-23,7118,2512110947,2512110947,4,,S,1,Herrenberg|Nufringen|Gärtringen|Ehningen(b Böblingen)|Hulb|Böblingen|Goldberg(Württ)|Stuttgart-Rohr|Stuttgart-Vaihingen|Stuttgart-Österfeld|Stuttgart Universität|Stuttgart Schwabstr.|Stuttgart Feuersee|Stuttgart Stadtmitte|Stuttgart Hbf (tief)|Stuttgart-Bad Cannstatt|Stuttgart Neckarpark|Stuttgart-Untertürkheim|Stuttgart-Obertürkheim|Esslingen-Mettingen|Esslingen(Neckar)|Oberesslingen,8006642,Esslingen-Zell,Baden-Württemberg,Esslingen am Neckar,73730,9.359739507,48.72436142,3,2512110952,,2512110953,,h,1,Bauarbeiten,,,,,,,5.0,6.0
5359158750246677389-2512110847-10,28384,2512110911,2512110911,1,,S,4,Stuttgart Schwabstr.|Stuttgart Feuersee|Stuttgart Stadtmitte|Stuttgart Hbf (tief)|Stuttgart Nord|Stuttgart-Feuerbach|Stuttgart-Zuffenhausen|Kornwestheim Pbf|Ludwigsburg,8001967,Favoritepark,Baden-Württemberg,Ludwigsburg,71634,9.180574277,48.90948451,5,2512110911,,2512110911,,h,1,Bauarbeiten,,,,,,,0.0,0.0
-2805247502729306800-2512110925-4,7419,2512110933,2512110933,2,,S,4,Marbach(Neckar)|Benningen(Neckar)|Freiberg(Neckar),8001967,Favoritepark,Baden-Württemberg,Ludwigsburg,71634,9.180574277,48.90948451,5,2512110933,,2512110933,,h,1,Bauarbeiten,,,,,,,0.0,0.0
736947574749107832-2512110917-10,28386,2512110941,2512110941,1,,S,4,Stuttgart Schwabstr.|Stuttgart Feuersee|Stuttgart Stadtmitte|Stuttgart Hbf (tief)|Stuttgart Nord|Stuttgart-Feuerbach|Stuttgart-Zuffenhausen|Kornwestheim Pbf|Ludwigsburg,8001967,Favoritepark,Baden-Württemberg,Ludwigsburg,71634,9.180574277,48.90948451,5,2512110945,,2512110945,,h,1,Bauarbeiten,,,,,,,4.0,4.0
3232158515646974756-2512110932-10,7416,2512110956,2512110956,1,,S,4,Stuttgart Schwabstr.|Stuttgart Feuersee|Stuttgart Stadtmitte|Stuttgart Hbf (tief)|Stuttgart Nord|Stuttgart-Feuerbach|Stuttgart-Zuffenhausen|Kornwestheim Pbf|Ludwigsburg,8001967,Favoritepark,Baden-Württemberg,Ludwigsburg,71634,9.180574277,48.90948451,5,2512110959,,2512110959,,h,1,Bauarbeiten,,,,,,,3.0,3.0
-1556136570494019483-2512110855-4,7417,2512110903,2512110903,2,,S,4,Marbach(Neckar)|Benningen(Neckar)|Freiberg(Neckar),8001967,Favoritepark,Baden-Württemberg,Ludwigsburg,71634,9.180574277,48.90948451,5,2512110906,,2512110906,,h,1,Bauarbeiten,,,,,,,3.0,3.0
-657478549015358641-2512110902-10,7414,2512110926,2512110926,1,,S,4,Stuttgart Schwabstr.|Stuttgart Feuersee|Stuttgart Stadtmitte|Stuttgart Hbf (tief)|Stuttgart Nord|Stuttgart-Feuerbach|Stuttgart-Zuffenhausen|Kornwestheim Pbf|Ludwigsburg,8001967,Favoritepark,Baden-Württemberg,Ludwigsburg,71634,9.180574277,48.90948451,5,2512110932,,2512110932,,h,1,Bauarbeiten,,,,,,,6.0,6.0
-5153415846004346891-2512110940-4,28385,2512110948,2512110948,2,,S,4,Marbach(Neckar)|Benningen(Neckar)|Freiberg(Neckar),8001967,Favoritepark,Baden-Württemberg,Ludwigsburg,71634,9.180574277,48.90948451,5,2512110949,,2512110950,,h,1,Bauarbeiten,,,,,,,1.0,2.0
2766724167212026355-2512110910-4,28383,2512110918,2512110918,2,,S,4,Marbach(Neckar)|Benningen(Neckar)|Freiberg(Neckar),8001967,Favoritepark,Baden-Württemberg,Ludwigsburg,71634,9.180574277,48.90948451,5,2512110919,,2512110919,,h,1,Bauarbeiten,,,,,,,1.0,1.0
2851968340219315363-2512110927-1,7316,,2512110927,,,S,3,,8001974,Fellbach,Baden-Württemberg,Fellbach,70736,9.270645988,48.8202936,3,,,2512110927,,h,1,Bauarbeiten,,,,,,,0.0,0.0
8832461638795716901-2512110841-8,7317,2512110902,,1,,S,,Backnang|Maubach|Nellmersbach|Winnenden|Schwaikheim|Neustadt-Hohenacker|Waiblingen,8001974,Fellbach,Baden-Württemberg,Fellbach,70736,9.270645988,48.8202936,3,2512110904,,,,h,1,Bauarbeiten,,,,,,,2.0,0.0
4109252183642476538-2512110911-8,7319,2512110932,,1,,S,,Backnang|Maubach|Nellmersbach|Winnenden|Schwaikheim|Neustadt-Hohenacker|Waiblingen,8001974,Fellbach,Baden-Württemberg,Fellbach,70736,9.270645988,48.8202936,3,2512110934,,,,h,1,Bauarbeiten,,,,,,,2.0,0.0
3298379912882616154-2512110957-1,7318,,2512110957,,,S,3,,8001974,Fellbach,Baden-Württemberg,Fellbach,70736,9.270645988,48.8202936,3,,,2512110957,,h,1,Bauarbeiten,,,,,,,0.0,0.0
6646559934352817209-2512110911-13,56097,2512110942,,1,,S,,Stuttgart-Bad Cannstatt|Stuttgart Hbf (tief)|Stuttgart Stadtmitte|Stuttgart Feuersee|Stuttgart Schwabstr.|Stuttgart Universität|Stuttgart-Österfeld|Stuttgart-Vaihingen|Stuttgart-Rohr|Oberaichen|Leinfelden|Echterdingen,8005768,Stuttgart Flughafen/Messe,Baden-Württemberg,Leinfelden-Echterdingen,70629,9.193411574,48.69075193,4,2512110943,2,,,,,,,,,,,,1.0,0.0
-2852454441264700711-2512110903-2,56016,2512110907,2512110908,2,,S,2,Filderstadt,8005768,Stuttgart Flughafen/Messe,Baden-Württemberg,Leinfelden-Echterdingen,70629,9.193411574,48.69075193,4,2512110907,,2512110908,,,,,,,,,,,0.0,0.0
-8037425331994198780-2512110851-13,56017,2512110922,2512110923,1,,S,2,Stuttgart-Bad Cannstatt|Stuttgart Hbf (tief)|Stuttgart Stadtmitte|Stuttgart Feuersee|Stuttgart Schwabstr.|Stuttgart Universität|Stuttgart-Österfeld|Stuttgart-Vaihingen|Stuttgart-Rohr|Oberaichen|Leinfelden|Echterdingen,8005768,Stuttgart Flughafen/Messe,Baden-Württemberg,Leinfelden-Echterdingen,70629,9.193411574,48.69075193,4,2512110922,,2512110923,,,,,,,,,,,0.0,0.0
-694726982323974606-2512110948-1,56100,,2512110948,,,S,3,,8005768,Stuttgart Flughafen/Messe,Baden-Württemberg,Leinfelden-Echterdingen,70629,9.193411574,48.69075193,4,,,2512110948,,,,,,,,,,,0.0,0.0
-5030075529357427279-2512110841-13,56095,2512110912,,1,,S,,Stuttgart-Bad Cannstatt|Stuttgart Hbf (tief)|Stuttgart Stadtmitte|Stuttgart Feuersee|Stuttgart Schwabstr.|Stuttgart Universität|Stuttgart-Österfeld|Stuttgart-Vaihingen|Stuttgart-Rohr|Oberaichen|Leinfelden|Echterdingen,8005768,Stuttgart Flughafen/Messe,Baden-Württemberg,Leinfelden-Echterdingen,70629,9.193411574,48.69075193,4,,,,,,,,,,,,c,,0.0,0.0
7041657828114384791-2512110918-1,56098,,2512110918,,,S,3,,8005768,Stuttgart Flughafen/Messe,Baden-Württemberg,Leinfelden-Echterdingen,70629,9.193411574,48.69075193,4,,,,,,,,,,,,,c,0.0,0.0
1082085063048100741-2512110933-2,56018,2512110937,2512110938,2,,S,2,Filderstadt,8005768,Stuttgart Flughafen/Messe,Baden-Württemberg,Leinfelden-Echterdingen,70629,9.193411574,48.69075193,4,2512110937,,2512110938,,,,,,,,,,,0.0,0.0
7777385061942298465-2512110921-13,56019,2512110952,2512110953,1,,S,2,Stuttgart-Bad Cannstatt|Stuttgart Hbf (tief)|Stuttgart Stadtmitte|Stuttgart Feuersee|Stuttgart Schwabstr.|Stuttgart Universität|Stuttgart-Österfeld|Stuttgart-Vaihingen|Stuttgart-Rohr|Oberaichen|Leinfelden|Echterdingen,8005768,Stuttgart Flughafen/Messe,Baden-Württemberg,Leinfelden-Echterdingen,70629,9.193411574,48.69075193,4,2512110954,,2512110954,,,,,,,,,,,2.0,1.0
5359158750246677389-2512110847-11,28384,2512110914,2512110914,3,,S,4,Stuttgart Schwabstr.|Stuttgart Feuersee|Stuttgart Stadtmitte|Stuttgart Hbf (tief)|Stuttgart Nord|Stuttgart-Feuerbach|Stuttgart-Zuffenhausen|Kornwestheim Pbf|Ludwigsburg|Favoritepark,8002065,Freiberg (Neckar),Baden-Württemberg,Freiberg am Neckar,71691,9.197530085,48.92994974,5,2512110914,,2512110914,,h,1,Bauarbeiten,,,,,,,0.0,0.0
-2805247502729306800-2512110925-3,7419,2512110930,2512110931,2,,S,4,Marbach(Neckar)|Benningen(Neckar),8002065,Freiberg (Neckar),Baden-Württemberg,Freiberg am Neckar,71691,9.197530085,48.92994974,5,2512110930,,2512110931,,h,1,Bauarbeiten,,,,,,,0.0,0.0
736947574749107832-2512110917-11,28386,2512110944,2512110944,3,,S,4,Stuttgart Schwabstr.|Stuttgart Feuersee|Stuttgart Stadtmitte|Stuttgart Hbf (tief)|Stuttgart Nord|Stuttgart-Feuerbach|Stuttgart-Zuffenhausen|Kornwestheim Pbf|Ludwigsburg|Favoritepark,8002065,Freiberg (Neckar),Baden-Württemberg,Freiberg am Neckar,71691,9.197530085,48.92994974,5,2512110948,,2512110948,,h,1,Bauarbeiten,,,,,,,4.0,4.0
3232158515646974756-2512110932-11,7416,2512110959,2512110959,3,,S,4,Stuttgart Schwabstr.|Stuttgart Feuersee|Stuttgart Stadtmitte|Stuttgart Hbf (tief)|Stuttgart Nord|Stuttgart-Feuerbach|Stuttgart-Zuffenhausen|Kornwestheim Pbf|Ludwigsburg|Favoritepark,8002065,Freiberg (Neckar),Baden-Württemberg,Freiberg am Neckar,71691,9.197530085,48.92994974,5,2512111002,,2512111002,,h,1,Bauarbeiten,,,,,,,3.0,3.0
-1556136570494019483-2512110855-3,7417,2512110900,2512110901,2,,S,4,Marbach(Neckar)|Benningen(Neckar),8002065,Freiberg (Neckar),Baden-Württemberg,Freiberg am Neckar,71691,9.197530085,48.92994974,5,2512110903,,2512110903,,h,1,Bauarbeiten,,,,,,,3.0,2.0
-657478549015358641-2512110902-11,7414,2512110929,2512110929,3,,S,4,Stuttgart Schwabstr.|Stuttgart Feuersee|Stuttgart Stadtmitte|Stuttgart Hbf (tief)|Stuttgart Nord|Stuttgart-Feuerbach|Stuttgart-Zuffenhausen|Kornwestheim Pbf|Ludwigsburg|Favoritepark,8002065,Freiberg (Neckar),Baden-Württemberg,Freiberg am Neckar,71691,9.197530085,48.92994974,5,2512110935,,2512110935,,h,1,Bauarbeiten,,,,,,,6.0,6.0
-5153415846004346891-2512110940-3,28385,2512110945,2512110946,2,,S,4,Marbach(Neckar)|Benningen(Neckar),8002065,Freiberg (Neckar),Baden-Württemberg,Freiberg am Neckar,71691,9.197530085,48.92994974,5,2512110946,,2512110947,,h,1,Bauarbeiten,,,,,,,1.0,1.0
2766724167212026355-2512110910-3,28383,2512110915,2512110916,2,,S,4,Marbach(Neckar)|Benningen(Neckar),8002065,Freiberg (Neckar),Baden-Württemberg,Freiberg am Neckar,71691,9.197530085,48.92994974,5,2512110916,,2512110916,,h,1,Bauarbeiten,,,,,,,1.0,0.0
2988814004659936288-2512110820-27,7117,2512110937,2512110937,1,,S,1,Kirchheim(Teck)|Kirchheim(Teck)-Ötlingen|Wendlingen(Neckar)|Wernau(Neckar)|Plochingen|Altbach|Esslingen-Zell|Oberesslingen|Esslingen(Neckar)|Esslingen-Mettingen|Stuttgart-Obertürkheim|Stuttgart-Untertürkheim|Stuttgart Neckarpark|Stuttgart-Bad Cannstatt|Stuttgart Hbf (tief)|Stuttgart Stadtmitte|Stuttgart Feuersee|Stuttgart Schwabstr.|Stuttgart Universität|Stuttgart-Österfeld|Stuttgart-Vaihingen|Stuttgart-Rohr|Goldberg(Württ)|Böblingen|Hulb|Ehningen(b Böblingen),8002165,Gärtringen,Baden-Württemberg,Gärtringen,71116,8.908864487,48.64080021,5,2512110939,,2512110939,,h,1,Bauarbeiten,,,,,,,2.0,2.0
-4779453800620886648-2512110916-3,7120,2512110922,2512110922,2,,S,1,Herrenberg|Nufringen,8002165,Gärtringen,Baden-Württemberg,Gärtringen,71116,8.908864487,48.64080021,5,2512110926,,2512110926,,h,1,Bauarbeiten,,,,,,,4.0,4.0
6607066274476454956-2512110935-7,7719,2512110952,2512110952,1,,S,1,Stuttgart-Vaihingen|Stuttgart-Rohr|Goldberg(Württ)|Böblingen|Hulb|Ehningen(b Böblingen),8002165,Gärtringen,Baden-Württemberg,Gärtringen,71116,8.908864487,48.64080021,5,2512110952,,2512110953,,h,1,Bauarbeiten,,,,,,,0.0,1.0
-423571488532288735-2512110946-3,7122,2512110952,2512110952,2,,S,1,Herrenberg|Nufringen,8002165,Gärtringen,Baden-Württemberg,Gärtringen,71116,8.908864487,48.64080021,5,2512110952,,2512110952,,h,1,Bauarbeiten,,,,,,,0.0,0.0
6586635698842149002-2512110931-3,7718,2512110937,2512110937,2,,S,1,Herrenberg|Nufringen,8002165,Gärtringen,Baden-Württemberg,Gärtringen,71116,8.908864487,48.64080021,5,2512110937,,2512110938,,h,1,Bauarbeiten,,,,,,,0.0,1.0
-7908498233924216314-2512110750-27,7115,2512110907,2512110907,1,,S,1,Kirchheim(Teck)|Kirchheim(Teck)-Ötlingen|Wendlingen(Neckar)|Wernau(Neckar)|Plochingen|Altbach|Esslingen-Zell|Oberesslingen|Esslingen(Neckar)|Esslingen-Mettingen|Stuttgart-Obertürkheim|Stuttgart-Untertürkheim|Stuttgart Neckarpark|Stuttgart-Bad Cannstatt|Stuttgart Hbf (tief)|Stuttgart Stadtmitte|Stuttgart Feuersee|Stuttgart Schwabstr.|Stuttgart Universität|Stuttgart-Österfeld|Stuttgart-Vaihingen|Stuttgart-Rohr|Goldberg(Württ)|Böblingen|Hulb|Ehningen(b Böblingen),8002165,Gärtringen,Baden-Württemberg,Gärtringen,71116,8.908864487,48.64080021,5,2512110909,,2512110910,,h,1,Bauarbeiten,,,,,,,2.0,3.0
5827144649628113960-2512110905-7,7717,2512110922,2512110922,1,,S,1,Stuttgart-Vaihingen|Stuttgart-Rohr|Goldberg(Württ)|Böblingen|Hulb|Ehningen(b Böblingen),8002165,Gärtringen,Baden-Württemberg,Gärtringen,71116,8.908864487,48.64080021,5,2512110923,,2512110924,,h,1,Bauarbeiten,,,,,,,1.0,2.0
-365973592530600887-2512110850-7,7212,2512110902,2512110902,2,,S,2,Waiblingen|Rommelshausen|Stetten-Beinstein|Endersbach|Beutelsbach|Grunbach,8002240,Geradstetten,Baden-Württemberg,Remshalden,73630,9.439522346,48.80527689,5,2512110903,,2512110904,,,,,,,,,,,1.0,2.0
-6027496912439365984-2512110918-4,7221,2512110925,2512110926,1,,S,2,Schorndorf|Weiler(Rems)|Winterbach(b Schorndorf),8002240,Geradstetten,Baden-Württemberg,Remshalden,73630,9.439522346,48.80527689,5,2512110925,,2512110926,,,,,,,,,,,0.0,0.0
-5744741285825368478-2512110948-4,7223,2512110955,2512110956,1,,S,2,Schorndorf|Weiler(Rems)|Winterbach(b Schorndorf),8002240,Geradstetten,Baden-Württemberg,Remshalden,73630,9.439522346,48.80527689,5,2512110956,,2512110956,,,,,,,,,,,1.0,0.0
-1776968849992631185-2512110920-7,7214,2512110932,2512110932,2,,S,2,Waiblingen|Rommelshausen|Stetten-Beinstein|Endersbach|Beutelsbach|Grunbach,8002240,Geradstetten,Baden-Württemberg,Remshalden,73630,9.439522346,48.80527689,5,2512110933,,2512110933,,,,,,,,,,,1.0,1.0
2988814004659936288-2512110820-23,7117,2512110927,2512110927,1,,S,1,Kirchheim(Teck)|Kirchheim(Teck)-Ötlingen|Wendlingen(Neckar)|Wernau(Neckar)|Plochingen|Altbach|Esslingen-Zell|Oberesslingen|Esslingen(Neckar)|Esslingen-Mettingen|Stuttgart-Obertürkheim|Stuttgart-Untertürkheim|Stuttgart Neckarpark|Stuttgart-Bad Cannstatt|Stuttgart Hbf (tief)|Stuttgart Stadtmitte|Stuttgart Feuersee|Stuttgart Schwabstr.|Stuttgart Universität|Stuttgart-Österfeld|Stuttgart-Vaihingen|Stuttgart-Rohr,8005201,Goldberg,Baden-Württemberg,Böblingen,71032,9.019733387,48.69651581,5,2512110928,,2512110928,,h,1,Bauarbeiten,,,,,,,1.0,1.0
-4779453800620886648-2512110916-7,7120,2512110932,2512110932,2,,S,1,Herrenberg|Nufringen|Gärtringen|Ehningen(b Böblingen)|Hulb|Böblingen,8005201,Goldberg,Baden-Württemberg,Böblingen,71032,9.019733387,48.69651581,5,2512110936,,2512110937,,h,1,Bauarbeiten,,,,,,,4.0,5.0
-1939940434765765785-2512110904-3,7716,2512110917,2512110917,2,,S,1,Herrenberg|Böblingen,8005201,Goldberg,Baden-Württemberg,Böblingen,71032,9.019733387,48.69651581,5,2512110917,,2512110918,,h,1,Bauarbeiten,,,,,,,0.0,1.0
6607066274476454956-2512110935-3,7719,2512110942,2512110942,1,,S,1,Stuttgart-Vaihingen|Stuttgart-Rohr,8005201,Goldberg,Baden-Württemberg,Böblingen,71032,9.019733387,48.69651581,5,2512110942,,2512110943,,h,1,Bauarbeiten,,,,,,,0.0,1.0
-3441789533908263347-2512110850-23,7119,2512110957,2512110957,1,,S,1,Kirchheim(Teck)|Kirchheim(Teck)-Ötlingen|Wendlingen(Neckar)|Wernau(Neckar)|Plochingen|Altbach|Esslingen-Zell|Oberesslingen|Esslingen(Neckar)|Esslingen-Mettingen|Stuttgart-Obertürkheim|Stuttgart-Untertürkheim|Stuttgart Neckarpark|Stuttgart-Bad Cannstatt|Stuttgart Hbf (tief)|Stuttgart Stadtmitte|Stuttgart Feuersee|Stuttgart Schwabstr.|Stuttgart Universität|Stuttgart-Österfeld|Stuttgart-Vaihingen|Stuttgart-Rohr,8005201,Goldberg,Baden-Württemberg,Böblingen,71032,9.019733387,48.69651581,5,2512111003,,2512111004,,h,1,Bauarbeiten,,,,,,,6.0,7.0
6586635698842149002-2512110931-7,7718,2512110947,2512110947,2,,S,1,Herrenberg|Nufringen|Gärtringen|Ehningen(b Böblingen)|Hulb|Böblingen,8005201,Goldberg,Baden-Württemberg,Böblingen,71032,9.019733387,48.69651581,5,2512110947,,2512110948,,h,1,Bauarbeiten,,,,,,,0.0,1.0
1645171848470015195-2512110846-7,7118,2512110902,2512110902,2,,S,1,Herrenberg|Nufringen|Gärtringen|Ehningen(b Böblingen)|Hulb|Böblingen,8005201,Goldberg,Baden-Württemberg,Böblingen,71032,9.019733387,48.69651581,5,2512110902,,2512110903,,h,1,Bauarbeiten,,,,,,,0.0,1.0
5827144649628113960-2512110905-3,7717,2512110912,2512110912,1,,S,1,Stuttgart-Vaihingen|Stuttgart-Rohr,8005201,Goldberg,Baden-Württemberg,Böblingen,71032,9.019733387,48.69651581,5,2512110912,,2512110913,,h,1,Bauarbeiten,,,,,,,0.0,1.0
-365973592530600887-2512110850-6,7212,2512110900,2512110900,3,,S,2,Waiblingen|Rommelshausen|Stetten-Beinstein|Endersbach|Beutelsbach,8002448,Grunbach,Baden-Württemberg,Remshalden,73630,9.419580601,48.810414,4,2512110901,,2512110902,,,,,,,,,,,1.0,2.0
-6027496912439365984-2512110918-5,7221,2512110927,2512110928,2,,S,2,Schorndorf|Weiler(Rems)|Winterbach(b Schorndorf)|Geradstetten,8002448,Grunbach,Baden-Württemberg,Remshalden,73630,9.419580601,48.810414,4,2512110927,,2512110928,,,,,,,,,,,0.0,0.0
-5744741285825368478-2512110948-5,7223,2512110957,2512110958,2,,S,2,Schorndorf|Weiler(Rems)|Winterbach(b Schorndorf)|Geradstetten,8002448,Grunbach,Baden-Württemberg,Remshalden,73630,9.419580601,48.810414,4,2512110957,,2512110958,,,,,,,,,,,0.0,0.0
-1776968849992631185-2512110920-6,7214,2512110930,2512110930,3,,S,2,Waiblingen|Rommelshausen|Stetten-Beinstein|Endersbach|Beutelsbach,8002448,Grunbach,Baden-Württemberg,Remshalden,73630,9.419580601,48.810414,4,2512110930,,2512110931,,,,,,,,,,,0.0,1.0
2988814004659936288-2512110820-29,7117,2512110944,,3,,S,,Kirchheim(Teck)|Kirchheim(Teck)-Ötlingen|Wendlingen(Neckar)|Wernau(Neckar)|Plochingen|Altbach|Esslingen-Zell|Oberesslingen|Esslingen(Neckar)|Esslingen-Mettingen|Stuttgart-Obertürkheim|Stuttgart-Untertürkheim|Stuttgart Neckarpark|Stuttgart-Bad Cannstatt|Stuttgart Hbf (tief)|Stuttgart Stadtmitte|Stuttgart Feuersee|Stuttgart Schwabstr.|Stuttgart Universität|Stuttgart-Österfeld|Stuttgart-Vaihingen|Stuttgart-Rohr|Goldberg(Württ)|Böblingen|Hulb|Ehningen(b Böblingen)|Gärtringen|Nufringen,8002785,Herrenberg,Baden-Württemberg,Herrenberg,71083,8.862625253,48.59395697,3,2512110946,,,,h,1,Bauarbeiten,,,,,,,2.0,0.0
-4233811089556499244-2512110949-1,22752,,2512110949,,,RB,63,,8002785,Herrenberg,Baden-Württemberg,Herrenberg,71083,8.862625253,48.59395697,3,,,2512110949,,h,2,Information,,,,,,,0.0,0.0
-6080363719688466813-2512110911-10,22753,2512110941,,102,,RB,,Tübingen Hbf|Tübingen West|Unterjesingen Sandäcker|Unterjesingen Mitte|Pfäffingen|Entringen|Altingen(Württ)|Gültstein|Herrenberg Zwerchweg,8002785,Herrenberg,Baden-Württemberg,Herrenberg,71083,8.862625253,48.59395697,3,2512110941,,,,h,2,Information,,,,,,,0.0,0.0
-4779453800620886648-2512110916-1,7120,,2512110916,,,S,1,,8002785,Herrenberg,Baden-Württemberg,Herrenberg,71083,8.862625253,48.59395697,3,,,2512110920,,h,1,Bauarbeiten,,,,,,,0.0,4.0
-1939940434765765785-2512110904-1,7716,,2512110904,,,S,1,,8002785,Herrenberg,Baden-Württemberg,Herrenberg,71083,8.862625253,48.59395697,3,,,2512110904,,h,1,Bauarbeiten,,,,,,,0.0,0.0
6607066274476454956-2512110935-9,7719,2512110959,,3,,S,,Stuttgart-Vaihingen|Stuttgart-Rohr|Goldberg(Württ)|Böblingen|Hulb|Ehningen(b Böblingen)|Gärtringen|Nufringen,8002785,Herrenberg,Baden-Württemberg,Herrenberg,71083,8.862625253,48.59395697,3,2512110959,,,,h,1,Bauarbeiten,,,,,,,0.0,0.0
-423571488532288735-2512110946-1,7122,,2512110946,,,S,1,,8002785,Herrenberg,Baden-Württemberg,Herrenberg,71083,8.862625253,48.59395697,3,,,2512110946,,h,1,Bauarbeiten,,,,,,,0.0,0.0
8561127939023480355-2512110917-3,50483,2512110947,2512110947,4,,RE,87,Stuttgart Hbf|Böblingen,8002785,Herrenberg,Baden-Württemberg,Herrenberg,71083,8.862625253,48.59395697,3,2512110948,,2512110949,,h,1,Information,,,,,,,1.0,2.0
-2566455291333629510-2512110811-14,17640,2512110910,2512110911,1,,RE,14b,Freudenstadt Hbf|Grüntal-Wittlensweiler|Dornstetten-Aach|Dornstetten|Schopfloch(b Freudenstadt)|Bittelbronn|Horb-Heiligenfeld|Hochdorf(b Horb)|Eutingen Nord|Eutingen im Gäu|Ergenzingen|Bondorf(b Herrenberg)|Gäufelden,8002785,Herrenberg,Baden-Württemberg,Herrenberg,71083,8.862625253,48.59395697,3,2512110913,,2512110914,,,,,,,,,,,3.0,3.0
6586635698842149002-2512110931-1,7718,,2512110931,,,S,1,,8002785,Herrenberg,Baden-Württemberg,Herrenberg,71083,8.862625253,48.59395697,3,,,2512110931,,h,1,Bauarbeiten,,,,,,,0.0,0.0
-7908498233924216314-2512110750-29,7115,2512110914,,3,,S,,Kirchheim(Teck)|Kirchheim(Teck)-Ötlingen|Wendlingen(Neckar)|Wernau(Neckar)|Plochingen|Altbach|Esslingen-Zell|Oberesslingen|Esslingen(Neckar)|Esslingen-Mettingen|Stuttgart-Obertürkheim|Stuttgart-Untertürkheim|Stuttgart Neckarpark|Stuttgart-Bad Cannstatt|Stuttgart Hbf (tief)|Stuttgart Stadtmitte|Stuttgart Feuersee|Stuttgart Schwabstr.|Stuttgart Universität|Stuttgart-Österfeld|Stuttgart-Vaihingen|Stuttgart-Rohr|Goldberg(Württ)|Böblingen|Hulb|Ehningen(b Böblingen)|Gärtringen|Nufringen,8002785,Herrenberg,Baden-Württemberg,Herrenberg,71083,8.862625253,48.59395697,3,2512110916,,,,h,1,Bauarbeiten,,,,,,,2.0,0.0
4341136945124075352-2512110841-10,22749,2512110911,,102,,RB,,Tübingen Hbf|Tübingen West|Unterjesingen Sandäcker|Unterjesingen Mitte|Pfäffingen|Entringen|Altingen(Württ)|Gültstein|Herrenberg Zwerchweg,8002785,Herrenberg,Baden-Württemberg,Herrenberg,71083,8.862625253,48.59395697,3,2512110911,,,,h,3,Information,,,,,,,0.0,0.0
-2710955930317826717-2512110919-1,22748,,2512110919,,,RB,63,,8002785,Herrenberg,Baden-Württemberg,Herrenberg,71083,8.862625253,48.59395697,3,,,2512110920,,h,2,Information,,,,,,,0.0,1.0
1113476340796244494-2512110917-3,483,2512110947,2512110947,4,,IC,,Stuttgart Hbf|Böblingen,8002785,Herrenberg,Baden-Württemberg,Herrenberg,71083,8.862625253,48.59395697,3,2512110948,,2512110949,,h,1,Information,,,,,,,1.0,2.0
5827144649628113960-2512110905-9,7717,2512110929,,3,,S,,Stuttgart-Vaihingen|Stuttgart-Rohr|Goldberg(Württ)|Böblingen|Hulb|Ehningen(b Böblingen)|Gärtringen|Nufringen,8002785,Herrenberg,Baden-Württemberg,Herrenberg,71083,8.862625253,48.59395697,3,2512110929,,,,h,1,Bauarbeiten,,,,,,,0.0,0.0
158414357061065328-2512110802-9,17646,2512110910,2512110911,1,,RE,14a,Rottweil|Oberndorf(Neckar)|Sulz(Neckar)|Horb|Eutingen im Gäu|Ergenzingen|Bondorf(b Herrenberg)|Gäufelden,8002785,Herrenberg,Baden-Württemberg,Herrenberg,71083,8.862625253,48.59395697,3,2512110913,,2512110914,,,,,,,,,,,3.0,3.0
-694433010054514515-2512110912-12,7616,2512110939,2512110939,2,,S,6,Stuttgart Schwabstr.|Stuttgart Feuersee|Stuttgart Stadtmitte|Stuttgart Hbf (tief)|Stuttgart Nord|Stuttgart-Feuerbach|Stuttgart-Zuffenhausen|Neuwirtshaus(Porscheplatz)|Korntal|Weilimdorf|Ditzingen,8002892,Höfingen,Baden-Württemberg,Leonberg,71229,9.026180834,48.81503436,5,2512110942,,2512110942,,,,,,,,,,,3.0,3.0
6651422081053397042-2512110857-12,7920,2512110924,2512110924,2,,S,6,Stuttgart Schwabstr.|Stuttgart Feuersee|Stuttgart Stadtmitte|Stuttgart Hbf (tief)|Stuttgart Nord|Stuttgart-Feuerbach|Stuttgart-Zuffenhausen|Neuwirtshaus(Porscheplatz)|Korntal|Weilimdorf|Ditzingen,8002892,Höfingen,Baden-Württemberg,Leonberg,71229,9.026180834,48.81503436,5,2512110924,,2512110924,,,,,,,,,,,0.0,0.0
-3832940569846018712-2512110927-12,7022,2512110954,2512110954,2,,S,60,Stuttgart Schwabstr.|Stuttgart Feuersee|Stuttgart Stadtmitte|Stuttgart Hbf (tief)|Stuttgart Nord|Stuttgart-Feuerbach|Stuttgart-Zuffenhausen|Neuwirtshaus(Porscheplatz)|Korntal|Weilimdorf|Ditzingen,8002892,Höfingen,Baden-Württemberg,Leonberg,71229,9.026180834,48.81503436,5,2512110956,,2512110956,,,,,,,,,,,2.0,2.0
-3576552835933518344-2512110927-12,7922,2512110954,2512110954,2,,S,6,Stuttgart Schwabstr.|Stuttgart Feuersee|Stuttgart Stadtmitte|Stuttgart Hbf (tief)|Stuttgart Nord|Stuttgart-Feuerbach|Stuttgart-Zuffenhausen|Neuwirtshaus(Porscheplatz)|Korntal|Weilimdorf|Ditzingen,8002892,Höfingen,Baden-Württemberg,Leonberg,71229,9.026180834,48.81503436,5,2512110956,,2512110956,,,,,,,,,,,2.0,2.0
-2920830109344667445-2512110933-6,7621,2512110950,2512110951,1,,S,6,Weil der Stadt|Malmsheim|Renningen|Rutesheim|Leonberg,8002892,Höfingen,Baden-Württemberg,Leonberg,71229,9.026180834,48.81503436,5,2512110950,,2512110951,,,,,,,,,,,0.0,0.0
5029336644743586028-2512110904-10,7017,2512110935,2512110936,1,,S,60,Böblingen|Sindelfingen|Maichingen|Maichingen Nord|Magstadt|Renningen Süd|Renningen|Rutesheim|Leonberg,8002892,Höfingen,Baden-Württemberg,Leonberg,71229,9.026180834,48.81503436,5,2512110941,,2512110941,,,,,,,,,,,6.0,5.0
-73934676157046898-2512110918-6,7917,2512110935,2512110936,1,,S,6,Weil der Stadt|Malmsheim|Renningen|Rutesheim|Leonberg,8002892,Höfingen,Baden-Württemberg,Leonberg,71229,9.026180834,48.81503436,5,2512110941,,2512110941,,,,,,,,,,,6.0,5.0
1745837345724546602-2512110903-6,7619,2512110920,2512110921,1,,S,6,Weil der Stadt|Malmsheim|Renningen|Rutesheim|Leonberg,8002892,Höfingen,Baden-Württemberg,Leonberg,71229,9.026180834,48.81503436,5,2512110921,,2512110922,,,,,,,,,,,1.0,1.0
9174048015743328640-2512110834-10,7015,2512110905,2512110906,1,,S,60,Böblingen|Sindelfingen|Maichingen|Maichingen Nord|Magstadt|Renningen Süd|Renningen|Rutesheim|Leonberg,8002892,Höfingen,Baden-Württemberg,Leonberg,71229,9.026180834,48.81503436,5,2512110912,,2512110912,,,,,,,,,,,7.0,6.0
-1639645104819799642-2512110848-6,7915,2512110905,2512110906,1,,S,6,Weil der Stadt|Malmsheim|Renningen|Rutesheim|Leonberg,8002892,Höfingen,Baden-Württemberg,Leonberg,71229,9.026180834,48.81503436,5,2512110912,,2512110912,,,,,,,,,,,7.0,6.0
5905606049501073542-2512110842-12,7614,2512110909,2512110909,2,,S,6,Stuttgart Schwabstr.|Stuttgart Feuersee|Stuttgart Stadtmitte|Stuttgart Hbf (tief)|Stuttgart Nord|Stuttgart-Feuerbach|Stuttgart-Zuffenhausen|Neuwirtshaus(Porscheplatz)|Korntal|Weilimdorf|Ditzingen,8002892,Höfingen,Baden-Württemberg,Leonberg,71229,9.026180834,48.81503436,5,2512110909,,2512110910,,,,,,,,,,,0.0,1.0
7166908817617232037-2512110857-12,7020,2512110924,2512110924,2,,S,60,Stuttgart Schwabstr.|Stuttgart Feuersee|Stuttgart Stadtmitte|Stuttgart Hbf (tief)|Stuttgart Nord|Stuttgart-Feuerbach|Stuttgart-Zuffenhausen|Neuwirtshaus(Porscheplatz)|Korntal|Weilimdorf|Ditzingen,8002892,Höfingen,Baden-Württemberg,Leonberg,71229,9.026180834,48.81503436,5,2512110924,,2512110924,,,,,,,,,,,0.0,0.0
2988814004659936288-2512110820-25,7117,2512110931,2512110931,1,,S,1,Kirchheim(Teck)|Kirchheim(Teck)-Ötlingen|Wendlingen(Neckar)|Wernau(Neckar)|Plochingen|Altbach|Esslingen-Zell|Oberesslingen|Esslingen(Neckar)|Esslingen-Mettingen|Stuttgart-Obertürkheim|Stuttgart-Untertürkheim|Stuttgart Neckarpark|Stuttgart-Bad Cannstatt|Stuttgart Hbf (tief)|Stuttgart Stadtmitte|Stuttgart Feuersee|Stuttgart Schwabstr.|Stuttgart Universität|Stuttgart-Österfeld|Stuttgart-Vaihingen|Stuttgart-Rohr|Goldberg(Württ)|Böblingen,8003022,Hulb,Baden-Württemberg,Böblingen-Hulb,71032,8.982396429,48.67924173,5,2512110933,,2512110933,,h,1,Bauarbeiten,,,,,,,2.0,2.0
-4779453800620886648-2512110916-5,7120,2512110928,2512110928,2,,S,1,Herrenberg|Nufringen|Gärtringen|Ehningen(b Böblingen),8003022,Hulb,Baden-Württemberg,Böblingen-Hulb,71032,8.982396429,48.67924173,5,2512110932,,2512110932,,h,1,Bauarbeiten,,,,,,,4.0,4.0
6607066274476454956-2512110935-5,7719,2512110946,2512110946,1,,S,1,Stuttgart-Vaihingen|Stuttgart-Rohr|Goldberg(Württ)|Böblingen,8003022,Hulb,Baden-Württemberg,Böblingen-Hulb,71032,8.982396429,48.67924173,5,2512110946,,2512110947,,h,1,Bauarbeiten,,,,,,,0.0,1.0
-423571488532288735-2512110946-5,7122,2512110958,2512110958,2,,S,1,Herrenberg|Nufringen|Gärtringen|Ehningen(b Böblingen),8003022,Hulb,Baden-Württemberg,Böblingen-Hulb,71032,8.982396429,48.67924173,5,2512110958,,2512110958,,h,1,Bauarbeiten,,,,,,,0.0,0.0
6586635698842149002-2512110931-5,7718,2512110943,2512110943,2,,S,1,Herrenberg|Nufringen|Gärtringen|Ehningen(b Böblingen),8003022,Hulb,Baden-Württemberg,Böblingen-Hulb,71032,8.982396429,48.67924173,5,2512110943,,2512110943,,h,1,Bauarbeiten,,,,,,,0.0,0.0
-7908498233924216314-2512110750-25,7115,2512110901,2512110901,1,,S,1,Kirchheim(Teck)|Kirchheim(Teck)-Ötlingen|Wendlingen(Neckar)|Wernau(Neckar)|Plochingen|Altbach|Esslingen-Zell|Oberesslingen|Esslingen(Neckar)|Esslingen-Mettingen|Stuttgart-Obertürkheim|Stuttgart-Untertürkheim|Stuttgart Neckarpark|Stuttgart-Bad Cannstatt|Stuttgart Hbf (tief)|Stuttgart Stadtmitte|Stuttgart Feuersee|Stuttgart Schwabstr.|Stuttgart Universität|Stuttgart-Österfeld|Stuttgart-Vaihingen|Stuttgart-Rohr|Goldberg(Württ)|Böblingen,8003022,Hulb,Baden-Württemberg,Böblingen-Hulb,71032,8.982396429,48.67924173,5,2512110903,,2512110904,,h,1,Bauarbeiten,,,,,,,2.0,3.0
5827144649628113960-2512110905-5,7717,2512110916,2512110916,1,,S,1,Stuttgart-Vaihingen|Stuttgart-Rohr|Goldberg(Württ)|Böblingen,8003022,Hulb,Baden-Württemberg,Böblingen-Hulb,71032,8.982396429,48.67924173,5,2512110917,,2512110917,,h,1,Bauarbeiten,,,,,,,1.0,1.0
-2852454441264700711-2512110903-1,56016,,2512110903,,,S,2,,8001984,Filderstadt,Baden-Württemberg,Filderstadt,70794,9.217581315,48.67649151,5,,,2512110903,,,,,,,,,,,0.0,0.0
-8037425331994198780-2512110851-14,56017,2512110927,,1,,S,,Stuttgart-Bad Cannstatt|Stuttgart Hbf (tief)|Stuttgart Stadtmitte|Stuttgart Feuersee|Stuttgart Schwabstr.|Stuttgart Universität|Stuttgart-Österfeld|Stuttgart-Vaihingen|Stuttgart-Rohr|Oberaichen|Leinfelden|Echterdingen|Stuttgart Flughafen/Messe,8001984,Filderstadt,Baden-Württemberg,Filderstadt,70794,9.217581315,48.67649151,5,2512110927,2,,,,,,,,,,,,0.0,0.0
1082085063048100741-2512110933-1,56018,,2512110933,,,S,2,,8001984,Filderstadt,Baden-Württemberg,Filderstadt,70794,9.217581315,48.67649151,5,,,2512110933,1,,,,,,,,,,0.0,0.0
7777385061942298465-2512110921-14,56019,2512110957,,1,,S,,Stuttgart-Bad Cannstatt|Stuttgart Hbf (tief)|Stuttgart Stadtmitte|Stuttgart Feuersee|Stuttgart Schwabstr.|Stuttgart Universität|Stuttgart-Österfeld|Stuttgart-Vaihingen|Stuttgart-Rohr|Oberaichen|Leinfelden|Echterdingen|Stuttgart Flughafen/Messe,8001984,Filderstadt,Baden-Württemberg,Filderstadt,70794,9.217581315,48.67649151,5,2512110958,,,,,,,,,,,,,1.0,0.0
-1175523368977742604-2512110854-7,37958,2512110912,,1,,N,,Oberlenningen|Unterlenningen|Brucken|Owen(Teck)|Dettingen(Teck)|Kirchheim(Teck)Süd,8003280,Kirchheim (Teck),Baden-Württemberg,Kirchheim unter Teck,73230,9.443872422,48.64415981,4,2512110912,,,,,,,,,,,,,0.0,0.0
952325363577336893-2512110917-1,37959,,2512110917,,,N,RB64,,8003280,Kirchheim (Teck),Baden-Württemberg,Kirchheim unter Teck,73230,9.443872422,48.64415981,4,,,2512110917,,,,,,,,,,,0.0,0.0
1883247737282704559-2512110950-1,7123,,2512110950,,,S,1,,8003280,Kirchheim (Teck),Baden-Württemberg,Kirchheim unter Teck,73230,9.443872422,48.64415981,4,,,2512110950,,h,1,Bauarbeiten,,,,,,,0.0,0.0
-1847498060052889012-2512110920-1,7121,,2512110920,,,S,1,,8003280,Kirchheim (Teck),Baden-Württemberg,Kirchheim unter Teck,73230,9.443872422,48.64415981,4,,,2512110920,,h,1,Bauarbeiten,,,,,,,0.0,0.0
-672973619347659218-2512110855-5,56764,2512110909,,2,,S,,Plochingen|Wernau(Neckar)|Wendlingen(Neckar)|Kirchheim(Teck)-Ötlingen,8003280,Kirchheim (Teck),Baden-Württemberg,Kirchheim unter Teck,73230,9.443872422,48.64415981,4,2512110909,,,,,,,,,,,,,0.0,0.0
4339316477986731378-2512110925-5,56766,2512110939,,2,,S,,Plochingen|Wernau(Neckar)|Wendlingen(Neckar)|Kirchheim(Teck)-Ötlingen,8003280,Kirchheim (Teck),Baden-Württemberg,Kirchheim unter Teck,73230,9.443872422,48.64415981,4,2512110939,,,,,,,,,,,,,0.0,0.0
1883247737282704559-2512110950-2,7123,2512110953,2512110953,1,,S,1,Kirchheim(Teck),8003282,Kirchheim (Teck)-Ötlingen,Baden-Württemberg,Kirchheim unter Teck,73230,9.416261302,48.65782388,5,2512110953,,2512110953,,h,1,Bauarbeiten,,,,,,,0.0,0.0
-1847498060052889012-2512110920-2,7121,2512110923,2512110923,1,,S,1,Kirchheim(Teck),8003282,Kirchheim (Teck)-Ötlingen,Baden-Württemberg,Kirchheim unter Teck,73230,9.416261302,48.65782388,5,2512110923,,2512110923,,h,1,Bauarbeiten,,,,,,,0.0,0.0
-672973619347659218-2512110855-4,56764,2512110906,2512110907,1,,S,1,Plochingen|Wernau(Neckar)|Wendlingen(Neckar),8003282,Kirchheim (Teck)-Ötlingen,Baden-Württemberg,Kirchheim unter Teck,73230,9.416261302,48.65782388,5,2512110906,,2512110907,,,,,,,,,,,0.0,0.0
4339316477986731378-2512110925-4,56766,2512110936,2512110937,1,,S,1,Plochingen|Wernau(Neckar)|Wendlingen(Neckar),8003282,Kirchheim (Teck)-Ötlingen,Baden-Württemberg,Kirchheim unter Teck,73230,9.416261302,48.65782388,5,2512110936,,2512110937,,,,,,,,,,,0.0,0.0
8210756625525920535-2512110905-1,1108,,2512110905,,,WEG,RB47,,8003409,Korntal,Baden-Württemberg,Korntal,70825,9.121099128,48.82640246,4,,,2512110905,,,,,,,,,,,0.0,0.0
-694433010054514515-2512110912-9,7616,2512110931,2512110931,1,,S,6,Stuttgart Schwabstr.|Stuttgart Feuersee|Stuttgart Stadtmitte|Stuttgart Hbf (tief)|Stuttgart Nord|Stuttgart-Feuerbach|Stuttgart-Zuffenhausen|Neuwirtshaus(Porscheplatz),8003409,Korntal,Baden-Württemberg,Korntal,70825,9.121099128,48.82640246,4,2512110934,,2512110935,,,,,,,,,,,3.0,4.0
6651422081053397042-2512110857-9,7920,2512110916,2512110916,1,,S,6,Stuttgart Schwabstr.|Stuttgart Feuersee|Stuttgart Stadtmitte|Stuttgart Hbf (tief)|Stuttgart Nord|Stuttgart-Feuerbach|Stuttgart-Zuffenhausen|Neuwirtshaus(Porscheplatz),8003409,Korntal,Baden-Württemberg,Korntal,70825,9.121099128,48.82640246,4,2512110916,,2512110916,,,,,,,,,,,0.0,0.0
-3832940569846018712-2512110927-9,7022,2512110946,2512110946,1,,S,60,Stuttgart Schwabstr.|Stuttgart Feuersee|Stuttgart Stadtmitte|Stuttgart Hbf (tief)|Stuttgart Nord|Stuttgart-Feuerbach|Stuttgart-Zuffenhausen|Neuwirtshaus(Porscheplatz),8003409,Korntal,Baden-Württemberg,Korntal,70825,9.121099128,48.82640246,4,2512110948,,2512110949,,,,,,,,,,,2.0,3.0
-3576552835933518344-2512110927-9,7922,2512110946,2512110946,1,,S,6,Stuttgart Schwabstr.|Stuttgart Feuersee|Stuttgart Stadtmitte|Stuttgart Hbf (tief)|Stuttgart Nord|Stuttgart-Feuerbach|Stuttgart-Zuffenhausen|Neuwirtshaus(Porscheplatz),8003409,Korntal,Baden-Württemberg,Korntal,70825,9.121099128,48.82640246,4,2512110948,,2512110949,,,,,,,,,,,2.0,3.0
-2920830109344667445-2512110933-9,7621,2512110958,2512110959,3,,S,6,Weil der Stadt|Malmsheim|Renningen|Rutesheim|Leonberg|Höfingen|Ditzingen|Weilimdorf,8003409,Korntal,Baden-Württemberg,Korntal,70825,9.121099128,48.82640246,4,2512110958,,2512110959,,,,,,,,,,,0.0,0.0
5029336644743586028-2512110904-13,7017,2512110943,2512110944,3,,S,60,Böblingen|Sindelfingen|Maichingen|Maichingen Nord|Magstadt|Renningen Süd|Renningen|Rutesheim|Leonberg|Höfingen|Ditzingen|Weilimdorf,8003409,Korntal,Baden-Württemberg,Korntal,70825,9.121099128,48.82640246,4,2512110949,,2512110949,,,,,,,,,,,6.0,5.0
-73934676157046898-2512110918-9,7917,2512110943,2512110944,3,,S,6,Weil der Stadt|Malmsheim|Renningen|Rutesheim|Leonberg|Höfingen|Ditzingen|Weilimdorf,8003409,Korntal,Baden-Württemberg,Korntal,70825,9.121099128,48.82640246,4,2512110949,,2512110949,,,,,,,,,,,6.0,5.0
4879138394231014993-2512110935-1,1114,,2512110935,,,WEG,RB47,,8003409,Korntal,Baden-Württemberg,Korntal,70825,9.121099128,48.82640246,4,,,2512110935,,,,,,,,,,,0.0,0.0
4192448230075273332-2512110931-7,1115,2512110954,,7,,WEG,,Heimerdingen|Hemmingen|Schwieberdingen|Münchingen|Münchingen Rührberg|Korntal Gymnasium,8003409,Korntal,Baden-Württemberg,Korntal,70825,9.121099128,48.82640246,4,2512110954,,,,,,,,,,,,,0.0,0.0
1745837345724546602-2512110903-9,7619,2512110928,2512110929,3,,S,6,Weil der Stadt|Malmsheim|Renningen|Rutesheim|Leonberg|Höfingen|Ditzingen|Weilimdorf,8003409,Korntal,Baden-Württemberg,Korntal,70825,9.121099128,48.82640246,4,2512110929,,2512110929,,,,,,,,,,,1.0,0.0
9174048015743328640-2512110834-13,7015,2512110913,2512110914,3,,S,60,Böblingen|Sindelfingen|Maichingen|Maichingen Nord|Magstadt|Renningen Süd|Renningen|Rutesheim|Leonberg|Höfingen|Ditzingen|Weilimdorf,8003409,Korntal,Baden-Württemberg,Korntal,70825,9.121099128,48.82640246,4,2512110919,,2512110920,,,,,,,,,,,6.0,6.0
-1639645104819799642-2512110848-9,7915,2512110913,2512110914,3,,S,6,Weil der Stadt|Malmsheim|Renningen|Rutesheim|Leonberg|Höfingen|Ditzingen|Weilimdorf,8003409,Korntal,Baden-Württemberg,Korntal,70825,9.121099128,48.82640246,4,2512110919,,2512110920,,,,,,,,,,,6.0,6.0
5905606049501073542-2512110842-9,7614,2512110901,2512110901,1,,S,6,Stuttgart Schwabstr.|Stuttgart Feuersee|Stuttgart Stadtmitte|Stuttgart Hbf (tief)|Stuttgart Nord|Stuttgart-Feuerbach|Stuttgart-Zuffenhausen|Neuwirtshaus(Porscheplatz),8003409,Korntal,Baden-Württemberg,Korntal,70825,9.121099128,48.82640246,4,2512110901,,2512110902,,,,,,,,,,,0.0,1.0
7166908817617232037-2512110857-9,7020,2512110916,2512110916,1,,S,60,Stuttgart Schwabstr.|Stuttgart Feuersee|Stuttgart Stadtmitte|Stuttgart Hbf (tief)|Stuttgart Nord|Stuttgart-Feuerbach|Stuttgart-Zuffenhausen|Neuwirtshaus(Porscheplatz),8003409,Korntal,Baden-Württemberg,Korntal,70825,9.121099128,48.82640246,4,2512110916,,2512110916,,,,,,,,,,,0.0,0.0
-814011162138109450-2512110901-7,1109,2512110924,,7,,WEG,,Heimerdingen|Hemmingen|Schwieberdingen|Münchingen|Münchingen Rührberg|Korntal Gymnasium,8003409,Korntal,Baden-Württemberg,Korntal,70825,9.121099128,48.82640246,4,2512110924,,,,,,,,,,,,,0.0,0.0
-5056530606962501346-2512110922-5,28455,2512110934,2512110935,3,,S,5,Bietigheim-Bissingen|Tamm(Württ)|Asperg|Ludwigsburg,8003411,Kornwestheim Pbf,Baden-Württemberg,Kornwestheim,70806,9.179967278,48.86215948,3,2512110935,,2512110936,,,,,,,,,,,1.0,1.0
2383309551233687619-2512110937-5,7521,2512110949,2512110950,3,,S,5,Bietigheim-Bissingen|Tamm(Württ)|Asperg|Ludwigsburg,8003411,Kornwestheim Pbf,Baden-Württemberg,Kornwestheim,70806,9.179967278,48.86215948,3,2512110949,,2512110950,,,,,,,,,,,0.0,0.0
5359158750246677389-2512110847-8,28384,2512110905,2512110905,4,,S,4,Stuttgart Schwabstr.|Stuttgart Feuersee|Stuttgart Stadtmitte|Stuttgart Hbf (tief)|Stuttgart Nord|Stuttgart-Feuerbach|Stuttgart-Zuffenhausen,8003411,Kornwestheim Pbf,Baden-Württemberg,Kornwestheim,70806,9.179967278,48.86215948,3,2512110905,,2512110906,,h,1,Bauarbeiten,,,,,,,0.0,1.0
2188934342571090911-2512110852-5,28453,2512110904,2512110905,3,,S,5,Bietigheim-Bissingen|Tamm(Württ)|Asperg|Ludwigsburg,8003411,Kornwestheim Pbf,Baden-Württemberg,Kornwestheim,70806,9.179967278,48.86215948,3,2512110908,,2512110908,,,,,,,,,,,4.0,3.0
-2805247502729306800-2512110925-6,7419,2512110939,2512110940,3,,S,4,Marbach(Neckar)|Benningen(Neckar)|Freiberg(Neckar)|Favoritepark|Ludwigsburg,8003411,Kornwestheim Pbf,Baden-Württemberg,Kornwestheim,70806,9.179967278,48.86215948,3,2512110940,,2512110941,,h,1,Bauarbeiten,,,,,,,1.0,1.0
-3682815568361595216-2512110922-8,7518,2512110940,2512110940,4,,S,5,Stuttgart Schwabstr.|Stuttgart Feuersee|Stuttgart Stadtmitte|Stuttgart Hbf (tief)|Stuttgart Nord|Stuttgart-Feuerbach|Stuttgart-Zuffenhausen,8003411,Kornwestheim Pbf,Baden-Württemberg,Kornwestheim,70806,9.179967278,48.86215948,3,2512110944,,2512110945,,,,,,,,,,,4.0,5.0
736947574749107832-2512110917-8,28386,2512110935,2512110935,4,,S,4,Stuttgart Schwabstr.|Stuttgart Feuersee|Stuttgart Stadtmitte|Stuttgart Hbf (tief)|Stuttgart Nord|Stuttgart-Feuerbach|Stuttgart-Zuffenhausen,8003411,Kornwestheim Pbf,Baden-Württemberg,Kornwestheim,70806,9.179967278,48.86215948,3,2512110939,,2512110940,,h,1,Bauarbeiten,,,,,,,4.0,5.0
3232158515646974756-2512110932-8,7416,2512110950,2512110950,4,,S,4,Stuttgart Schwabstr.|Stuttgart Feuersee|Stuttgart Stadtmitte|Stuttgart Hbf (tief)|Stuttgart Nord|Stuttgart-Feuerbach|Stuttgart-Zuffenhausen,8003411,Kornwestheim Pbf,Baden-Württemberg,Kornwestheim,70806,9.179967278,48.86215948,3,2512110952,,2512110953,,h,1,Bauarbeiten,,,,,,,2.0,3.0
-2232522451867967971-2512110907-8,28452,2512110925,2512110925,4,,S,5,Stuttgart Schwabstr.|Stuttgart Feuersee|Stuttgart Stadtmitte|Stuttgart Hbf (tief)|Stuttgart Nord|Stuttgart-Feuerbach|Stuttgart-Zuffenhausen,8003411,Kornwestheim Pbf,Baden-Württemberg,Kornwestheim,70806,9.179967278,48.86215948,3,2512110931,,2512110932,,,,,,,,,,,6.0,7.0
-1556136570494019483-2512110855-6,7417,2512110909,2512110910,3,,S,4,Marbach(Neckar)|Benningen(Neckar)|Freiberg(Neckar)|Favoritepark|Ludwigsburg,8003411,Kornwestheim Pbf,Baden-Württemberg,Kornwestheim,70806,9.179967278,48.86215948,3,2512110912,,2512110912,,h,1,Bauarbeiten,,,,,,,3.0,2.0
6917320209796903914-2512110852-8,7516,2512110910,2512110910,4,,S,5,Stuttgart Schwabstr.|Stuttgart Feuersee|Stuttgart Stadtmitte|Stuttgart Hbf (tief)|Stuttgart Nord|Stuttgart-Feuerbach|Stuttgart-Zuffenhausen,8003411,Kornwestheim Pbf,Baden-Württemberg,Kornwestheim,70806,9.179967278,48.86215948,3,2512110911,,2512110912,,,,,,,,,,,1.0,2.0
-657478549015358641-2512110902-8,7414,2512110920,2512110920,4,,S,4,Stuttgart Schwabstr.|Stuttgart Feuersee|Stuttgart Stadtmitte|Stuttgart Hbf (tief)|Stuttgart Nord|Stuttgart-Feuerbach|Stuttgart-Zuffenhausen,8003411,Kornwestheim Pbf,Baden-Württemberg,Kornwestheim,70806,9.179967278,48.86215948,3,2512110925,,2512110926,,h,1,Bauarbeiten,,,,,,,5.0,6.0
-5153415846004346891-2512110940-6,28385,2512110954,2512110955,3,,S,4,Marbach(Neckar)|Benningen(Neckar)|Freiberg(Neckar)|Favoritepark|Ludwigsburg,8003411,Kornwestheim Pbf,Baden-Württemberg,Kornwestheim,70806,9.179967278,48.86215948,3,2512110956,,2512110956,,h,1,Bauarbeiten,,,,,,,2.0,1.0
2766724167212026355-2512110910-6,28383,2512110924,2512110925,3,,S,4,Marbach(Neckar)|Benningen(Neckar)|Freiberg(Neckar)|Favoritepark|Ludwigsburg,8003411,Kornwestheim Pbf,Baden-Württemberg,Kornwestheim,70806,9.179967278,48.86215948,3,2512110925,,2512110926,,h,1,Bauarbeiten,,,,,,,1.0,1.0
9177979391540237453-2512110937-8,28454,2512110955,2512110955,4,,S,5,Stuttgart Schwabstr.|Stuttgart Feuersee|Stuttgart Stadtmitte|Stuttgart Hbf (tief)|Stuttgart Nord|Stuttgart-Feuerbach|Stuttgart-Zuffenhausen,8003411,Kornwestheim Pbf,Baden-Württemberg,Kornwestheim,70806,9.179967278,48.86215948,3,2512110956,,2512110956,,,,,,,,,,,1.0,1.0
-8972942860695039210-2512110907-5,7519,2512110919,2512110920,3,,S,5,Bietigheim-Bissingen|Tamm(Württ)|Asperg|Ludwigsburg,8003411,Kornwestheim Pbf,Baden-Württemberg,Kornwestheim,70806,9.179967278,48.86215948,3,2512110919,,2512110920,,,,,,,,,,,0.0,0.0
6646559934352817209-2512110911-11,56097,2512110936,2512110937,1,,S,3,Stuttgart-Bad Cannstatt|Stuttgart Hbf (tief)|Stuttgart Stadtmitte|Stuttgart Feuersee|Stuttgart Schwabstr.|Stuttgart Universität|Stuttgart-Österfeld|Stuttgart-Vaihingen|Stuttgart-Rohr|Oberaichen,8003622,Leinfelden,Baden-Württemberg,Leinfelden-Echterdingen,70771,9.142859698,48.6964193,4,2512110938,,2512110938,,,,,,,,,,,2.0,1.0
-2852454441264700711-2512110903-4,56016,2512110912,2512110913,2,,S,2,Filderstadt|Stuttgart Flughafen/Messe|Echterdingen,8003622,Leinfelden,Baden-Württemberg,Leinfelden-Echterdingen,70771,9.142859698,48.6964193,4,2512110912,,2512110913,,,,,,,,,,,0.0,0.0
-8037425331994198780-2512110851-11,56017,2512110916,2512110917,1,,S,2,Stuttgart-Bad Cannstatt|Stuttgart Hbf (tief)|Stuttgart Stadtmitte|Stuttgart Feuersee|Stuttgart Schwabstr.|Stuttgart Universität|Stuttgart-Österfeld|Stuttgart-Vaihingen|Stuttgart-Rohr|Oberaichen,8003622,Leinfelden,Baden-Württemberg,Leinfelden-Echterdingen,70771,9.142859698,48.6964193,4,2512110916,,2512110917,,,,,,,,,,,0.0,0.0
-694726982323974606-2512110948-3,56100,2512110952,2512110953,2,,S,3,Stuttgart Flughafen/Messe|Echterdingen,8003622,Leinfelden,Baden-Württemberg,Leinfelden-Echterdingen,70771,9.142859698,48.6964193,4,2512110952,,2512110953,,,,,,,,,,,0.0,0.0
-5030075529357427279-2512110841-11,56095,2512110906,2512110907,1,,S,3,Stuttgart-Bad Cannstatt|Stuttgart Hbf (tief)|Stuttgart Stadtmitte|Stuttgart Feuersee|Stuttgart Schwabstr.|Stuttgart Universität|Stuttgart-Österfeld|Stuttgart-Vaihingen|Stuttgart-Rohr|Oberaichen,8003622,Leinfelden,Baden-Württemberg,Leinfelden-Echterdingen,70771,9.142859698,48.6964193,4,,,,,,,,,,,,c,c,0.0,0.0
7041657828114384791-2512110918-3,56098,2512110922,2512110923,2,,S,3,Stuttgart Flughafen/Messe|Echterdingen,8003622,Leinfelden,Baden-Württemberg,Leinfelden-Echterdingen,70771,9.142859698,48.6964193,4,,,,,,,,,,,,c,c,0.0,0.0
1082085063048100741-2512110933-4,56018,2512110942,2512110943,2,,S,2,Filderstadt|Stuttgart Flughafen/Messe|Echterdingen,8003622,Leinfelden,Baden-Württemberg,Leinfelden-Echterdingen,70771,9.142859698,48.6964193,4,2512110942,,2512110943,,,,,,,,,,,0.0,0.0
7777385061942298465-2512110921-11,56019,2512110946,2512110947,1,,S,2,Stuttgart-Bad Cannstatt|Stuttgart Hbf (tief)|Stuttgart Stadtmitte|Stuttgart Feuersee|Stuttgart Schwabstr.|Stuttgart Universität|Stuttgart-Österfeld|Stuttgart-Vaihingen|Stuttgart-Rohr|Oberaichen,8003622,Leinfelden,Baden-Württemberg,Leinfelden-Echterdingen,70771,9.142859698,48.6964193,4,2512110948,,2512110948,,,,,,,,,,,2.0,1.0
-694433010054514515-2512110912-13,7616,2512110943,2512110943,2,,S,6,Stuttgart Schwabstr.|Stuttgart Feuersee|Stuttgart Stadtmitte|Stuttgart Hbf (tief)|Stuttgart Nord|Stuttgart-Feuerbach|Stuttgart-Zuffenhausen|Neuwirtshaus(Porscheplatz)|Korntal|Weilimdorf|Ditzingen|Höfingen,8003652,Leonberg,Baden-Württemberg,Leonberg,71229,9.004025993,48.79970547,3,2512110945,,2512110946,,,,,,,,,,,2.0,3.0
6651422081053397042-2512110857-13,7920,2512110928,2512110928,2,,S,6,Stuttgart Schwabstr.|Stuttgart Feuersee|Stuttgart Stadtmitte|Stuttgart Hbf (tief)|Stuttgart Nord|Stuttgart-Feuerbach|Stuttgart-Zuffenhausen|Neuwirtshaus(Porscheplatz)|Korntal|Weilimdorf|Ditzingen|Höfingen,8003652,Leonberg,Baden-Württemberg,Leonberg,71229,9.004025993,48.79970547,3,2512110928,,2512110928,,,,,,,,,,,0.0,0.0
-3832940569846018712-2512110927-13,7022,2512110958,2512110958,2,,S,60,Stuttgart Schwabstr.|Stuttgart Feuersee|Stuttgart Stadtmitte|Stuttgart Hbf (tief)|Stuttgart Nord|Stuttgart-Feuerbach|Stuttgart-Zuffenhausen|Neuwirtshaus(Porscheplatz)|Korntal|Weilimdorf|Ditzingen|Höfingen,8003652,Leonberg,Baden-Württemberg,Leonberg,71229,9.004025993,48.79970547,3,2512111000,,2512111000,,,,,,,,,,,2.0,2.0
-3576552835933518344-2512110927-13,7922,2512110958,2512110958,2,,S,6,Stuttgart Schwabstr.|Stuttgart Feuersee|Stuttgart Stadtmitte|Stuttgart Hbf (tief)|Stuttgart Nord|Stuttgart-Feuerbach|Stuttgart-Zuffenhausen|Neuwirtshaus(Porscheplatz)|Korntal|Weilimdorf|Ditzingen|Höfingen,8003652,Leonberg,Baden-Württemberg,Leonberg,71229,9.004025993,48.79970547,3,2512111000,,2512111000,,,,,,,,,,,2.0,2.0
-2920830109344667445-2512110933-5,7621,2512110947,2512110947,1,,S,6,Weil der Stadt|Malmsheim|Renningen|Rutesheim,8003652,Leonberg,Baden-Württemberg,Leonberg,71229,9.004025993,48.79970547,3,2512110947,,2512110947,,,,,,,,,,,0.0,0.0
5029336644743586028-2512110904-9,7017,2512110932,2512110932,1,,S,60,Böblingen|Sindelfingen|Maichingen|Maichingen Nord|Magstadt|Renningen Süd|Renningen|Rutesheim,8003652,Leonberg,Baden-Württemberg,Leonberg,71229,9.004025993,48.79970547,3,2512110937,,2512110938,,,,,,,,,,,5.0,6.0
-73934676157046898-2512110918-5,7917,2512110932,2512110932,1,,S,6,Weil der Stadt|Malmsheim|Renningen|Rutesheim,8003652,Leonberg,Baden-Württemberg,Leonberg,71229,9.004025993,48.79970547,3,2512110937,,2512110938,,,,,,,,,,,5.0,6.0
7639850202496668105-2512110850-6,7982,2512110907,2512110908,2,,S,62,Stuttgart-Feuerbach|Stuttgart-Zuffenhausen|Korntal|Weilimdorf|Ditzingen,8003652,Leonberg,Baden-Württemberg,Leonberg,71229,9.004025993,48.79970547,3,2512110908,,2512110909,,,,,,,,,,,1.0,1.0
1745837345724546602-2512110903-5,7619,2512110917,2512110917,1,,S,6,Weil der Stadt|Malmsheim|Renningen|Rutesheim,8003652,Leonberg,Baden-Württemberg,Leonberg,71229,9.004025993,48.79970547,3,2512110918,,2512110918,,,,,,,,,,,1.0,1.0
9174048015743328640-2512110834-9,7015,2512110902,2512110902,1,,S,60,Böblingen|Sindelfingen|Maichingen|Maichingen Nord|Magstadt|Renningen Süd|Renningen|Rutesheim,8003652,Leonberg,Baden-Württemberg,Leonberg,71229,9.004025993,48.79970547,3,2512110908,,2512110908,,,,,,,,,,,6.0,6.0
-1639645104819799642-2512110848-5,7915,2512110902,2512110902,1,,S,6,Weil der Stadt|Malmsheim|Renningen|Rutesheim,8003652,Leonberg,Baden-Württemberg,Leonberg,71229,9.004025993,48.79970547,3,2512110908,,2512110908,,,,,,,,,,,6.0,6.0
5905606049501073542-2512110842-13,7614,2512110913,2512110913,2,,S,6,Stuttgart Schwabstr.|Stuttgart Feuersee|Stuttgart Stadtmitte|Stuttgart Hbf (tief)|Stuttgart Nord|Stuttgart-Feuerbach|Stuttgart-Zuffenhausen|Neuwirtshaus(Porscheplatz)|Korntal|Weilimdorf|Ditzingen|Höfingen,8003652,Leonberg,Baden-Württemberg,Leonberg,71229,9.004025993,48.79970547,3,2512110913,,2512110913,,,,,,,,,,,0.0,0.0
7166908817617232037-2512110857-13,7020,2512110928,2512110928,2,,S,60,Stuttgart Schwabstr.|Stuttgart Feuersee|Stuttgart Stadtmitte|Stuttgart Hbf (tief)|Stuttgart Nord|Stuttgart-Feuerbach|Stuttgart-Zuffenhausen|Neuwirtshaus(Porscheplatz)|Korntal|Weilimdorf|Ditzingen|Höfingen,8003652,Leonberg,Baden-Württemberg,Leonberg,71229,9.004025993,48.79970547,3,2512110928,,2512110928,,,,,,,,,,,0.0,0.0
-5056530606962501346-2512110922-4,28455,2512110931,2512110931,3,,S,5,Bietigheim-Bissingen|Tamm(Württ)|Asperg,8000235,Ludwigsburg,Baden-Württemberg,Ludwigsburg,71638,9.185229823,48.89208622,3,2512110932,,2512110932,,,,,,,,,,,1.0,1.0
2383309551233687619-2512110937-4,7521,2512110946,2512110946,3,,S,5,Bietigheim-Bissingen|Tamm(Württ)|Asperg,8000235,Ludwigsburg,Baden-Württemberg,Ludwigsburg,71638,9.185229823,48.89208622,3,2512110946,,2512110946,,,,,,,,,,,0.0,0.0
5359158750246677389-2512110847-9,28384,2512110908,2512110909,2,,S,4,Stuttgart Schwabstr.|Stuttgart Feuersee|Stuttgart Stadtmitte|Stuttgart Hbf (tief)|Stuttgart Nord|Stuttgart-Feuerbach|Stuttgart-Zuffenhausen|Kornwestheim Pbf,8000235,Ludwigsburg,Baden-Württemberg,Ludwigsburg,71638,9.185229823,48.89208622,3,2512110908,,2512110909,,h,1,Bauarbeiten,,,,,,,0.0,0.0
2188934342571090911-2512110852-4,28453,2512110901,2512110901,3,,S,5,Bietigheim-Bissingen|Tamm(Württ)|Asperg,8000235,Ludwigsburg,Baden-Württemberg,Ludwigsburg,71638,9.185229823,48.89208622,3,2512110904,,2512110905,,,,,,,,,,,3.0,4.0
5841414069584179066-2512110736-9,19059,2512110939,2512110940,4,,RE,8,Würzburg Hbf|Lauda|Osterburken|Möckmühl|Bad Friedrichshall Hbf|Neckarsulm|Heilbronn Hbf|Bietigheim-Bissingen,8000235,Ludwigsburg,Baden-Württemberg,Ludwigsburg,71638,9.185229823,48.89208622,3,2512110941,,2512110943,,,,,,,,,,,2.0,3.0
4466654497612854474-2512110947-2,19608,2512110956,2512110957,1,,MEX,17c,Stuttgart Hbf,8000235,Ludwigsburg,Baden-Württemberg,Ludwigsburg,71638,9.185229823,48.89208622,3,2512111008,,2512111009,,,,,,,,,,,12.0,12.0
-2333532852925690131-2512110857-8,19217,2512110931,2512110932,4,,MEX,12,Heilbronn Hbf|Nordheim(Württ)|Lauffen(Neckar)|Kirchheim(Neckar)|Walheim(Württ)|Besigheim|Bietigheim-Bissingen,8000235,Ludwigsburg,Baden-Württemberg,Ludwigsburg,71638,9.185229823,48.89208622,3,2512110932,,2512110933,,,,,,,,,,,1.0,1.0
-2805247502729306800-2512110925-5,7419,2512110936,2512110936,3,,S,4,Marbach(Neckar)|Benningen(Neckar)|Freiberg(Neckar)|Favoritepark,8000235,Ludwigsburg,Baden-Württemberg,Ludwigsburg,71638,9.185229823,48.89208622,3,2512110937,,2512110937,,h,1,Bauarbeiten,,,,,,,1.0,1.0
-5533240198651439473-2512110814-13,19509,2512110900,2512110900,4,,MEX,17a,Pforzheim Hbf|Eutingen(Baden)|Niefern|Enzberg|Mühlacker|Mühlacker Rößlesweg|Illingen(Württ)|Vaihingen(Enz)|Sersheim|Sachsenheim|Ellental|Bietigheim-Bissingen,8000235,Ludwigsburg,Baden-Württemberg,Ludwigsburg,71638,9.185229823,48.89208622,3,2512110901,,2512110902,,,,,,,,,,,1.0,2.0
-905861583136027170-2512110752-16,19357,2512110904,2512110905,4,,MEX,12,Mosbach-Neckarelz|Neckarzimmern|Haßmersheim|Gundelsheim(Neckar)|Offenau|Bad Friedrichshall Hbf|Neckarsulm|Heilbronn Sülmertor|Heilbronn Hbf|Nordheim(Württ)|Lauffen(Neckar)|Kirchheim(Neckar)|Walheim(Württ)|Besigheim|Bietigheim-Bissingen,8000235,Ludwigsburg,Baden-Württemberg,Ludwigsburg,71638,9.185229823,48.89208622,3,2512110905,,2512110906,,,,,,,,,,,1.0,1.0
-3682815568361595216-2512110922-9,7518,2512110943,2512110944,2,,S,5,Stuttgart Schwabstr.|Stuttgart Feuersee|Stuttgart Stadtmitte|Stuttgart Hbf (tief)|Stuttgart Nord|Stuttgart-Feuerbach|Stuttgart-Zuffenhausen|Kornwestheim Pbf,8000235,Ludwigsburg,Baden-Württemberg,Ludwigsburg,71638,9.185229823,48.89208622,3,2512110948,,2512110948,,,,,,,,,,,5.0,4.0
2372218982085443212-2512110947-2,19508,2512110956,2512110957,1,,MEX,17a,Stuttgart Hbf,8000235,Ludwigsburg,Baden-Württemberg,Ludwigsburg,71638,9.185229823,48.89208622,3,2512111008,,2512111009,,,,,,,,,,,12.0,12.0
736947574749107832-2512110917-9,28386,2512110938,2512110939,2,,S,4,Stuttgart Schwabstr.|Stuttgart Feuersee|Stuttgart Stadtmitte|Stuttgart Hbf (tief)|Stuttgart Nord|Stuttgart-Feuerbach|Stuttgart-Zuffenhausen|Kornwestheim Pbf,8000235,Ludwigsburg,Baden-Württemberg,Ludwigsburg,71638,9.185229823,48.89208622,3,2512110942,,2512110942,,h,1,Bauarbeiten,,,,,,,4.0,3.0
7336202886159090600-2512110908-2,19062,2512110920,2512110921,1,,RE,8,Stuttgart Hbf,8000235,Ludwigsburg,Baden-Württemberg,Ludwigsburg,71638,9.185229823,48.89208622,3,2512110953,,2512110954,,h,3,Information,,,Stuttgart Hbf,Bietigheim-Bissingen|Heilbronn Hbf|Neckarsulm|Bad Friedrichshall Hbf|Möckmühl|Osterburken|Lauda|Würzburg Hbf,,,33.0,33.0
3232158515646974756-2512110932-9,7416,2512110953,2512110954,2,,S,4,Stuttgart Schwabstr.|Stuttgart Feuersee|Stuttgart Stadtmitte|Stuttgart Hbf (tief)|Stuttgart Nord|Stuttgart-Feuerbach|Stuttgart-Zuffenhausen|Kornwestheim Pbf,8000235,Ludwigsburg,Baden-Württemberg,Ludwigsburg,71638,9.185229823,48.89208622,3,2512110956,,2512110957,,h,1,Bauarbeiten,,,,,,,3.0,3.0
-2232522451867967971-2512110907-9,28452,2512110928,2512110929,2,,S,5,Stuttgart Schwabstr.|Stuttgart Feuersee|Stuttgart Stadtmitte|Stuttgart Hbf (tief)|Stuttgart Nord|Stuttgart-Feuerbach|Stuttgart-Zuffenhausen|Kornwestheim Pbf,8000235,Ludwigsburg,Baden-Württemberg,Ludwigsburg,71638,9.185229823,48.89208622,3,2512110935,,2512110935,,,,,,,,,,,7.0,6.0
-1556136570494019483-2512110855-5,7417,2512110906,2512110906,3,,S,4,Marbach(Neckar)|Benningen(Neckar)|Freiberg(Neckar)|Favoritepark,8000235,Ludwigsburg,Baden-Württemberg,Ludwigsburg,71638,9.185229823,48.89208622,3,2512110908,,2512110908,,h,1,Bauarbeiten,,,,,,,2.0,2.0
6917320209796903914-2512110852-9,7516,2512110913,2512110914,2,,S,5,Stuttgart Schwabstr.|Stuttgart Feuersee|Stuttgart Stadtmitte|Stuttgart Hbf (tief)|Stuttgart Nord|Stuttgart-Feuerbach|Stuttgart-Zuffenhausen|Kornwestheim Pbf,8000235,Ludwigsburg,Baden-Württemberg,Ludwigsburg,71638,9.185229823,48.89208622,3,2512110915,,2512110915,,,,,,,,,,,2.0,1.0
-1478494665311941456-2512110902-7,19310,2512110952,2512110953,1,,MEX,18,Nürtingen|Wendlingen(Neckar)|Plochingen|Esslingen(Neckar)|Stuttgart-Bad Cannstatt|Stuttgart Hbf,8000235,Ludwigsburg,Baden-Württemberg,Ludwigsburg,71638,9.185229823,48.89208622,3,2512111008,,2512111009,,,,,,,,,,,16.0,16.0
2288042975359940860-2512110833-8,19222,2512110929,2512110929,1,,MEX,12,Nürtingen|Oberboihingen|Wendlingen(Neckar)|Plochingen|Esslingen(Neckar)|Stuttgart-Bad Cannstatt|Stuttgart Hbf,8000235,Ludwigsburg,Baden-Württemberg,Ludwigsburg,71638,9.185229823,48.89208622,3,2512110938,,2512110940,,,,,,,,,,,9.0,11.0
-4109978745584514242-2512110735-25,19609,2512110900,2512110900,4,,MEX,17c,Bruchsal|Bruchsal Tunnelstraße|Bruchsal Schlachthof|Heidelsheim Nord|Heidelsheim|Helmsheim|Gondelsheim Schlossstadion|Gondelsheim(Baden)|Diedelsheim|Bretten|Bretten Rechberg|Bretten-Ruit|Knittlingen-Kleinvillars|Ölbronn-Dürrn|Maulbronn West|Ötisheim|Mühlacker|Mühlacker Rößlesweg|Illingen(Württ)|Vaihingen(Enz)|Sersheim|Sachsenheim|Ellental|Bietigheim-Bissingen,8000235,Ludwigsburg,Baden-Württemberg,Ludwigsburg,71638,9.185229823,48.89208622,3,2512110901,,2512110902,,,,,,,,,,,1.0,2.0
-657478549015358641-2512110902-9,7414,2512110923,2512110924,2,,S,4,Stuttgart Schwabstr.|Stuttgart Feuersee|Stuttgart Stadtmitte|Stuttgart Hbf (tief)|Stuttgart Nord|Stuttgart-Feuerbach|Stuttgart-Zuffenhausen|Kornwestheim Pbf,8000235,Ludwigsburg,Baden-Württemberg,Ludwigsburg,71638,9.185229823,48.89208622,3,2512110929,,2512110930,,h,1,Bauarbeiten,,,,,,,6.0,6.0
-5153415846004346891-2512110940-5,28385,2512110951,2512110951,3,,S,4,Marbach(Neckar)|Benningen(Neckar)|Freiberg(Neckar)|Favoritepark,8000235,Ludwigsburg,Baden-Württemberg,Ludwigsburg,71638,9.185229823,48.89208622,3,2512110952,,2512110953,,h,1,Bauarbeiten,,,,,,,1.0,2.0
2766724167212026355-2512110910-5,28383,2512110921,2512110921,3,,S,4,Marbach(Neckar)|Benningen(Neckar)|Freiberg(Neckar)|Favoritepark,8000235,Ludwigsburg,Baden-Württemberg,Ludwigsburg,71638,9.185229823,48.89208622,3,2512110922,,2512110922,,h,1,Bauarbeiten,,,,,,,1.0,1.0
9177979391540237453-2512110937-9,28454,2512110958,2512110959,2,,S,5,Stuttgart Schwabstr.|Stuttgart Feuersee|Stuttgart Stadtmitte|Stuttgart Hbf (tief)|Stuttgart Nord|Stuttgart-Feuerbach|Stuttgart-Zuffenhausen|Kornwestheim Pbf,8000235,Ludwigsburg,Baden-Württemberg,Ludwigsburg,71638,9.185229823,48.89208622,3,2512111000,,2512111000,,,,,,,,,,,2.0,1.0
-8972942860695039210-2512110907-4,7519,2512110916,2512110916,3,,S,5,Bietigheim-Bissingen|Tamm(Württ)|Asperg,8000235,Ludwigsburg,Baden-Württemberg,Ludwigsburg,71638,9.185229823,48.89208622,3,2512110916,,2512110916,,,,,,,,,,,0.0,0.0
-5449908235319311409-2512110948-2,7919,2512110950,2512110950,2,,S,6,Weil der Stadt,8003831,Malmsheim,Baden-Württemberg,Renningen,71272,8.905105557,48.77183564,5,2512110950,,2512110952,,,,,,,,,,,0.0,2.0
-694433010054514515-2512110912-16,7616,2512110954,2512110954,1,,S,6,Stuttgart Schwabstr.|Stuttgart Feuersee|Stuttgart Stadtmitte|Stuttgart Hbf (tief)|Stuttgart Nord|Stuttgart-Feuerbach|Stuttgart-Zuffenhausen|Neuwirtshaus(Porscheplatz)|Korntal|Weilimdorf|Ditzingen|Höfingen|Leonberg|Rutesheim|Renningen,8003831,Malmsheim,Baden-Württemberg,Renningen,71272,8.905105557,48.77183564,5,2512110954,,2512110955,,,,,,,,,,,0.0,1.0
6651422081053397042-2512110857-16,7920,2512110939,2512110939,1,,S,6,Stuttgart Schwabstr.|Stuttgart Feuersee|Stuttgart Stadtmitte|Stuttgart Hbf (tief)|Stuttgart Nord|Stuttgart-Feuerbach|Stuttgart-Zuffenhausen|Neuwirtshaus(Porscheplatz)|Korntal|Weilimdorf|Ditzingen|Höfingen|Leonberg|Rutesheim|Renningen,8003831,Malmsheim,Baden-Württemberg,Renningen,71272,8.905105557,48.77183564,5,2512110939,,2512110940,,,,,,,,,,,0.0,1.0
-7089011103472345685-2512110827-16,7918,2512110909,2512110909,1,,S,6,Stuttgart Schwabstr.|Stuttgart Feuersee|Stuttgart Stadtmitte|Stuttgart Hbf (tief)|Stuttgart Nord|Stuttgart-Feuerbach|Stuttgart-Zuffenhausen|Neuwirtshaus(Porscheplatz)|Korntal|Weilimdorf|Ditzingen|Höfingen|Leonberg|Rutesheim|Renningen,8003831,Malmsheim,Baden-Württemberg,Renningen,71272,8.905105557,48.77183564,5,2512110909,,2512110910,,,,,,,,,,,0.0,1.0
-2920830109344667445-2512110933-2,7621,2512110935,2512110935,2,,S,6,Weil der Stadt,8003831,Malmsheim,Baden-Württemberg,Renningen,71272,8.905105557,48.77183564,5,2512110936,,2512110937,,,,,,,,,,,1.0,2.0
-73934676157046898-2512110918-2,7917,2512110920,2512110920,2,,S,6,Weil der Stadt,8003831,Malmsheim,Baden-Württemberg,Renningen,71272,8.905105557,48.77183564,5,2512110921,,2512110925,,,,,,,,,,,1.0,5.0
1745837345724546602-2512110903-2,7619,2512110905,2512110905,2,,S,6,Weil der Stadt,8003831,Malmsheim,Baden-Württemberg,Renningen,71272,8.905105557,48.77183564,5,2512110906,,2512110906,,,,,,,,,,,1.0,1.0
5905606049501073542-2512110842-16,7614,2512110924,2512110924,1,,S,6,Stuttgart Schwabstr.|Stuttgart Feuersee|Stuttgart Stadtmitte|Stuttgart Hbf (tief)|Stuttgart Nord|Stuttgart-Feuerbach|Stuttgart-Zuffenhausen|Neuwirtshaus(Porscheplatz)|Korntal|Weilimdorf|Ditzingen|Höfingen|Leonberg|Rutesheim|Renningen,8003831,Malmsheim,Baden-Württemberg,Renningen,71272,8.905105557,48.77183564,5,2512110927,,2512110928,,,,,,,,,,,3.0,4.0
5359158750246677389-2512110847-13,28384,2512110920,,1,,S,,Stuttgart Schwabstr.|Stuttgart Feuersee|Stuttgart Stadtmitte|Stuttgart Hbf (tief)|Stuttgart Nord|Stuttgart-Feuerbach|Stuttgart-Zuffenhausen|Kornwestheim Pbf|Ludwigsburg|Favoritepark|Freiberg(Neckar)|Benningen(Neckar),8003853,Marbach (Neckar),Baden-Württemberg,Marbach am Neckar,71672,9.264611825,48.9437708,3,2512110920,,,,h,1,Bauarbeiten,,,,,,,0.0,0.0
6608045707776248966-2512110832-13,7412,2512110905,,1,,S,,Stuttgart Schwabstr.|Stuttgart Feuersee|Stuttgart Stadtmitte|Stuttgart Hbf (tief)|Stuttgart Nord|Stuttgart-Feuerbach|Stuttgart-Zuffenhausen|Kornwestheim Pbf|Ludwigsburg|Favoritepark|Freiberg(Neckar)|Benningen(Neckar),8003853,Marbach (Neckar),Baden-Württemberg,Marbach am Neckar,71672,9.264611825,48.9437708,3,2512110910,2,,,h,1,Bauarbeiten,,,,,,,5.0,0.0
-2805247502729306800-2512110925-1,7419,,2512110925,,,S,4,,8003853,Marbach (Neckar),Baden-Württemberg,Marbach am Neckar,71672,9.264611825,48.9437708,3,,,2512110925,,h,1,Bauarbeiten,,,,,,,0.0,0.0
736947574749107832-2512110917-13,28386,2512110950,,1,,S,,Stuttgart Schwabstr.|Stuttgart Feuersee|Stuttgart Stadtmitte|Stuttgart Hbf (tief)|Stuttgart Nord|Stuttgart-Feuerbach|Stuttgart-Zuffenhausen|Kornwestheim Pbf|Ludwigsburg|Favoritepark|Freiberg(Neckar)|Benningen(Neckar),8003853,Marbach (Neckar),Baden-Württemberg,Marbach am Neckar,71672,9.264611825,48.9437708,3,2512110954,,,,h,1,Bauarbeiten,,,,,,,4.0,0.0
-8961238257936161039-2512110903-7,17520,2512110947,2512110948,,,MEX,90,Schwäbisch Hall-Hessental|Gaildorf West|Murrhardt|Sulzbach(Murr)|Oppenweiler(Württ)|Backnang,8003853,Marbach (Neckar),Baden-Württemberg,Marbach am Neckar,71672,9.264611825,48.9437708,3,2512110958,1,2512111000,1,,,,,,,,,,11.0,12.0
8037746432878626020-2512110955-1,7421,,2512110955,,,S,4,,8003853,Marbach (Neckar),Baden-Württemberg,Marbach am Neckar,71672,9.264611825,48.9437708,3,,,2512110956,,h,1,Bauarbeiten,,,,,,,0.0,1.0
-657478549015358641-2512110902-13,7414,2512110935,,1,,S,,Stuttgart Schwabstr.|Stuttgart Feuersee|Stuttgart Stadtmitte|Stuttgart Hbf (tief)|Stuttgart Nord|Stuttgart-Feuerbach|Stuttgart-Zuffenhausen|Kornwestheim Pbf|Ludwigsburg|Favoritepark|Freiberg(Neckar)|Benningen(Neckar),8003853,Marbach (Neckar),Baden-Württemberg,Marbach am Neckar,71672,9.264611825,48.9437708,3,2512110941,,,,h,1,Bauarbeiten,,,,,,,6.0,0.0
-5153415846004346891-2512110940-1,28385,,2512110940,,,S,4,,8003853,Marbach (Neckar),Baden-Württemberg,Marbach am Neckar,71672,9.264611825,48.9437708,3,,,2512110941,,h,1,Bauarbeiten,,,,,,,0.0,1.0
2766724167212026355-2512110910-1,28383,,2512110910,,,S,4,,8003853,Marbach (Neckar),Baden-Württemberg,Marbach am Neckar,71672,9.264611825,48.9437708,3,,,2512110911,1,h,1,Bauarbeiten,,,,,,,0.0,1.0
2851968340219315363-2512110927-7,7316,2512110944,2512110945,2,,S,3,Fellbach|Waiblingen|Neustadt-Hohenacker|Schwaikheim|Winnenden|Nellmersbach,8003913,Maubach,Baden-Württemberg,Backnang,71522,9.419487062,48.92623463,4,2512110946,,2512110947,,h,1,Bauarbeiten,,,,,,,2.0,2.0
2619334060544690076-2512110941-2,7321,2512110943,2512110944,1,,S,3,Backnang,8003913,Maubach,Baden-Württemberg,Backnang,71522,9.419487062,48.92623463,4,2512110944,,2512110944,,h,1,Bauarbeiten,,,,,,,1.0,0.0
4109252183642476538-2512110911-2,7319,2512110913,2512110914,1,,S,3,Backnang,8003913,Maubach,Baden-Württemberg,Backnang,71522,9.419487062,48.92623463,4,2512110914,,2512110915,,h,1,Bauarbeiten,,,,,,,1.0,1.0
-8786051157656372470-2512110857-7,7314,2512110914,2512110915,2,,S,3,Fellbach|Waiblingen|Neustadt-Hohenacker|Schwaikheim|Winnenden|Nellmersbach,8003913,Maubach,Baden-Württemberg,Backnang,71522,9.419487062,48.92623463,4,2512110915,,2512110915,,h,1,Bauarbeiten,,,,,,,1.0,0.0
2851968340219315363-2512110927-6,7316,2512110941,2512110942,2,,S,3,Fellbach|Waiblingen|Neustadt-Hohenacker|Schwaikheim|Winnenden,8004233,Nellmersbach,Baden-Württemberg,Leutenbach,71397,9.415421538,48.90336425,5,2512110943,,2512110944,,h,1,Bauarbeiten,,,,,,,2.0,2.0
2619334060544690076-2512110941-3,7321,2512110946,2512110946,1,,S,3,Backnang|Maubach,8004233,Nellmersbach,Baden-Württemberg,Leutenbach,71397,9.415421538,48.90336425,5,2512110946,,2512110947,,h,1,Bauarbeiten,,,,,,,0.0,1.0
4109252183642476538-2512110911-3,7319,2512110916,2512110916,1,,S,3,Backnang|Maubach,8004233,Nellmersbach,Baden-Württemberg,Leutenbach,71397,9.415421538,48.90336425,5,2512110917,,2512110917,,h,1,Bauarbeiten,,,,,,,1.0,1.0
-8786051157656372470-2512110857-6,7314,2512110911,2512110912,2,,S,3,Fellbach|Waiblingen|Neustadt-Hohenacker|Schwaikheim|Winnenden,8004233,Nellmersbach,Baden-Württemberg,Leutenbach,71397,9.415421538,48.90336425,5,2512110912,,2512110913,,h,1,Bauarbeiten,,,,,,,1.0,1.0
2851968340219315363-2512110927-3,7316,2512110933,2512110933,1,,S,3,Fellbach|Waiblingen,8004333,Neustadt-Hohenacker,Baden-Württemberg,Waiblingen,71336,9.32455106,48.85921668,5,2512110934,2,2512110935,2,h,1,Bauarbeiten,,,,,,,1.0,2.0
2619334060544690076-2512110941-6,7321,2512110955,2512110955,2,,S,3,Backnang|Maubach|Nellmersbach|Winnenden|Schwaikheim,8004333,Neustadt-Hohenacker,Baden-Württemberg,Waiblingen,71336,9.32455106,48.85921668,5,2512110955,,2512110956,,h,1,Bauarbeiten,,,,,,,0.0,1.0
4109252183642476538-2512110911-6,7319,2512110925,2512110925,2,,S,3,Backnang|Maubach|Nellmersbach|Winnenden|Schwaikheim,8004333,Neustadt-Hohenacker,Baden-Württemberg,Waiblingen,71336,9.32455106,48.85921668,5,2512110926,,2512110926,,h,1,Bauarbeiten,,,,,,,1.0,1.0
-8786051157656372470-2512110857-3,7314,2512110903,2512110903,1,,S,3,Fellbach|Waiblingen,8004333,Neustadt-Hohenacker,Baden-Württemberg,Waiblingen,71336,9.32455106,48.85921668,5,2512110903,2,2512110904,2,h,1,Bauarbeiten,,,,,,,0.0,1.0
-694433010054514515-2512110912-8,7616,2512110928,2512110928,1,,S,6,Stuttgart Schwabstr.|Stuttgart Feuersee|Stuttgart Stadtmitte|Stuttgart Hbf (tief)|Stuttgart Nord|Stuttgart-Feuerbach|Stuttgart-Zuffenhausen,8004338,Neuwirtshaus (Porscheplatz),Baden-Württemberg,Stuttgart,70435,9.151955614,48.83384734,4,2512110932,,2512110933,,,,,,,,,,,4.0,5.0
-2251328924682584980-2512110942-8,7618,2512110958,2512110958,1,,S,6,Stuttgart Schwabstr.|Stuttgart Feuersee|Stuttgart Stadtmitte|Stuttgart Hbf (tief)|Stuttgart Nord|Stuttgart-Feuerbach|Stuttgart-Zuffenhausen,8004338,Neuwirtshaus (Porscheplatz),Baden-Württemberg,Stuttgart,70435,9.151955614,48.83384734,4,2512111002,,2512111002,,,,,,,,,,,4.0,4.0
6651422081053397042-2512110857-8,7920,2512110913,2512110913,1,,S,6,Stuttgart Schwabstr.|Stuttgart Feuersee|Stuttgart Stadtmitte|Stuttgart Hbf (tief)|Stuttgart Nord|Stuttgart-Feuerbach|Stuttgart-Zuffenhausen,8004338,Neuwirtshaus (Porscheplatz),Baden-Württemberg,Stuttgart,70435,9.151955614,48.83384734,4,2512110913,,2512110913,,,,,,,,,,,0.0,0.0
-3832940569846018712-2512110927-8,7022,2512110943,2512110943,1,,S,60,Stuttgart Schwabstr.|Stuttgart Feuersee|Stuttgart Stadtmitte|Stuttgart Hbf (tief)|Stuttgart Nord|Stuttgart-Feuerbach|Stuttgart-Zuffenhausen,8004338,Neuwirtshaus (Porscheplatz),Baden-Württemberg,Stuttgart,70435,9.151955614,48.83384734,4,2512110946,,2512110946,,,,,,,,,,,3.0,3.0
-3576552835933518344-2512110927-8,7922,2512110943,2512110943,1,,S,6,Stuttgart Schwabstr.|Stuttgart Feuersee|Stuttgart Stadtmitte|Stuttgart Hbf (tief)|Stuttgart Nord|Stuttgart-Feuerbach|Stuttgart-Zuffenhausen,8004338,Neuwirtshaus (Porscheplatz),Baden-Württemberg,Stuttgart,70435,9.151955614,48.83384734,4,2512110946,,2512110946,,,,,,,,,,,3.0,3.0
5803573868774258182-2512110833-10,7617,2512110901,2512110901,2,,S,6,Weil der Stadt|Malmsheim|Renningen|Rutesheim|Leonberg|Höfingen|Ditzingen|Weilimdorf|Korntal,8004338,Neuwirtshaus (Porscheplatz),Baden-Württemberg,Stuttgart,70435,9.151955614,48.83384734,4,2512110902,,2512110902,,,,,,,,,,,1.0,1.0
5029336644743586028-2512110904-14,7017,2512110946,2512110946,2,,S,60,Böblingen|Sindelfingen|Maichingen|Maichingen Nord|Magstadt|Renningen Süd|Renningen|Rutesheim|Leonberg|Höfingen|Ditzingen|Weilimdorf|Korntal,8004338,Neuwirtshaus (Porscheplatz),Baden-Württemberg,Stuttgart,70435,9.151955614,48.83384734,4,2512110952,,2512110952,,,,,,,,,,,6.0,6.0
-73934676157046898-2512110918-10,7917,2512110946,2512110946,2,,S,6,Weil der Stadt|Malmsheim|Renningen|Rutesheim|Leonberg|Höfingen|Ditzingen|Weilimdorf|Korntal,8004338,Neuwirtshaus (Porscheplatz),Baden-Württemberg,Stuttgart,70435,9.151955614,48.83384734,4,2512110952,,2512110952,,,,,,,,,,,6.0,6.0
1745837345724546602-2512110903-10,7619,2512110931,2512110931,2,,S,6,Weil der Stadt|Malmsheim|Renningen|Rutesheim|Leonberg|Höfingen|Ditzingen|Weilimdorf|Korntal,8004338,Neuwirtshaus (Porscheplatz),Baden-Württemberg,Stuttgart,70435,9.151955614,48.83384734,4,2512110932,,2512110932,,,,,,,,,,,1.0,1.0
9174048015743328640-2512110834-14,7015,2512110916,2512110916,2,,S,60,Böblingen|Sindelfingen|Maichingen|Maichingen Nord|Magstadt|Renningen Süd|Renningen|Rutesheim|Leonberg|Höfingen|Ditzingen|Weilimdorf|Korntal,8004338,Neuwirtshaus (Porscheplatz),Baden-Württemberg,Stuttgart,70435,9.151955614,48.83384734,4,2512110922,,2512110922,,,,,,,,,,,6.0,6.0
-1639645104819799642-2512110848-10,7915,2512110916,2512110916,2,,S,6,Weil der Stadt|Malmsheim|Renningen|Rutesheim|Leonberg|Höfingen|Ditzingen|Weilimdorf|Korntal,8004338,Neuwirtshaus (Porscheplatz),Baden-Württemberg,Stuttgart,70435,9.151955614,48.83384734,4,2512110922,,2512110922,,,,,,,,,,,6.0,6.0
7166908817617232037-2512110857-8,7020,2512110913,2512110913,1,,S,60,Stuttgart Schwabstr.|Stuttgart Feuersee|Stuttgart Stadtmitte|Stuttgart Hbf (tief)|Stuttgart Nord|Stuttgart-Feuerbach|Stuttgart-Zuffenhausen,8004338,Neuwirtshaus (Porscheplatz),Baden-Württemberg,Stuttgart,70435,9.151955614,48.83384734,4,2512110913,,2512110913,,,,,,,,,,,0.0,0.0
2988814004659936288-2512110820-28,7117,2512110940,2512110940,1,,S,1,Kirchheim(Teck)|Kirchheim(Teck)-Ötlingen|Wendlingen(Neckar)|Wernau(Neckar)|Plochingen|Altbach|Esslingen-Zell|Oberesslingen|Esslingen(Neckar)|Esslingen-Mettingen|Stuttgart-Obertürkheim|Stuttgart-Untertürkheim|Stuttgart Neckarpark|Stuttgart-Bad Cannstatt|Stuttgart Hbf (tief)|Stuttgart Stadtmitte|Stuttgart Feuersee|Stuttgart Schwabstr.|Stuttgart Universität|Stuttgart-Österfeld|Stuttgart-Vaihingen|Stuttgart-Rohr|Goldberg(Württ)|Böblingen|Hulb|Ehningen(b Böblingen)|Gärtringen,8004490,Nufringen,Baden-Württemberg,Nufringen,71154,8.889817485,48.62010967,5,2512110941,,2512110941,,h,1,Bauarbeiten,,,,,,,1.0,1.0
-4779453800620886648-2512110916-2,7120,2512110919,2512110919,2,,S,1,Herrenberg,8004490,Nufringen,Baden-Württemberg,Nufringen,71154,8.889817485,48.62010967,5,2512110923,,2512110923,,h,1,Bauarbeiten,,,,,,,4.0,4.0
6607066274476454956-2512110935-8,7719,2512110955,2512110955,1,,S,1,Stuttgart-Vaihingen|Stuttgart-Rohr|Goldberg(Württ)|Böblingen|Hulb|Ehningen(b Böblingen)|Gärtringen,8004490,Nufringen,Baden-Württemberg,Nufringen,71154,8.889817485,48.62010967,5,2512110955,,2512110955,,h,1,Bauarbeiten,,,,,,,0.0,0.0
-423571488532288735-2512110946-2,7122,2512110949,2512110949,2,,S,1,Herrenberg,8004490,Nufringen,Baden-Württemberg,Nufringen,71154,8.889817485,48.62010967,5,2512110949,,2512110950,,h,1,Bauarbeiten,,,,,,,0.0,1.0
6586635698842149002-2512110931-2,7718,2512110934,2512110934,2,,S,1,Herrenberg,8004490,Nufringen,Baden-Württemberg,Nufringen,71154,8.889817485,48.62010967,5,2512110934,,2512110934,,h,1,Bauarbeiten,,,,,,,0.0,0.0
-7908498233924216314-2512110750-28,7115,2512110910,2512110910,1,,S,1,Kirchheim(Teck)|Kirchheim(Teck)-Ötlingen|Wendlingen(Neckar)|Wernau(Neckar)|Plochingen|Altbach|Esslingen-Zell|Oberesslingen|Esslingen(Neckar)|Esslingen-Mettingen|Stuttgart-Obertürkheim|Stuttgart-Untertürkheim|Stuttgart Neckarpark|Stuttgart-Bad Cannstatt|Stuttgart Hbf (tief)|Stuttgart Stadtmitte|Stuttgart Feuersee|Stuttgart Schwabstr.|Stuttgart Universität|Stuttgart-Österfeld|Stuttgart-Vaihingen|Stuttgart-Rohr|Goldberg(Württ)|Böblingen|Hulb|Ehningen(b Böblingen)|Gärtringen,8004490,Nufringen,Baden-Württemberg,Nufringen,71154,8.889817485,48.62010967,5,2512110912,,2512110912,,h,1,Bauarbeiten,,,,,,,2.0,2.0
5827144649628113960-2512110905-8,7717,2512110925,2512110925,1,,S,1,Stuttgart-Vaihingen|Stuttgart-Rohr|Goldberg(Württ)|Böblingen|Hulb|Ehningen(b Böblingen)|Gärtringen,8004490,Nufringen,Baden-Württemberg,Nufringen,71154,8.889817485,48.62010967,5,2512110926,,2512110926,,h,1,Bauarbeiten,,,,,,,1.0,1.0
6646559934352817209-2512110911-10,56097,2512110934,2512110934,1,,S,3,Stuttgart-Bad Cannstatt|Stuttgart Hbf (tief)|Stuttgart Stadtmitte|Stuttgart Feuersee|Stuttgart Schwabstr.|Stuttgart Universität|Stuttgart-Österfeld|Stuttgart-Vaihingen|Stuttgart-Rohr,8004496,Oberaichen,Baden-Württemberg,Leinfelden-Echterdingen,70771,9.12743664,48.70512422,5,2512110935,,2512110936,,,,,,,,,,,1.0,2.0
-2852454441264700711-2512110903-5,56016,2512110915,2512110915,2,,S,2,Filderstadt|Stuttgart Flughafen/Messe|Echterdingen|Leinfelden,8004496,Oberaichen,Baden-Württemberg,Leinfelden-Echterdingen,70771,9.12743664,48.70512422,5,2512110915,,2512110916,,,,,,,,,,,0.0,1.0
-8037425331994198780-2512110851-10,56017,2512110914,2512110914,1,,S,2,Stuttgart-Bad Cannstatt|Stuttgart Hbf (tief)|Stuttgart Stadtmitte|Stuttgart Feuersee|Stuttgart Schwabstr.|Stuttgart Universität|Stuttgart-Österfeld|Stuttgart-Vaihingen|Stuttgart-Rohr,8004496,Oberaichen,Baden-Württemberg,Leinfelden-Echterdingen,70771,9.12743664,48.70512422,5,2512110914,,2512110915,,,,,,,,,,,0.0,1.0
-694726982323974606-2512110948-4,56100,2512110955,2512110955,2,,S,3,Stuttgart Flughafen/Messe|Echterdingen|Leinfelden,8004496,Oberaichen,Baden-Württemberg,Leinfelden-Echterdingen,70771,9.12743664,48.70512422,5,2512110955,,2512110956,,,,,,,,,,,0.0,1.0
-5030075529357427279-2512110841-10,56095,2512110904,2512110904,1,,S,3,Stuttgart-Bad Cannstatt|Stuttgart Hbf (tief)|Stuttgart Stadtmitte|Stuttgart Feuersee|Stuttgart Schwabstr.|Stuttgart Universität|Stuttgart-Österfeld|Stuttgart-Vaihingen|Stuttgart-Rohr,8004496,Oberaichen,Baden-Württemberg,Leinfelden-Echterdingen,70771,9.12743664,48.70512422,5,,,,,,,,,,,,c,c,0.0,0.0
7041657828114384791-2512110918-4,56098,2512110925,2512110925,2,,S,3,Stuttgart Flughafen/Messe|Echterdingen|Leinfelden,8004496,Oberaichen,Baden-Württemberg,Leinfelden-Echterdingen,70771,9.12743664,48.70512422,5,,,,,,,,,,,,c,c,0.0,0.0
1082085063048100741-2512110933-5,56018,2512110945,2512110945,2,,S,2,Filderstadt|Stuttgart Flughafen/Messe|Echterdingen|Leinfelden,8004496,Oberaichen,Baden-Württemberg,Leinfelden-Echterdingen,70771,9.12743664,48.70512422,5,2512110945,,2512110945,,,,,,,,,,,0.0,0.0
7777385061942298465-2512110921-10,56019,2512110944,2512110944,1,,S,2,Stuttgart-Bad Cannstatt|Stuttgart Hbf (tief)|Stuttgart Stadtmitte|Stuttgart Feuersee|Stuttgart Schwabstr.|Stuttgart Universität|Stuttgart-Österfeld|Stuttgart-Vaihingen|Stuttgart-Rohr,8004496,Oberaichen,Baden-Württemberg,Leinfelden-Echterdingen,70771,9.12743664,48.70512422,5,2512110945,,2512110946,,,,,,,,,,,1.0,2.0
4731050731424122758-2512110816-22,7116,2512110914,2512110914,4,,S,1,Herrenberg|Nufringen|Gärtringen|Ehningen(b Böblingen)|Hulb|Böblingen|Goldberg(Württ)|Stuttgart-Rohr|Stuttgart-Vaihingen|Stuttgart-Österfeld|Stuttgart Universität|Stuttgart Schwabstr.|Stuttgart Feuersee|Stuttgart Stadtmitte|Stuttgart Hbf (tief)|Stuttgart-Bad Cannstatt|Stuttgart Neckarpark|Stuttgart-Untertürkheim|Stuttgart-Obertürkheim|Esslingen-Mettingen|Esslingen(Neckar),8004528,Oberesslingen,Baden-Württemberg,Esslingen am Neckar,73730,9.327277435,48.72983585,3,2512110929,,2512110930,,h,1,Bauarbeiten,,,,,,,15.0,16.0
-1847498060052889012-2512110920-8,7121,2512110945,2512110945,3,,S,1,Kirchheim(Teck)|Kirchheim(Teck)-Ötlingen|Wendlingen(Neckar)|Wernau(Neckar)|Plochingen|Altbach|Esslingen-Zell,8004528,Oberesslingen,Baden-Württemberg,Esslingen am Neckar,73730,9.327277435,48.72983585,3,2512110945,,2512110946,,h,1,Bauarbeiten,,,,,,,0.0,1.0
-3441789533908263347-2512110850-8,7119,2512110915,2512110915,3,,S,1,Kirchheim(Teck)|Kirchheim(Teck)-Ötlingen|Wendlingen(Neckar)|Wernau(Neckar)|Plochingen|Altbach|Esslingen-Zell,8004528,Oberesslingen,Baden-Württemberg,Esslingen am Neckar,73730,9.327277435,48.72983585,3,2512110915,,2512110916,,h,1,Bauarbeiten,,,,,,,0.0,1.0
1645171848470015195-2512110846-22,7118,2512110944,2512110944,4,,S,1,Herrenberg|Nufringen|Gärtringen|Ehningen(b Böblingen)|Hulb|Böblingen|Goldberg(Württ)|Stuttgart-Rohr|Stuttgart-Vaihingen|Stuttgart-Österfeld|Stuttgart Universität|Stuttgart Schwabstr.|Stuttgart Feuersee|Stuttgart Stadtmitte|Stuttgart Hbf (tief)|Stuttgart-Bad Cannstatt|Stuttgart Neckarpark|Stuttgart-Untertürkheim|Stuttgart-Obertürkheim|Esslingen-Mettingen|Esslingen(Neckar),8004528,Oberesslingen,Baden-Württemberg,Esslingen am Neckar,73730,9.327277435,48.72983585,3,2512110950,,2512110950,,h,1,Bauarbeiten,,,,,,,6.0,6.0
6769741212925597105-2512110937-3,4211,2512110955,2512110956,4,,RE,5,Stuttgart Hbf|Esslingen(Neckar),8000302,Plochingen,Baden-Württemberg,Plochingen,73207,9.411294578,48.71293906,2,2512110959,,2512111000,,h,2,Information,,,,,,,4.0,4.0
-6442493897790764749-2512110933-4,19224,2512110947,2512110949,6,,MEX,12,Nürtingen|Oberboihingen|Wendlingen(Neckar),8000302,Plochingen,Baden-Württemberg,Plochingen,73207,9.411294578,48.71293906,2,2512110947,,2512110949,,,,,,,,,,,0.0,0.0
-905861583136027170-2512110752-20,19357,2512110942,2512110945,9,,MEX,12,Mosbach-Neckarelz|Neckarzimmern|Haßmersheim|Gundelsheim(Neckar)|Offenau|Bad Friedrichshall Hbf|Neckarsulm|Heilbronn Sülmertor|Heilbronn Hbf|Nordheim(Württ)|Lauffen(Neckar)|Kirchheim(Neckar)|Walheim(Württ)|Besigheim|Bietigheim-Bissingen|Ludwigsburg|Stuttgart Hbf|Stuttgart-Bad Cannstatt|Esslingen(Neckar),8000302,Plochingen,Baden-Württemberg,Plochingen,73207,9.411294578,48.71293906,2,2512110943,,2512110945,,c,,,,,,,,,1.0,0.0
4731050731424122758-2512110816-25,7116,2512110922,,9,,S,,Herrenberg|Nufringen|Gärtringen|Ehningen(b Böblingen)|Hulb|Böblingen|Goldberg(Württ)|Stuttgart-Rohr|Stuttgart-Vaihingen|Stuttgart-Österfeld|Stuttgart Universität|Stuttgart Schwabstr.|Stuttgart Feuersee|Stuttgart Stadtmitte|Stuttgart Hbf (tief)|Stuttgart-Bad Cannstatt|Stuttgart Neckarpark|Stuttgart-Untertürkheim|Stuttgart-Obertürkheim|Esslingen-Mettingen|Esslingen(Neckar)|Oberesslingen|Esslingen-Zell|Altbach,8000302,Plochingen,Baden-Württemberg,Plochingen,73207,9.411294578,48.71293906,2,2512110937,10,,,h,1,Bauarbeiten,,,,,,,15.0,0.0
-1847498060052889012-2512110920-5,7121,2512110935,2512110938,9,,S,1,Kirchheim(Teck)|Kirchheim(Teck)-Ötlingen|Wendlingen(Neckar)|Wernau(Neckar),8000302,Plochingen,Baden-Württemberg,Plochingen,73207,9.411294578,48.71293906,2,2512110935,,2512110938,,h,1,Bauarbeiten,,,,,,,0.0,0.0
6798713546677038067-2512110659-26,19307,2512110911,2512110912,9,,MEX,18,Osterburken|Adelsheim Ost|Sennfeld|Roigheim|Möckmühl|Züttlingen|Siglingen|Neudenau|Herbolzheim(Jagst)|Untergriesheim|Bad Friedrichshall Hbf|Neckarsulm Nord|Neckarsulm|Heilbronn Sülmertor|Heilbronn Hbf|Nordheim(Württ)|Lauffen(Neckar)|Kirchheim(Neckar)|Walheim(Württ)|Besigheim|Bietigheim-Bissingen|Ludwigsburg|Stuttgart Hbf|Stuttgart-Bad Cannstatt|Esslingen(Neckar),8000302,Plochingen,Baden-Württemberg,Plochingen,73207,9.411294578,48.71293906,2,2512110917,,2512110918,,,,,,,,,,,6.0,6.0
-766464939699748349-2512110955-1,56768,,2512110955,,,S,1,,8000302,Plochingen,Baden-Württemberg,Plochingen,73207,9.411294578,48.71293906,2,,,2512111000,10,,,,,,,,,,0.0,5.0
-4662378567499677508-2512110903-4,19127,2512110926,2512110930,4,,MEX,16,Stuttgart Hbf|Stuttgart-Bad Cannstatt|Esslingen(Neckar),8000302,Plochingen,Baden-Württemberg,Plochingen,73207,9.411294578,48.71293906,2,2512110926,,2512110931,,,,,,,,,,,0.0,1.0
-3441789533908263347-2512110850-5,7119,2512110905,2512110908,9,,S,1,Kirchheim(Teck)|Kirchheim(Teck)-Ötlingen|Wendlingen(Neckar)|Wernau(Neckar),8000302,Plochingen,Baden-Württemberg,Plochingen,73207,9.411294578,48.71293906,2,2512110906,,2512110908,,h,1,Bauarbeiten,,,,,,,1.0,0.0
-1478494665311941456-2512110902-3,19310,2512110918,2512110919,6,,MEX,18,Nürtingen|Wendlingen(Neckar),8000302,Plochingen,Baden-Württemberg,Plochingen,73207,9.411294578,48.71293906,2,2512110918,,2512110919,,,,,,,,,,,0.0,0.0
6138878099471340459-2512110900-1,19125,,2512110900,,,MEX,16,,8000302,Plochingen,Baden-Württemberg,Plochingen,73207,9.411294578,48.71293906,2,,,2512110919,,,,,,,,,,,0.0,19.0
1645171848470015195-2512110846-25,7118,2512110952,,9,,S,,Herrenberg|Nufringen|Gärtringen|Ehningen(b Böblingen)|Hulb|Böblingen|Goldberg(Württ)|Stuttgart-Rohr|Stuttgart-Vaihingen|Stuttgart-Österfeld|Stuttgart Universität|Stuttgart Schwabstr.|Stuttgart Feuersee|Stuttgart Stadtmitte|Stuttgart Hbf (tief)|Stuttgart-Bad Cannstatt|Stuttgart Neckarpark|Stuttgart-Untertürkheim|Stuttgart-Obertürkheim|Esslingen-Mettingen|Esslingen(Neckar)|Oberesslingen|Esslingen-Zell|Altbach,8000302,Plochingen,Baden-Württemberg,Plochingen,73207,9.411294578,48.71293906,2,2512110943,,,,h,1,Bauarbeiten,,,,,,,-9.0,0.0
-7028610943436685646-2512110819-19,19126,2512110928,2512110934,1,,MEX,16,Ulm Hbf|Beimerstetten|Westerstetten|Lonsee|Urspring|Amstetten(Württ)|Geislingen(Steige)|Geislingen(Steige)West|Kuchen|Gingen(Fils)|Süßen|Salach|Eislingen(Fils)|Göppingen|Faurndau|Uhingen|Ebersbach(Fils)|Reichenbach(Fils),8000302,Plochingen,Baden-Württemberg,Plochingen,73207,9.411294578,48.71293906,2,2512110932,,2512110937,,,,,,,,,,,4.0,3.0
-1077781971709050018-2512110704-11,4206,2512110902,2512110903,1,,RE,5,Friedrichshafen Stadt|Meckenbeuren|Ravensburg|Aulendorf|Bad Schussenried|Biberach(Riß)|Laupheim West|Ulm Hbf|Geislingen(Steige)|Göppingen,8000302,Plochingen,Baden-Württemberg,Plochingen,73207,9.411294578,48.71293906,2,2512110909,,2512110910,,h,2,Information,,,,,,,7.0,7.0
4339316477986731378-2512110925-1,56766,,2512110925,,,S,1,,8000302,Plochingen,Baden-Württemberg,Plochingen,73207,9.411294578,48.71293906,2,,,2512110926,10,,,,,,,,,,0.0,1.0
-9012281848585998220-2512110836-19,19128,2512110955,,3,,MEX,,Ulm Hbf|Beimerstetten|Westerstetten|Lonsee|Urspring|Amstetten(Württ)|Geislingen(Steige)|Geislingen(Steige)West|Kuchen|Gingen(Fils)|Süßen|Salach|Eislingen(Fils)|Göppingen|Faurndau|Uhingen|Ebersbach(Fils)|Reichenbach(Fils),8000302,Plochingen,Baden-Württemberg,Plochingen,73207,9.411294578,48.71293906,2,2512111000,1,,,c,,,,,,,,,5.0,0.0
-5449908235319311409-2512110948-3,7919,2512110953,2512110956,2,,S,6,Weil der Stadt|Malmsheim,8000313,Renningen,Baden-Württemberg,Renningen,71272,8.932650148,48.77515509,3,2512110955,,2512110957,,,,,,,,,,,2.0,1.0
-694433010054514515-2512110912-15,7616,2512110949,2512110952,3,,S,6,Stuttgart Schwabstr.|Stuttgart Feuersee|Stuttgart Stadtmitte|Stuttgart Hbf (tief)|Stuttgart Nord|Stuttgart-Feuerbach|Stuttgart-Zuffenhausen|Neuwirtshaus(Porscheplatz)|Korntal|Weilimdorf|Ditzingen|Höfingen|Leonberg|Rutesheim,8000313,Renningen,Baden-Württemberg,Renningen,71272,8.932650148,48.77515509,3,2512110951,,2512110952,,,,,,,,,,,2.0,0.0
6651422081053397042-2512110857-15,7920,2512110934,2512110937,3,,S,6,Stuttgart Schwabstr.|Stuttgart Feuersee|Stuttgart Stadtmitte|Stuttgart Hbf (tief)|Stuttgart Nord|Stuttgart-Feuerbach|Stuttgart-Zuffenhausen|Neuwirtshaus(Porscheplatz)|Korntal|Weilimdorf|Ditzingen|Höfingen|Leonberg|Rutesheim,8000313,Renningen,Baden-Württemberg,Renningen,71272,8.932650148,48.77515509,3,2512110934,,2512110938,,,,,,,,,,,0.0,1.0
-7089011103472345685-2512110827-15,7918,2512110904,2512110907,3,,S,6,Stuttgart Schwabstr.|Stuttgart Feuersee|Stuttgart Stadtmitte|Stuttgart Hbf (tief)|Stuttgart Nord|Stuttgart-Feuerbach|Stuttgart-Zuffenhausen|Neuwirtshaus(Porscheplatz)|Korntal|Weilimdorf|Ditzingen|Höfingen|Leonberg|Rutesheim,8000313,Renningen,Baden-Württemberg,Renningen,71272,8.932650148,48.77515509,3,2512110904,,2512110907,,,,,,,,,,,0.0,0.0
-8279496001116731859-2512110934-7,7019,2512110950,2512110956,2,,S,60,Böblingen|Sindelfingen|Maichingen|Maichingen Nord|Magstadt|Renningen Süd,8000313,Renningen,Baden-Württemberg,Renningen,71272,8.932650148,48.77515509,3,2512110952,,2512110957,,,,,,,,,,,2.0,1.0
-2920830109344667445-2512110933-3,7621,2512110937,2512110941,2,,S,6,Weil der Stadt|Malmsheim,8000313,Renningen,Baden-Württemberg,Renningen,71272,8.932650148,48.77515509,3,2512110939,,2512110941,,,,,,,,,,,2.0,0.0
5029336644743586028-2512110904-7,7017,2512110920,2512110926,2,,S,60,Böblingen|Sindelfingen|Maichingen|Maichingen Nord|Magstadt|Renningen Süd,8000313,Renningen,Baden-Württemberg,Renningen,71272,8.932650148,48.77515509,3,2512110925,,2512110928,,,,,,,,,,,5.0,2.0
-73934676157046898-2512110918-3,7917,2512110923,2512110926,2,,S,6,Weil der Stadt|Malmsheim,8000313,Renningen,Baden-Württemberg,Renningen,71272,8.932650148,48.77515509,3,2512110928,,2512110928,,,,,,,,,,,5.0,2.0
7797988202342094795-2512110827-15,7018,2512110904,2512110909,3,,S,60,Stuttgart Schwabstr.|Stuttgart Feuersee|Stuttgart Stadtmitte|Stuttgart Hbf (tief)|Stuttgart Nord|Stuttgart-Feuerbach|Stuttgart-Zuffenhausen|Neuwirtshaus(Porscheplatz)|Korntal|Weilimdorf|Ditzingen|Höfingen|Leonberg|Rutesheim,8000313,Renningen,Baden-Württemberg,Renningen,71272,8.932650148,48.77515509,3,2512110904,,2512110910,,,,,,,,,,,0.0,1.0
1745837345724546602-2512110903-3,7619,2512110907,2512110911,2,,S,6,Weil der Stadt|Malmsheim,8000313,Renningen,Baden-Württemberg,Renningen,71272,8.932650148,48.77515509,3,2512110908,,2512110911,,,,,,,,,,,1.0,0.0
5905606049501073542-2512110842-15,7614,2512110919,2512110922,3,,S,6,Stuttgart Schwabstr.|Stuttgart Feuersee|Stuttgart Stadtmitte|Stuttgart Hbf (tief)|Stuttgart Nord|Stuttgart-Feuerbach|Stuttgart-Zuffenhausen|Neuwirtshaus(Porscheplatz)|Korntal|Weilimdorf|Ditzingen|Höfingen|Leonberg|Rutesheim,8000313,Renningen,Baden-Württemberg,Renningen,71272,8.932650148,48.77515509,3,2512110919,,2512110925,,,,,,,,,,,0.0,3.0
7166908817617232037-2512110857-15,7020,2512110934,2512110939,3,,S,60,Stuttgart Schwabstr.|Stuttgart Feuersee|Stuttgart Stadtmitte|Stuttgart Hbf (tief)|Stuttgart Nord|Stuttgart-Feuerbach|Stuttgart-Zuffenhausen|Neuwirtshaus(Porscheplatz)|Korntal|Weilimdorf|Ditzingen|Höfingen|Leonberg|Rutesheim,8000313,Renningen,Baden-Württemberg,Renningen,71272,8.932650148,48.77515509,3,2512110934,,2512110941,,,,,,,,,,,0.0,2.0
-6027496912439365984-2512110918-9,7221,2512110936,2512110937,2,,S,2,Schorndorf|Weiler(Rems)|Winterbach(b Schorndorf)|Geradstetten|Grunbach|Beutelsbach|Endersbach|Stetten-Beinstein,8005157,Rommelshausen,Baden-Württemberg,Kernen,71394,9.319175885,48.81552017,4,2512110936,,2512110937,,,,,,,,,,,0.0,0.0
-8934317604911762574-2512110950-2,7216,2512110952,2512110952,1,,S,2,Waiblingen,8005157,Rommelshausen,Baden-Württemberg,Kernen,71394,9.319175885,48.81552017,4,2512110952,,2512110952,,,,,,,,,,,0.0,0.0
-5197594664753501705-2512110848-9,7219,2512110906,2512110907,2,,S,2,Schorndorf|Weiler(Rems)|Winterbach(b Schorndorf)|Geradstetten|Grunbach|Beutelsbach|Endersbach|Stetten-Beinstein,8005157,Rommelshausen,Baden-Württemberg,Kernen,71394,9.319175885,48.81552017,4,2512110907,,2512110908,,,,,,,,,,,1.0,1.0
-1776968849992631185-2512110920-2,7214,2512110922,2512110922,1,,S,2,Waiblingen,8005157,Rommelshausen,Baden-Württemberg,Kernen,71394,9.319175885,48.81552017,4,2512110922,,2512110922,,,,,,,,,,,0.0,0.0
-5449908235319311409-2512110948-4,7919,2512110958,2512110959,1,,S,6,Weil der Stadt|Malmsheim|Renningen,8005236,Rutesheim,Baden-Württemberg,Leonberg,71229,8.960325242,48.79031093,5,2512111000,,2512111000,,,,,,,,,,,2.0,1.0
-694433010054514515-2512110912-14,7616,2512110946,2512110946,2,,S,6,Stuttgart Schwabstr.|Stuttgart Feuersee|Stuttgart Stadtmitte|Stuttgart Hbf (tief)|Stuttgart Nord|Stuttgart-Feuerbach|Stuttgart-Zuffenhausen|Neuwirtshaus(Porscheplatz)|Korntal|Weilimdorf|Ditzingen|Höfingen|Leonberg,8005236,Rutesheim,Baden-Württemberg,Leonberg,71229,8.960325242,48.79031093,5,2512110949,,2512110949,,,,,,,,,,,3.0,3.0
6651422081053397042-2512110857-14,7920,2512110931,2512110931,2,,S,6,Stuttgart Schwabstr.|Stuttgart Feuersee|Stuttgart Stadtmitte|Stuttgart Hbf (tief)|Stuttgart Nord|Stuttgart-Feuerbach|Stuttgart-Zuffenhausen|Neuwirtshaus(Porscheplatz)|Korntal|Weilimdorf|Ditzingen|Höfingen|Leonberg,8005236,Rutesheim,Baden-Württemberg,Leonberg,71229,8.960325242,48.79031093,5,2512110931,,2512110931,,,,,,,,,,,0.0,0.0
-7089011103472345685-2512110827-14,7918,2512110901,2512110901,2,,S,6,Stuttgart Schwabstr.|Stuttgart Feuersee|Stuttgart Stadtmitte|Stuttgart Hbf (tief)|Stuttgart Nord|Stuttgart-Feuerbach|Stuttgart-Zuffenhausen|Neuwirtshaus(Porscheplatz)|Korntal|Weilimdorf|Ditzingen|Höfingen|Leonberg,8005236,Rutesheim,Baden-Württemberg,Leonberg,71229,8.960325242,48.79031093,5,2512110901,,2512110901,,,,,,,,,,,0.0,0.0
-8279496001116731859-2512110934-8,7019,2512110958,2512110959,1,,S,60,Böblingen|Sindelfingen|Maichingen|Maichingen Nord|Magstadt|Renningen Süd|Renningen,8005236,Rutesheim,Baden-Württemberg,Leonberg,71229,8.960325242,48.79031093,5,2512111000,,2512111000,,,,,,,,,,,2.0,1.0
-2920830109344667445-2512110933-4,7621,2512110943,2512110944,1,,S,6,Weil der Stadt|Malmsheim|Renningen,8005236,Rutesheim,Baden-Württemberg,Leonberg,71229,8.960325242,48.79031093,5,2512110943,,2512110944,,,,,,,,,,,0.0,0.0
5029336644743586028-2512110904-8,7017,2512110928,2512110929,1,,S,60,Böblingen|Sindelfingen|Maichingen|Maichingen Nord|Magstadt|Renningen Süd|Renningen,8005236,Rutesheim,Baden-Württemberg,Leonberg,71229,8.960325242,48.79031093,5,2512110934,,2512110935,,,,,,,,,,,6.0,6.0
-73934676157046898-2512110918-4,7917,2512110928,2512110929,1,,S,6,Weil der Stadt|Malmsheim|Renningen,8005236,Rutesheim,Baden-Württemberg,Leonberg,71229,8.960325242,48.79031093,5,2512110934,,2512110935,,,,,,,,,,,6.0,6.0
7797988202342094795-2512110827-14,7018,2512110901,2512110901,2,,S,60,Stuttgart Schwabstr.|Stuttgart Feuersee|Stuttgart Stadtmitte|Stuttgart Hbf (tief)|Stuttgart Nord|Stuttgart-Feuerbach|Stuttgart-Zuffenhausen|Neuwirtshaus(Porscheplatz)|Korntal|Weilimdorf|Ditzingen|Höfingen|Leonberg,8005236,Rutesheim,Baden-Württemberg,Leonberg,71229,8.960325242,48.79031093,5,2512110901,,2512110901,,,,,,,,,,,0.0,0.0
1745837345724546602-2512110903-4,7619,2512110913,2512110914,1,,S,6,Weil der Stadt|Malmsheim|Renningen,8005236,Rutesheim,Baden-Württemberg,Leonberg,71229,8.960325242,48.79031093,5,2512110914,,2512110914,,,,,,,,,,,1.0,0.0
5905606049501073542-2512110842-14,7614,2512110916,2512110916,2,,S,6,Stuttgart Schwabstr.|Stuttgart Feuersee|Stuttgart Stadtmitte|Stuttgart Hbf (tief)|Stuttgart Nord|Stuttgart-Feuerbach|Stuttgart-Zuffenhausen|Neuwirtshaus(Porscheplatz)|Korntal|Weilimdorf|Ditzingen|Höfingen|Leonberg,8005236,Rutesheim,Baden-Württemberg,Leonberg,71229,8.960325242,48.79031093,5,2512110916,,2512110917,,,,,,,,,,,0.0,1.0
7166908817617232037-2512110857-14,7020,2512110931,2512110931,2,,S,60,Stuttgart Schwabstr.|Stuttgart Feuersee|Stuttgart Stadtmitte|Stuttgart Hbf (tief)|Stuttgart Nord|Stuttgart-Feuerbach|Stuttgart-Zuffenhausen|Neuwirtshaus(Porscheplatz)|Korntal|Weilimdorf|Ditzingen|Höfingen|Leonberg,8005236,Rutesheim,Baden-Württemberg,Leonberg,71229,8.960325242,48.79031093,5,2512110931,,2512110931,,,,,,,,,,,0.0,0.0
-365973592530600887-2512110850-10,7212,2512110910,,1,,S,,Waiblingen|Rommelshausen|Stetten-Beinstein|Endersbach|Beutelsbach|Grunbach|Geradstetten|Winterbach(b Schorndorf)|Weiler(Rems),8005424,Schorndorf,Baden-Württemberg,Schorndorf,73614,9.525686251,48.80693898,3,2512110911,1,,,,,,,,,,,,1.0,0.0
-5866874814328362655-2512110849-10,3135,2512110909,,5,,WEG,,Rudersberg-Oberndorf|Rudersberg Nord|Rudersberg|Schlechtbach|Michelau(Württ)|Miedelsbach-Steinenberg|Haubersbronn Mitte|Haubersbronn|Schorndorf-Hammerschlag,8005424,Schorndorf,Baden-Württemberg,Schorndorf,73614,9.525686251,48.80693898,3,2512110909,,,,,,,,,,,,,0.0,0.0
-6027496912439365984-2512110918-1,7221,,2512110918,,,S,2,,8005424,Schorndorf,Baden-Württemberg,Schorndorf,73614,9.525686251,48.80693898,3,,,2512110918,14,,,,,,,,,,0.0,0.0
-5744741285825368478-2512110948-1,7223,,2512110948,,,S,2,,8005424,Schorndorf,Baden-Württemberg,Schorndorf,73614,9.525686251,48.80693898,3,,,2512110948,1,,,,,,,,,,0.0,0.0
2344697273631059145-2512110932-2,19461,2512110943,2512110944,2,,MEX,13,Waiblingen,8005424,Schorndorf,Baden-Württemberg,Schorndorf,73614,9.525686251,48.80693898,3,2512110945,,2512110946,,,,,,,,,,,2.0,2.0
-1336070738020513745-2512110907-9,19414,2512110943,2512110944,3,,MEX,13,Aalen Hbf|Mögglingen(Gmünd)|Böbingen(Rems)|Schwäbisch Gmünd|Lorch(Württ)|Waldhausen(b Schorndorf)|Plüderhausen|Urbach(b Schorndorf),8005424,Schorndorf,Baden-Württemberg,Schorndorf,73614,9.525686251,48.80693898,3,2512110944,,2512110945,,,,,,,,,,,1.0,1.0
-1776968849992631185-2512110920-10,7214,2512110940,,1,,S,,Waiblingen|Rommelshausen|Stetten-Beinstein|Endersbach|Beutelsbach|Grunbach|Geradstetten|Winterbach(b Schorndorf)|Weiler(Rems),8005424,Schorndorf,Baden-Württemberg,Schorndorf,73614,9.525686251,48.80693898,3,2512110942,14,,,,,,,,,,,,2.0,0.0
2517801996285201515-2512110837-9,75792,2512110911,2512110911,3,,MEX,13,Aalen Hbf|Mögglingen(Gmünd)|Böbingen(Rems)|Schwäbisch Gmünd|Lorch(Württ)|Waldhausen(b Schorndorf)|Plüderhausen|Urbach(b Schorndorf),8005424,Schorndorf,Baden-Württemberg,Schorndorf,73614,9.525686251,48.80693898,3,2512110912,,2512110914,,,,,,,,,,,1.0,3.0
-2267477478500804688-2512110920-1,3136,,2512110920,,,WEG,RB61,,8005424,Schorndorf,Baden-Württemberg,Schorndorf,73614,9.525686251,48.80693898,3,,,2512110920,,,,,,,,,,,0.0,0.0
6276795295342009013-2512110902-2,19409,2512110913,2512110914,2,,MEX,13,Waiblingen,8005424,Schorndorf,Baden-Württemberg,Schorndorf,73614,9.525686251,48.80693898,3,2512110913,,2512110914,,,,,,,,,,,0.0,0.0
2851968340219315363-2512110927-4,7316,2512110936,2512110936,2,,S,3,Fellbach|Waiblingen|Neustadt-Hohenacker,8005454,Schwaikheim,Baden-Württemberg,Schwaikheim,71409,9.354747358,48.86832665,4,2512110937,,2512110938,,h,1,Bauarbeiten,,,,,,,1.0,2.0
2619334060544690076-2512110941-5,7321,2512110952,2512110953,1,,S,3,Backnang|Maubach|Nellmersbach|Winnenden,8005454,Schwaikheim,Baden-Württemberg,Schwaikheim,71409,9.354747358,48.86832665,4,2512110952,,2512110953,,h,1,Bauarbeiten,,,,,,,0.0,0.0
4109252183642476538-2512110911-5,7319,2512110922,2512110923,1,,S,3,Backnang|Maubach|Nellmersbach|Winnenden,8005454,Schwaikheim,Baden-Württemberg,Schwaikheim,71409,9.354747358,48.86832665,4,2512110923,,2512110924,,h,1,Bauarbeiten,,,,,,,1.0,1.0
-8786051157656372470-2512110857-4,7314,2512110906,2512110906,2,,S,3,Fellbach|Waiblingen|Neustadt-Hohenacker,8005454,Schwaikheim,Baden-Württemberg,Schwaikheim,71409,9.354747358,48.86832665,4,2512110906,,2512110907,,h,1,Bauarbeiten,,,,,,,0.0,1.0
-8279496001116731859-2512110934-2,7019,2512110936,2512110937,1,,S,60,Böblingen,8005574,Sindelfingen,Baden-Württemberg,Sindelfingen,71063,8.999262079,48.70387346,6,2512110938,,2512110938,,,,,,,,,,,2.0,1.0
5029336644743586028-2512110904-2,7017,2512110906,2512110907,1,,S,60,Böblingen,8005574,Sindelfingen,Baden-Württemberg,Sindelfingen,71063,8.999262079,48.70387346,6,2512110912,,2512110913,,,,,,,,,,,6.0,6.0
7797988202342094795-2512110827-20,7018,2512110922,2512110923,1,,S,60,Stuttgart Schwabstr.|Stuttgart Feuersee|Stuttgart Stadtmitte|Stuttgart Hbf (tief)|Stuttgart Nord|Stuttgart-Feuerbach|Stuttgart-Zuffenhausen|Neuwirtshaus(Porscheplatz)|Korntal|Weilimdorf|Ditzingen|Höfingen|Leonberg|Rutesheim|Renningen|Renningen Süd|Magstadt|Maichingen Nord|Maichingen,8005574,Sindelfingen,Baden-Württemberg,Sindelfingen,71063,8.999262079,48.70387346,6,2512110923,,2512110924,,,,,,,,,,,1.0,1.0
7166908817617232037-2512110857-20,7020,2512110952,2512110953,1,,S,60,Stuttgart Schwabstr.|Stuttgart Feuersee|Stuttgart Stadtmitte|Stuttgart Hbf (tief)|Stuttgart Nord|Stuttgart-Feuerbach|Stuttgart-Zuffenhausen|Neuwirtshaus(Porscheplatz)|Korntal|Weilimdorf|Ditzingen|Höfingen|Leonberg|Rutesheim|Renningen|Renningen Süd|Magstadt|Maichingen Nord|Maichingen,8005574,Sindelfingen,Baden-Württemberg,Sindelfingen,71063,8.999262079,48.70387346,6,2512110955,,2512110955,,,,,,,,,,,3.0,2.0
-6027496912439365984-2512110918-8,7221,2512110934,2512110934,2,,S,2,Schorndorf|Weiler(Rems)|Winterbach(b Schorndorf)|Geradstetten|Grunbach|Beutelsbach|Endersbach,8005726,Stetten-Beinstein,Baden-Württemberg,Weinstadt,71384,9.352769725,48.81199601,5,2512110934,,2512110934,,,,,,,,,,,0.0,0.0
-8934317604911762574-2512110950-3,7216,2512110954,2512110954,1,,S,2,Waiblingen|Rommelshausen,8005726,Stetten-Beinstein,Baden-Württemberg,Weinstadt,71384,9.352769725,48.81199601,5,2512110954,,2512110955,,,,,,,,,,,0.0,1.0
-5197594664753501705-2512110848-8,7219,2512110904,2512110904,2,,S,2,Schorndorf|Weiler(Rems)|Winterbach(b Schorndorf)|Geradstetten|Grunbach|Beutelsbach|Endersbach,8005726,Stetten-Beinstein,Baden-Württemberg,Weinstadt,71384,9.352769725,48.81199601,5,2512110905,,2512110905,,,,,,,,,,,1.0,1.0
-1776968849992631185-2512110920-3,7214,2512110924,2512110924,1,,S,2,Waiblingen|Rommelshausen,8005726,Stetten-Beinstein,Baden-Württemberg,Weinstadt,71384,9.352769725,48.81199601,5,2512110924,,2512110925,,,,,,,,,,,0.0,1.0
6769741212925597105-2512110937-1,4211,,2512110937,,,RE,5,,8000096,Stuttgart Hbf,Baden-Württemberg,Stuttgart,70173,9.183172973,48.78473069,1,,,2512110937,,h,2,Information,,,,,,,0.0,0.0
5841414069584179066-2512110736-10,19059,2512110956,,5,,RE,,Würzburg Hbf|Lauda|Osterburken|Möckmühl|Bad Friedrichshall Hbf|Neckarsulm|Heilbronn Hbf|Bietigheim-Bissingen|Ludwigsburg,8000096,Stuttgart Hbf,Baden-Württemberg,Stuttgart,70173,9.183172973,48.78473069,1,2512110954,,,,,,,,,,,,,-2.0,0.0
4466654497612854474-2512110947-1,19608,,2512110947,,,MEX,17c,,8000096,Stuttgart Hbf,Baden-Württemberg,Stuttgart,70173,9.183172973,48.78473069,1,,,2512110956,7,,,,,,,,,,0.0,9.0
-7184453857839759572-2512110727-5,612,2512110945,2512110951,9,,ICE,,München Hbf|München-Pasing|Augsburg Hbf|Ulm Hbf,8000096,Stuttgart Hbf,Baden-Württemberg,Stuttgart,70173,9.183172973,48.78473069,1,2512110950,10,2512110959,10,h,1,Störung,,,,,,,5.0,8.0
-2333532852925690131-2512110857-9,19217,2512110942,2512110952,15,,MEX,12,Heilbronn Hbf|Nordheim(Württ)|Lauffen(Neckar)|Kirchheim(Neckar)|Walheim(Württ)|Besigheim|Bietigheim-Bissingen|Ludwigsburg,8000096,Stuttgart Hbf,Baden-Württemberg,Stuttgart,70173,9.183172973,48.78473069,1,2512110943,,2512110953,,,,,,,,,,,1.0,1.0
-5533240198651439473-2512110814-14,19509,2512110912,,6,,MEX,,Pforzheim Hbf|Eutingen(Baden)|Niefern|Enzberg|Mühlacker|Mühlacker Rößlesweg|Illingen(Württ)|Vaihingen(Enz)|Sersheim|Sachsenheim|Ellental|Bietigheim-Bissingen|Ludwigsburg,8000096,Stuttgart Hbf,Baden-Württemberg,Stuttgart,70173,9.183172973,48.78473069,1,2512110915,7,,,,,,,,,,,,3.0,0.0
2178700040520449500-2512110601-9,711,2512110918,,7,,ICE,,Köln Hbf|Siegburg/Bonn|Montabaur|Limburg Süd|Wiesbaden Hbf|Mainz Hbf|Mannheim Hbf|Heidelberg Hbf,8000096,Stuttgart Hbf,Baden-Württemberg,Stuttgart,70173,9.183172973,48.78473069,1,2512110923,5,,,,,,,,,,,,5.0,0.0
-905861583136027170-2512110752-17,19357,2512110915,2512110923,15,,MEX,12,Mosbach-Neckarelz|Neckarzimmern|Haßmersheim|Gundelsheim(Neckar)|Offenau|Bad Friedrichshall Hbf|Neckarsulm|Heilbronn Sülmertor|Heilbronn Hbf|Nordheim(Württ)|Lauffen(Neckar)|Kirchheim(Neckar)|Walheim(Württ)|Besigheim|Bietigheim-Bissingen|Ludwigsburg,8000096,Stuttgart Hbf,Baden-Württemberg,Stuttgart,70173,9.183172973,48.78473069,1,2512110917,,2512110923,,,,,,,,,,,2.0,0.0
-6802934016369535111-2512110959-1,2166,,2512110959,,,IC,,,8000096,Stuttgart Hbf,Baden-Württemberg,Stuttgart,70173,9.183172973,48.78473069,1,,,2512111002,9,h,1,Störung,,,,,,,0.0,3.0
2372218982085443212-2512110947-1,19508,,2512110947,,,MEX,17a,,8000096,Stuttgart Hbf,Baden-Württemberg,Stuttgart,70173,9.183172973,48.78473069,1,,,2512110956,7,,,,,,,,,,0.0,9.0
8561127939023480355-2512110917-1,50483,,2512110917,,,RE,87,,8000096,Stuttgart Hbf,Baden-Württemberg,Stuttgart,70173,9.183172973,48.78473069,1,,,2512110917,,h,1,Information,,,,,,,0.0,0.0
-8763010696485294043-2512110900-1,19672,,2512110900,,,RE,1,,8000096,Stuttgart Hbf,Baden-Württemberg,Stuttgart,70173,9.183172973,48.78473069,1,,,2512110900,6,r,,,,,,,,,0.0,0.0
7336202886159090600-2512110908-1,19062,,2512110908,,,RE,8,,8000096,Stuttgart Hbf,Baden-Württemberg,Stuttgart,70173,9.183172973,48.78473069,1,,,2512110944,8,h,3,Information,,,,Ludwigsburg|Bietigheim-Bissingen|Heilbronn Hbf|Neckarsulm|Bad Friedrichshall Hbf|Möckmühl|Osterburken|Lauda|Würzburg Hbf,,,0.0,36.0
1340136319651984275-2512110932-1,19008,,2512110932,,,RE,1,,8000096,Stuttgart Hbf,Baden-Württemberg,Stuttgart,70173,9.183172973,48.78473069,1,,,2512110946,,r,,,,,,,,,0.0,14.0
4872505502888945935-2512110945-1,17519,,2512110945,,,MEX,90,,8000096,Stuttgart Hbf,Baden-Württemberg,Stuttgart,70173,9.183172973,48.78473069,1,,,2512110949,6,,,,,,,,,,0.0,4.0
1039148990277239106-2512110736-6,50284,2512110932,,2,,RE,,Singen(Hohentwiel)|Tuttlingen|Rottweil|Horb|Böblingen,8000096,Stuttgart Hbf,Baden-Württemberg,Stuttgart,70173,9.183172973,48.78473069,1,2512110937,,,,,,,,,,,,,5.0,0.0
-2566455291333629510-2512110811-16,17640,2512110942,,3,,RE,,Freudenstadt Hbf|Grüntal-Wittlensweiler|Dornstetten-Aach|Dornstetten|Schopfloch(b Freudenstadt)|Bittelbronn|Horb-Heiligenfeld|Hochdorf(b Horb)|Eutingen Nord|Eutingen im Gäu|Ergenzingen|Bondorf(b Herrenberg)|Gäufelden|Herrenberg|Böblingen,8000096,Stuttgart Hbf,Baden-Württemberg,Stuttgart,70173,9.183172973,48.78473069,1,2512110945,,,,,,,,,,,,,3.0,0.0
-4662378567499677508-2512110903-1,19127,,2512110903,,,MEX,16,,8000096,Stuttgart Hbf,Baden-Württemberg,Stuttgart,70173,9.183172973,48.78473069,1,,,2512110906,,,,,,,,,,,0.0,3.0
5737891863628718438-2512110651-4,9576,2512110901,2512110910,9,,TGV,,München Hbf|Augsburg Hbf|Ulm Hbf,8000096,Stuttgart Hbf,Baden-Württemberg,Stuttgart,70173,9.183172973,48.78473069,1,2512110911,,2512110924,,c,,,,,,,,,10.0,14.0
-9076044575966614071-2512110303-15,591,2512110908,2512110915,16,,ICE,,Hamburg-Altona|Hamburg Dammtor|Hamburg Hbf|Hamburg-Harburg|Lüneburg|Uelzen|Celle|Hannover Hbf|Göttingen|Kassel-Wilhelmshöhe|Fulda|Hanau Hbf|Frankfurt(Main)Hbf|Mannheim Hbf,8000096,Stuttgart Hbf,Baden-Württemberg,Stuttgart,70173,9.183172973,48.78473069,1,2512110920,,2512110926,,h,3,Information,,,,,,,12.0,11.0
-1478494665311941456-2512110902-6,19310,2512110936,2512110943,8,,MEX,18,Nürtingen|Wendlingen(Neckar)|Plochingen|Esslingen(Neckar)|Stuttgart-Bad Cannstatt,8000096,Stuttgart Hbf,Baden-Württemberg,Stuttgart,70173,9.183172973,48.78473069,1,2512110941,9,2512110953,9,,,,,,,,,,5.0,10.0
2288042975359940860-2512110833-7,19222,2512110908,2512110919,3,,MEX,12,Nürtingen|Oberboihingen|Wendlingen(Neckar)|Plochingen|Esslingen(Neckar)|Stuttgart-Bad Cannstatt,8000096,Stuttgart Hbf,Baden-Württemberg,Stuttgart,70173,9.183172973,48.78473069,1,2512110911,,2512110924,,,,,,,,,,,3.0,5.0
9084265654909040416-2512110543-12,1296,2512110959,2512111005,8,,IC,,Salzburg Hbf|Freilassing|Traunstein|Prien am Chiemsee|Bad Endorf|Rosenheim|München Ost|München Hbf|Augsburg Hbf|Günzburg|Ulm Hbf,8000096,Stuttgart Hbf,Baden-Württemberg,Stuttgart,70173,9.183172973,48.78473069,1,2512111006,,2512111012,,c,,,,,,,,,7.0,7.0
-4109978745584514242-2512110735-26,19609,2512110912,,6,,MEX,,Bruchsal|Bruchsal Tunnelstraße|Bruchsal Schlachthof|Heidelsheim Nord|Heidelsheim|Helmsheim|Gondelsheim Schlossstadion|Gondelsheim(Baden)|Diedelsheim|Bretten|Bretten Rechberg|Bretten-Ruit|Knittlingen-Kleinvillars|Ölbronn-Dürrn|Maulbronn West|Ötisheim|Mühlacker|Mühlacker Rößlesweg|Illingen(Württ)|Vaihingen(Enz)|Sersheim|Sachsenheim|Ellental|Bietigheim-Bissingen|Ludwigsburg,8000096,Stuttgart Hbf,Baden-Württemberg,Stuttgart,70173,9.183172973,48.78473069,1,2512110915,7,,,,,,,,,,,,3.0,0.0
-8706394445868619474-2512110537-8,1178,2512110905,,5,,ICE,,Basel SBB|Basel Bad Bf|Freiburg(Breisgau) Hbf|Offenburg|Baden-Baden|Karlsruhe Hbf|Mannheim Hbf,8000096,Stuttgart Hbf,Baden-Württemberg,Stuttgart,70173,9.183172973,48.78473069,1,2512110905,6,,,,,,,,,,,,0.0,0.0
1113476340796244494-2512110917-1,483,,2512110917,,,IC,,,8000096,Stuttgart Hbf,Baden-Württemberg,Stuttgart,70173,9.183172973,48.78473069,1,,,2512110917,,h,1,Information,,,,,,,0.0,0.0
-7028610943436685646-2512110819-22,19126,2512110950,,13,,MEX,,Ulm Hbf|Beimerstetten|Westerstetten|Lonsee|Urspring|Amstetten(Württ)|Geislingen(Steige)|Geislingen(Steige)West|Kuchen|Gingen(Fils)|Süßen|Salach|Eislingen(Fils)|Göppingen|Faurndau|Uhingen|Ebersbach(Fils)|Reichenbach(Fils)|Plochingen|Esslingen(Neckar)|Stuttgart-Bad Cannstatt,8000096,Stuttgart Hbf,Baden-Württemberg,Stuttgart,70173,9.183172973,48.78473069,1,2512110956,,,,,,,,,,,,,6.0,0.0
-1077781971709050018-2512110704-13,4206,2512110920,,9,,RE,,Friedrichshafen Stadt|Meckenbeuren|Ravensburg|Aulendorf|Bad Schussenried|Biberach(Riß)|Laupheim West|Ulm Hbf|Geislingen(Steige)|Göppingen|Plochingen|Esslingen(Neckar),8000096,Stuttgart Hbf,Baden-Württemberg,Stuttgart,70173,9.183172973,48.78473069,1,2512110928,11,,,h,2,Information,,,,,,,8.0,0.0
6961195300703194006-2512110832-7,19007,2512110928,,14,,RE,,Karlsruhe Hbf|Karlsruhe-Durlach|Wilferdingen-Singen|Pforzheim Hbf|Mühlacker|Vaihingen(Enz),8000096,Stuttgart Hbf,Baden-Württemberg,Stuttgart,70173,9.183172973,48.78473069,1,2512110938,12,,,r,,,,,,,,,10.0,0.0
-6012005053401607387-2512110923-1,770,,2512110923,,,ICE,,,8000096,Stuttgart Hbf,Baden-Württemberg,Stuttgart,70173,9.183172973,48.78473069,1,,,2512110923,6,h,3,Information,,,,,,,0.0,0.0
4446471469447362786-2512110637-8,284,2512110932,,2,,IC,,Zürich HB|Schaffhausen|Singen(Hohentwiel)|Tuttlingen|Rottweil|Horb|Böblingen,8000096,Stuttgart Hbf,Baden-Württemberg,Stuttgart,70173,9.183172973,48.78473069,1,2512110937,,,,h,1,Information,,,,,,,5.0,0.0
-7540567861455311930-2512110637-18,88610,2512110925,,13,,RE,,Nürnberg Hbf|Roßtal|Heilsbronn|Wicklesgreuth|Ansbach|Leutershausen-Wiedersbach|Dombühl|Schnelldorf|Crailsheim|Eckartshausen-Ilshofen|Schwäbisch Hall-Hessental|Gaildorf West|Murrhardt|Sulzbach(Murr)|Oppenweiler(Württ)|Backnang|Marbach(Neckar),8000096,Stuttgart Hbf,Baden-Württemberg,Stuttgart,70173,9.183172973,48.78473069,1,2512110925,13,,,,,,,,,,,,0.0,0.0
-8444595247548961497-2512110937-1,1747,,2512110937,,,IC,,,8000096,Stuttgart Hbf,Baden-Württemberg,Stuttgart,70173,9.183172973,48.78473069,1,,,2512110938,,,,,,,,,,,0.0,1.0
158414357061065328-2512110802-11,17646,2512110942,,3,,RE,,Rottweil|Oberndorf(Neckar)|Sulz(Neckar)|Horb|Eutingen im Gäu|Ergenzingen|Bondorf(b Herrenberg)|Gäufelden|Herrenberg|Böblingen,8000096,Stuttgart Hbf,Baden-Württemberg,Stuttgart,70173,9.183172973,48.78473069,1,2512110945,,,,,,,,,,,,,3.0,0.0
4731050731424122758-2512110816-17,7116,2512110902,2512110902,2,,S,1,Herrenberg|Nufringen|Gärtringen|Ehningen(b Böblingen)|Hulb|Böblingen|Goldberg(Württ)|Stuttgart-Rohr|Stuttgart-Vaihingen|Stuttgart-Österfeld|Stuttgart Universität|Stuttgart Schwabstr.|Stuttgart Feuersee|Stuttgart Stadtmitte|Stuttgart Hbf (tief)|Stuttgart-Bad Cannstatt,8006743,Stuttgart Neckarpark,Baden-Württemberg,Stuttgart,70372,9.24106855,48.79194362,4,2512110918,,2512110918,,h,1,Bauarbeiten,,,,,,,16.0,16.0
-1847498060052889012-2512110920-13,7121,2512110957,2512110957,1,,S,1,Kirchheim(Teck)|Kirchheim(Teck)-Ötlingen|Wendlingen(Neckar)|Wernau(Neckar)|Plochingen|Altbach|Esslingen-Zell|Oberesslingen|Esslingen(Neckar)|Esslingen-Mettingen|Stuttgart-Obertürkheim|Stuttgart-Untertürkheim,8006743,Stuttgart Neckarpark,Baden-Württemberg,Stuttgart,70372,9.24106855,48.79194362,4,2512111000,,2512111000,,h,1,Bauarbeiten,,,,,,,3.0,3.0
-3441789533908263347-2512110850-13,7119,2512110927,2512110927,1,,S,1,Kirchheim(Teck)|Kirchheim(Teck)-Ötlingen|Wendlingen(Neckar)|Wernau(Neckar)|Plochingen|Altbach|Esslingen-Zell|Oberesslingen|Esslingen(Neckar)|Esslingen-Mettingen|Stuttgart-Obertürkheim|Stuttgart-Untertürkheim,8006743,Stuttgart Neckarpark,Baden-Württemberg,Stuttgart,70372,9.24106855,48.79194362,4,2512110931,,2512110931,,h,1,Bauarbeiten,,,,,,,4.0,4.0
1645171848470015195-2512110846-17,7118,2512110932,2512110932,2,,S,1,Herrenberg|Nufringen|Gärtringen|Ehningen(b Böblingen)|Hulb|Böblingen|Goldberg(Württ)|Stuttgart-Rohr|Stuttgart-Vaihingen|Stuttgart-Österfeld|Stuttgart Universität|Stuttgart Schwabstr.|Stuttgart Feuersee|Stuttgart Stadtmitte|Stuttgart Hbf (tief)|Stuttgart-Bad Cannstatt,8006743,Stuttgart Neckarpark,Baden-Württemberg,Stuttgart,70372,9.24106855,48.79194362,4,2512110938,,2512110939,,h,1,Bauarbeiten,,,,,,,6.0,7.0
-5056530606962501346-2512110922-8,28455,2512110943,2512110944,4,,S,5,Bietigheim-Bissingen|Tamm(Württ)|Asperg|Ludwigsburg|Kornwestheim Pbf|Stuttgart-Zuffenhausen|Stuttgart-Feuerbach,8005767,Stuttgart Nord,Baden-Württemberg,Stuttgard-Nord,70174,9.188061449,48.80374161,5,2512110944,,2512110945,,,,,,,,,,,1.0,1.0
2383309551233687619-2512110937-8,7521,2512110958,2512110959,4,,S,5,Bietigheim-Bissingen|Tamm(Württ)|Asperg|Ludwigsburg|Kornwestheim Pbf|Stuttgart-Zuffenhausen|Stuttgart-Feuerbach,8005767,Stuttgart Nord,Baden-Württemberg,Stuttgard-Nord,70174,9.188061449,48.80374161,5,2512110958,,2512110959,,,,,,,,,,,0.0,0.0
2188934342571090911-2512110852-8,28453,2512110913,2512110914,4,,S,5,Bietigheim-Bissingen|Tamm(Württ)|Asperg|Ludwigsburg|Kornwestheim Pbf|Stuttgart-Zuffenhausen|Stuttgart-Feuerbach,8005767,Stuttgart Nord,Baden-Württemberg,Stuttgard-Nord,70174,9.188061449,48.80374161,5,2512110916,,2512110917,,,,,,,,,,,3.0,3.0
-694433010054514515-2512110912-5,7616,2512110921,2512110921,3,,S,6,Stuttgart Schwabstr.|Stuttgart Feuersee|Stuttgart Stadtmitte|Stuttgart Hbf (tief),8005767,Stuttgart Nord,Baden-Württemberg,Stuttgard-Nord,70174,9.188061449,48.80374161,5,2512110926,,2512110926,,,,,,,,,,,5.0,5.0
-2251328924682584980-2512110942-5,7618,2512110951,2512110951,3,,S,6,Stuttgart Schwabstr.|Stuttgart Feuersee|Stuttgart Stadtmitte|Stuttgart Hbf (tief),8005767,Stuttgart Nord,Baden-Württemberg,Stuttgard-Nord,70174,9.188061449,48.80374161,5,2512110955,,2512110956,,,,,,,,,c,c,4.0,5.0
-2805247502729306800-2512110925-9,7419,2512110948,2512110949,4,,S,4,Marbach(Neckar)|Benningen(Neckar)|Freiberg(Neckar)|Favoritepark|Ludwigsburg|Kornwestheim Pbf|Stuttgart-Zuffenhausen|Stuttgart-Feuerbach,8005767,Stuttgart Nord,Baden-Württemberg,Stuttgard-Nord,70174,9.188061449,48.80374161,5,2512110949,,2512110950,,h,1,Bauarbeiten,,,,,,,1.0,1.0
6651422081053397042-2512110857-5,7920,2512110906,2512110906,3,,S,6,Stuttgart Schwabstr.|Stuttgart Feuersee|Stuttgart Stadtmitte|Stuttgart Hbf (tief),8005767,Stuttgart Nord,Baden-Württemberg,Stuttgard-Nord,70174,9.188061449,48.80374161,5,2512110907,,2512110908,,,,,,,,,,,1.0,2.0
-3832940569846018712-2512110927-5,7022,2512110936,2512110936,3,,S,60,Stuttgart Schwabstr.|Stuttgart Feuersee|Stuttgart Stadtmitte|Stuttgart Hbf (tief),8005767,Stuttgart Nord,Baden-Württemberg,Stuttgard-Nord,70174,9.188061449,48.80374161,5,2512110939,,2512110940,,,,,,,,,,,3.0,4.0
-3576552835933518344-2512110927-5,7922,2512110936,2512110936,3,,S,6,Stuttgart Schwabstr.|Stuttgart Feuersee|Stuttgart Stadtmitte|Stuttgart Hbf (tief),8005767,Stuttgart Nord,Baden-Württemberg,Stuttgard-Nord,70174,9.188061449,48.80374161,5,2512110939,,2512110940,,,,,,,,,,,3.0,4.0
-3682815568361595216-2512110922-5,7518,2512110931,2512110931,3,,S,5,Stuttgart Schwabstr.|Stuttgart Feuersee|Stuttgart Stadtmitte|Stuttgart Hbf (tief),8005767,Stuttgart Nord,Baden-Württemberg,Stuttgard-Nord,70174,9.188061449,48.80374161,5,2512110936,,2512110937,,,,,,,,,,,5.0,6.0
736947574749107832-2512110917-5,28386,2512110926,2512110926,3,,S,4,Stuttgart Schwabstr.|Stuttgart Feuersee|Stuttgart Stadtmitte|Stuttgart Hbf (tief),8005767,Stuttgart Nord,Baden-Württemberg,Stuttgard-Nord,70174,9.188061449,48.80374161,5,2512110931,,2512110932,,h,1,Bauarbeiten,,,,,,,5.0,6.0
5803573868774258182-2512110833-13,7617,2512110908,2512110909,4,,S,6,Weil der Stadt|Malmsheim|Renningen|Rutesheim|Leonberg|Höfingen|Ditzingen|Weilimdorf|Korntal|Neuwirtshaus(Porscheplatz)|Stuttgart-Zuffenhausen|Stuttgart-Feuerbach,8005767,Stuttgart Nord,Baden-Württemberg,Stuttgard-Nord,70174,9.188061449,48.80374161,5,2512110910,,2512110910,,,,,,,,,,,2.0,1.0
3232158515646974756-2512110932-5,7416,2512110941,2512110941,3,,S,4,Stuttgart Schwabstr.|Stuttgart Feuersee|Stuttgart Stadtmitte|Stuttgart Hbf (tief),8005767,Stuttgart Nord,Baden-Württemberg,Stuttgard-Nord,70174,9.188061449,48.80374161,5,2512110944,,2512110945,,h,1,Bauarbeiten,,,,,,,3.0,4.0
-2232522451867967971-2512110907-5,28452,2512110916,2512110916,3,,S,5,Stuttgart Schwabstr.|Stuttgart Feuersee|Stuttgart Stadtmitte|Stuttgart Hbf (tief),8005767,Stuttgart Nord,Baden-Württemberg,Stuttgard-Nord,70174,9.188061449,48.80374161,5,2512110923,,2512110924,,,,,,,,,,,7.0,8.0
-1556136570494019483-2512110855-9,7417,2512110918,2512110919,4,,S,4,Marbach(Neckar)|Benningen(Neckar)|Freiberg(Neckar)|Favoritepark|Ludwigsburg|Kornwestheim Pbf|Stuttgart-Zuffenhausen|Stuttgart-Feuerbach,8005767,Stuttgart Nord,Baden-Württemberg,Stuttgard-Nord,70174,9.188061449,48.80374161,5,2512110920,,2512110920,,h,1,Bauarbeiten,,,,,,,2.0,1.0
6917320209796903914-2512110852-5,7516,2512110901,2512110901,3,,S,5,Stuttgart Schwabstr.|Stuttgart Feuersee|Stuttgart Stadtmitte|Stuttgart Hbf (tief),8005767,Stuttgart Nord,Baden-Württemberg,Stuttgard-Nord,70174,9.188061449,48.80374161,5,2512110903,,2512110904,,,,,,,,,,,2.0,3.0
5029336644743586028-2512110904-17,7017,2512110953,2512110954,4,,S,60,Böblingen|Sindelfingen|Maichingen|Maichingen Nord|Magstadt|Renningen Süd|Renningen|Rutesheim|Leonberg|Höfingen|Ditzingen|Weilimdorf|Korntal|Neuwirtshaus(Porscheplatz)|Stuttgart-Zuffenhausen|Stuttgart-Feuerbach,8005767,Stuttgart Nord,Baden-Württemberg,Stuttgard-Nord,70174,9.188061449,48.80374161,5,2512111002,,2512111004,,,,,,,,,,,9.0,10.0
-73934676157046898-2512110918-13,7917,2512110953,2512110954,4,,S,6,Weil der Stadt|Malmsheim|Renningen|Rutesheim|Leonberg|Höfingen|Ditzingen|Weilimdorf|Korntal|Neuwirtshaus(Porscheplatz)|Stuttgart-Zuffenhausen|Stuttgart-Feuerbach,8005767,Stuttgart Nord,Baden-Württemberg,Stuttgard-Nord,70174,9.188061449,48.80374161,5,2512111002,,2512111004,,,,,,,,,,,9.0,10.0
6067543006118062641-2512110840-9,28381,2512110903,2512110904,4,,S,4,Marbach(Neckar)|Benningen(Neckar)|Freiberg(Neckar)|Favoritepark|Ludwigsburg|Kornwestheim Pbf|Stuttgart-Zuffenhausen|Stuttgart-Feuerbach,8005767,Stuttgart Nord,Baden-Württemberg,Stuttgard-Nord,70174,9.188061449,48.80374161,5,2512110906,,2512110907,,h,1,Bauarbeiten,,,,,,,3.0,3.0
1745837345724546602-2512110903-13,7619,2512110938,2512110939,4,,S,6,Weil der Stadt|Malmsheim|Renningen|Rutesheim|Leonberg|Höfingen|Ditzingen|Weilimdorf|Korntal|Neuwirtshaus(Porscheplatz)|Stuttgart-Zuffenhausen|Stuttgart-Feuerbach,8005767,Stuttgart Nord,Baden-Württemberg,Stuttgard-Nord,70174,9.188061449,48.80374161,5,2512110938,,2512110939,,,,,,,,,,,0.0,0.0
-657478549015358641-2512110902-5,7414,2512110911,2512110911,3,,S,4,Stuttgart Schwabstr.|Stuttgart Feuersee|Stuttgart Stadtmitte|Stuttgart Hbf (tief),8005767,Stuttgart Nord,Baden-Württemberg,Stuttgard-Nord,70174,9.188061449,48.80374161,5,2512110917,,2512110918,,h,1,Bauarbeiten,,,,,,,6.0,7.0
9174048015743328640-2512110834-17,7015,2512110923,2512110924,4,,S,60,Böblingen|Sindelfingen|Maichingen|Maichingen Nord|Magstadt|Renningen Süd|Renningen|Rutesheim|Leonberg|Höfingen|Ditzingen|Weilimdorf|Korntal|Neuwirtshaus(Porscheplatz)|Stuttgart-Zuffenhausen|Stuttgart-Feuerbach,8005767,Stuttgart Nord,Baden-Württemberg,Stuttgard-Nord,70174,9.188061449,48.80374161,5,2512110929,,2512110929,,,,,,,,,c,c,6.0,5.0
-1639645104819799642-2512110848-13,7915,2512110923,2512110924,4,,S,6,Weil der Stadt|Malmsheim|Renningen|Rutesheim|Leonberg|Höfingen|Ditzingen|Weilimdorf|Korntal|Neuwirtshaus(Porscheplatz)|Stuttgart-Zuffenhausen|Stuttgart-Feuerbach,8005767,Stuttgart Nord,Baden-Württemberg,Stuttgard-Nord,70174,9.188061449,48.80374161,5,2512110929,,2512110929,,,,,,,,,c,c,6.0,5.0
2766724167212026355-2512110910-9,28383,2512110933,2512110934,4,,S,4,Marbach(Neckar)|Benningen(Neckar)|Freiberg(Neckar)|Favoritepark|Ludwigsburg|Kornwestheim Pbf|Stuttgart-Zuffenhausen|Stuttgart-Feuerbach,8005767,Stuttgart Nord,Baden-Württemberg,Stuttgard-Nord,70174,9.188061449,48.80374161,5,2512110934,,2512110935,,h,1,Bauarbeiten,,,,,,,1.0,1.0
-737840219627554054-2512110947-5,28388,2512110956,2512110956,3,,S,4,Stuttgart Schwabstr.|Stuttgart Feuersee|Stuttgart Stadtmitte|Stuttgart Hbf (tief),8005767,Stuttgart Nord,Baden-Württemberg,Stuttgard-Nord,70174,9.188061449,48.80374161,5,2512110957,,2512110957,,h,1,Bauarbeiten,,,,,,,1.0,1.0
9177979391540237453-2512110937-5,28454,2512110946,2512110946,3,,S,5,Stuttgart Schwabstr.|Stuttgart Feuersee|Stuttgart Stadtmitte|Stuttgart Hbf (tief),8005767,Stuttgart Nord,Baden-Württemberg,Stuttgard-Nord,70174,9.188061449,48.80374161,5,2512110947,,2512110948,,,,,,,,,,,1.0,2.0
7166908817617232037-2512110857-5,7020,2512110906,2512110906,3,,S,60,Stuttgart Schwabstr.|Stuttgart Feuersee|Stuttgart Stadtmitte|Stuttgart Hbf (tief),8005767,Stuttgart Nord,Baden-Württemberg,Stuttgard-Nord,70174,9.188061449,48.80374161,5,2512110907,,2512110908,,,,,,,,,,,1.0,2.0
-8972942860695039210-2512110907-8,7519,2512110928,2512110929,4,,S,5,Bietigheim-Bissingen|Tamm(Württ)|Asperg|Ludwigsburg|Kornwestheim Pbf|Stuttgart-Zuffenhausen|Stuttgart-Feuerbach,8005767,Stuttgart Nord,Baden-Württemberg,Stuttgard-Nord,70174,9.188061449,48.80374161,5,2512110928,,2512110929,,,,,,,,,,,0.0,0.0
6646559934352817209-2512110911-7,56097,2512110927,2512110927,1,,S,3,Stuttgart-Bad Cannstatt|Stuttgart Hbf (tief)|Stuttgart Stadtmitte|Stuttgart Feuersee|Stuttgart Schwabstr.|Stuttgart Universität,8005779,Stuttgart Österfeld,Baden-Württemberg,Stuttgart,70563,9.116751457,48.73749946,4,2512110928,,2512110929,,,,,,,,,,,1.0,2.0
2988814004659936288-2512110820-20,7117,2512110917,2512110917,1,,S,1,Kirchheim(Teck)|Kirchheim(Teck)-Ötlingen|Wendlingen(Neckar)|Wernau(Neckar)|Plochingen|Altbach|Esslingen-Zell|Oberesslingen|Esslingen(Neckar)|Esslingen-Mettingen|Stuttgart-Obertürkheim|Stuttgart-Untertürkheim|Stuttgart Neckarpark|Stuttgart-Bad Cannstatt|Stuttgart Hbf (tief)|Stuttgart Stadtmitte|Stuttgart Feuersee|Stuttgart Schwabstr.|Stuttgart Universität,8005779,Stuttgart Österfeld,Baden-Württemberg,Stuttgart,70563,9.116751457,48.73749946,4,2512110919,,2512110920,,h,1,Bauarbeiten,,,,,,,2.0,3.0
-2852454441264700711-2512110903-8,56016,2512110922,2512110922,2,,S,2,Filderstadt|Stuttgart Flughafen/Messe|Echterdingen|Leinfelden|Oberaichen|Stuttgart-Rohr|Stuttgart-Vaihingen,8005779,Stuttgart Österfeld,Baden-Württemberg,Stuttgart,70563,9.116751457,48.73749946,4,2512110922,,2512110922,,,,,,,,,,,0.0,0.0
-8037425331994198780-2512110851-7,56017,2512110907,2512110907,1,,S,2,Stuttgart-Bad Cannstatt|Stuttgart Hbf (tief)|Stuttgart Stadtmitte|Stuttgart Feuersee|Stuttgart Schwabstr.|Stuttgart Universität,8005779,Stuttgart Österfeld,Baden-Württemberg,Stuttgart,70563,9.116751457,48.73749946,4,2512110907,,2512110908,,,,,,,,,,,0.0,1.0
-4779453800620886648-2512110916-10,7120,2512110942,2512110942,2,,S,1,Herrenberg|Nufringen|Gärtringen|Ehningen(b Böblingen)|Hulb|Böblingen|Goldberg(Württ)|Stuttgart-Rohr|Stuttgart-Vaihingen,8005779,Stuttgart Österfeld,Baden-Württemberg,Stuttgart,70563,9.116751457,48.73749946,4,2512110946,,2512110947,,h,1,Bauarbeiten,,,,,,,4.0,5.0
-487462683627217646-2512110941-7,56099,2512110957,2512110957,1,,S,3,Stuttgart-Bad Cannstatt|Stuttgart Hbf (tief)|Stuttgart Stadtmitte|Stuttgart Feuersee|Stuttgart Schwabstr.|Stuttgart Universität,8005779,Stuttgart Österfeld,Baden-Württemberg,Stuttgart,70563,9.116751457,48.73749946,4,2512110958,,2512110958,,,,,,,,,,,1.0,1.0
-3441789533908263347-2512110850-20,7119,2512110947,2512110947,1,,S,1,Kirchheim(Teck)|Kirchheim(Teck)-Ötlingen|Wendlingen(Neckar)|Wernau(Neckar)|Plochingen|Altbach|Esslingen-Zell|Oberesslingen|Esslingen(Neckar)|Esslingen-Mettingen|Stuttgart-Obertürkheim|Stuttgart-Untertürkheim|Stuttgart Neckarpark|Stuttgart-Bad Cannstatt|Stuttgart Hbf (tief)|Stuttgart Stadtmitte|Stuttgart Feuersee|Stuttgart Schwabstr.|Stuttgart Universität,8005779,Stuttgart Österfeld,Baden-Württemberg,Stuttgart,70563,9.116751457,48.73749946,4,2512110952,,2512110953,,h,1,Bauarbeiten,,,,,,,5.0,6.0
7736550375637449474-2512110848-7,56096,2512110902,2512110902,2,,S,3,Stuttgart Flughafen/Messe|Echterdingen|Leinfelden|Oberaichen|Stuttgart-Rohr|Stuttgart-Vaihingen,8005779,Stuttgart Österfeld,Baden-Württemberg,Stuttgart,70563,9.116751457,48.73749946,4,2512110904,,2512110904,,,,,,,,,,,2.0,2.0
7041657828114384791-2512110918-7,56098,2512110932,2512110932,2,,S,3,Stuttgart Flughafen/Messe|Echterdingen|Leinfelden|Oberaichen|Stuttgart-Rohr|Stuttgart-Vaihingen,8005779,Stuttgart Österfeld,Baden-Württemberg,Stuttgart,70563,9.116751457,48.73749946,4,,,,,,,,,,,,c,c,0.0,0.0
1645171848470015195-2512110846-10,7118,2512110912,2512110912,2,,S,1,Herrenberg|Nufringen|Gärtringen|Ehningen(b Böblingen)|Hulb|Böblingen|Goldberg(Württ)|Stuttgart-Rohr|Stuttgart-Vaihingen,8005779,Stuttgart Österfeld,Baden-Württemberg,Stuttgart,70563,9.116751457,48.73749946,4,2512110916,,2512110917,,h,1,Bauarbeiten,,,,,,,4.0,5.0
1082085063048100741-2512110933-8,56018,2512110952,2512110952,2,,S,2,Filderstadt|Stuttgart Flughafen/Messe|Echterdingen|Leinfelden|Oberaichen|Stuttgart-Rohr|Stuttgart-Vaihingen,8005779,Stuttgart Österfeld,Baden-Württemberg,Stuttgart,70563,9.116751457,48.73749946,4,2512110952,,2512110952,,,,,,,,,,,0.0,0.0
7777385061942298465-2512110921-7,56019,2512110937,2512110937,1,,S,2,Stuttgart-Bad Cannstatt|Stuttgart Hbf (tief)|Stuttgart Stadtmitte|Stuttgart Feuersee|Stuttgart Schwabstr.|Stuttgart Universität,8005779,Stuttgart Österfeld,Baden-Württemberg,Stuttgart,70563,9.116751457,48.73749946,4,2512110938,,2512110939,,,,,,,,,,,1.0,2.0
6646559934352817209-2512110911-6,56097,2512110925,2512110925,1,,S,3,Stuttgart-Bad Cannstatt|Stuttgart Hbf (tief)|Stuttgart Stadtmitte|Stuttgart Feuersee|Stuttgart Schwabstr.,8006513,Stuttgart Universität,Baden-Württemberg,Stuttgart,70569,9.105864214,48.74511762,4,2512110926,,2512110927,,,,,,,,,,,1.0,2.0
2988814004659936288-2512110820-19,7117,2512110915,2512110915,1,,S,1,Kirchheim(Teck)|Kirchheim(Teck)-Ötlingen|Wendlingen(Neckar)|Wernau(Neckar)|Plochingen|Altbach|Esslingen-Zell|Oberesslingen|Esslingen(Neckar)|Esslingen-Mettingen|Stuttgart-Obertürkheim|Stuttgart-Untertürkheim|Stuttgart Neckarpark|Stuttgart-Bad Cannstatt|Stuttgart Hbf (tief)|Stuttgart Stadtmitte|Stuttgart Feuersee|Stuttgart Schwabstr.,8006513,Stuttgart Universität,Baden-Württemberg,Stuttgart,70569,9.105864214,48.74511762,4,2512110917,,2512110918,,h,1,Bauarbeiten,,,,,,,2.0,3.0
-2852454441264700711-2512110903-9,56016,2512110924,2512110924,2,,S,2,Filderstadt|Stuttgart Flughafen/Messe|Echterdingen|Leinfelden|Oberaichen|Stuttgart-Rohr|Stuttgart-Vaihingen|Stuttgart-Österfeld,8006513,Stuttgart Universität,Baden-Württemberg,Stuttgart,70569,9.105864214,48.74511762,4,2512110924,,2512110924,,,,,,,,,,,0.0,0.0
-8037425331994198780-2512110851-6,56017,2512110905,2512110905,1,,S,2,Stuttgart-Bad Cannstatt|Stuttgart Hbf (tief)|Stuttgart Stadtmitte|Stuttgart Feuersee|Stuttgart Schwabstr.,8006513,Stuttgart Universität,Baden-Württemberg,Stuttgart,70569,9.105864214,48.74511762,4,2512110905,,2512110906,,,,,,,,,,,0.0,1.0
-4779453800620886648-2512110916-11,7120,2512110944,2512110944,2,,S,1,Herrenberg|Nufringen|Gärtringen|Ehningen(b Böblingen)|Hulb|Böblingen|Goldberg(Württ)|Stuttgart-Rohr|Stuttgart-Vaihingen|Stuttgart-Österfeld,8006513,Stuttgart Universität,Baden-Württemberg,Stuttgart,70569,9.105864214,48.74511762,4,2512110948,,2512110949,,h,1,Bauarbeiten,,,,,,,4.0,5.0
-487462683627217646-2512110941-6,56099,2512110955,2512110955,1,,S,3,Stuttgart-Bad Cannstatt|Stuttgart Hbf (tief)|Stuttgart Stadtmitte|Stuttgart Feuersee|Stuttgart Schwabstr.,8006513,Stuttgart Universität,Baden-Württemberg,Stuttgart,70569,9.105864214,48.74511762,4,2512110956,,2512110956,,,,,,,,,,,1.0,1.0
-3441789533908263347-2512110850-19,7119,2512110945,2512110945,1,,S,1,Kirchheim(Teck)|Kirchheim(Teck)-Ötlingen|Wendlingen(Neckar)|Wernau(Neckar)|Plochingen|Altbach|Esslingen-Zell|Oberesslingen|Esslingen(Neckar)|Esslingen-Mettingen|Stuttgart-Obertürkheim|Stuttgart-Untertürkheim|Stuttgart Neckarpark|Stuttgart-Bad Cannstatt|Stuttgart Hbf (tief)|Stuttgart Stadtmitte|Stuttgart Feuersee|Stuttgart Schwabstr.,8006513,Stuttgart Universität,Baden-Württemberg,Stuttgart,70569,9.105864214,48.74511762,4,2512110950,,2512110951,,h,1,Bauarbeiten,,,,,,,5.0,6.0
7736550375637449474-2512110848-8,56096,2512110904,2512110904,2,,S,3,Stuttgart Flughafen/Messe|Echterdingen|Leinfelden|Oberaichen|Stuttgart-Rohr|Stuttgart-Vaihingen|Stuttgart-Österfeld,8006513,Stuttgart Universität,Baden-Württemberg,Stuttgart,70569,9.105864214,48.74511762,4,2512110906,,2512110906,,,,,,,,,,,2.0,2.0
7041657828114384791-2512110918-8,56098,2512110934,2512110934,2,,S,3,Stuttgart Flughafen/Messe|Echterdingen|Leinfelden|Oberaichen|Stuttgart-Rohr|Stuttgart-Vaihingen|Stuttgart-Österfeld,8006513,Stuttgart Universität,Baden-Württemberg,Stuttgart,70569,9.105864214,48.74511762,4,,,,,,,,,,,,c,c,0.0,0.0
1645171848470015195-2512110846-11,7118,2512110914,2512110914,2,,S,1,Herrenberg|Nufringen|Gärtringen|Ehningen(b Böblingen)|Hulb|Böblingen|Goldberg(Württ)|Stuttgart-Rohr|Stuttgart-Vaihingen|Stuttgart-Österfeld,8006513,Stuttgart Universität,Baden-Württemberg,Stuttgart,70569,9.105864214,48.74511762,4,2512110918,,2512110919,,h,1,Bauarbeiten,,,,,,,4.0,5.0
1082085063048100741-2512110933-9,56018,2512110954,2512110954,2,,S,2,Filderstadt|Stuttgart Flughafen/Messe|Echterdingen|Leinfelden|Oberaichen|Stuttgart-Rohr|Stuttgart-Vaihingen|Stuttgart-Österfeld,8006513,Stuttgart Universität,Baden-Württemberg,Stuttgart,70569,9.105864214,48.74511762,4,2512110954,,2512110954,,,,,,,,,,,0.0,0.0
7777385061942298465-2512110921-6,56019,2512110935,2512110935,1,,S,2,Stuttgart-Bad Cannstatt|Stuttgart Hbf (tief)|Stuttgart Stadtmitte|Stuttgart Feuersee|Stuttgart Schwabstr.,8006513,Stuttgart Universität,Baden-Württemberg,Stuttgart,70569,9.105864214,48.74511762,4,2512110936,,2512110937,,,,,,,,,,,1.0,2.0
6646559934352817209-2512110911-1,56097,,2512110911,,,S,3,,8005769,Stuttgart-Bad Cannstatt,Baden-Württemberg,Stuttgart,70372,9.217468636,48.80127978,3,,,2512110912,,,,,,,,,,,0.0,1.0
2988814004659936288-2512110820-14,7117,2512110900,2512110901,1,,S,1,Kirchheim(Teck)|Kirchheim(Teck)-Ötlingen|Wendlingen(Neckar)|Wernau(Neckar)|Plochingen|Altbach|Esslingen-Zell|Oberesslingen|Esslingen(Neckar)|Esslingen-Mettingen|Stuttgart-Obertürkheim|Stuttgart-Untertürkheim|Stuttgart Neckarpark,8005769,Stuttgart-Bad Cannstatt,Baden-Württemberg,Stuttgart,70372,9.217468636,48.80127978,3,2512110901,,2512110902,,h,1,Bauarbeiten,,,,,,,1.0,1.0
-2852454441264700711-2512110903-14,56016,2512110939,,2,,S,,Filderstadt|Stuttgart Flughafen/Messe|Echterdingen|Leinfelden|Oberaichen|Stuttgart-Rohr|Stuttgart-Vaihingen|Stuttgart-Österfeld|Stuttgart Universität|Stuttgart Schwabstr.|Stuttgart Feuersee|Stuttgart Stadtmitte|Stuttgart Hbf (tief),8005769,Stuttgart-Bad Cannstatt,Baden-Württemberg,Stuttgart,70372,9.217468636,48.80127978,3,2512110945,,,,,,,,,,,,,6.0,0.0
5157345720701941926-2512110833-14,56014,2512110909,,2,,S,,Filderstadt|Stuttgart Flughafen/Messe|Echterdingen|Leinfelden|Oberaichen|Stuttgart-Rohr|Stuttgart-Vaihingen|Stuttgart-Österfeld|Stuttgart Universität|Stuttgart Schwabstr.|Stuttgart Feuersee|Stuttgart Stadtmitte|Stuttgart Hbf (tief),8005769,Stuttgart-Bad Cannstatt,Baden-Württemberg,Stuttgart,70372,9.217468636,48.80127978,3,2512110918,,,,,,,,,,,,,9.0,0.0
-4779453800620886648-2512110916-16,7120,2512110959,2512110959,4,,S,1,Herrenberg|Nufringen|Gärtringen|Ehningen(b Böblingen)|Hulb|Böblingen|Goldberg(Württ)|Stuttgart-Rohr|Stuttgart-Vaihingen|Stuttgart-Österfeld|Stuttgart Universität|Stuttgart Schwabstr.|Stuttgart Feuersee|Stuttgart Stadtmitte|Stuttgart Hbf (tief),8005769,Stuttgart-Bad Cannstatt,Baden-Württemberg,Stuttgart,70372,9.217468636,48.80127978,3,2512111004,,2512111005,,h,1,Bauarbeiten,,,,,,,5.0,6.0
-2333532852925690131-2512110857-10,19217,2512110955,2512110956,4,,MEX,12,Heilbronn Hbf|Nordheim(Württ)|Lauffen(Neckar)|Kirchheim(Neckar)|Walheim(Württ)|Besigheim|Bietigheim-Bissingen|Ludwigsburg|Stuttgart Hbf,8005769,Stuttgart-Bad Cannstatt,Baden-Württemberg,Stuttgart,70372,9.217468636,48.80127978,3,2512110956,,2512110957,,,,,,,,,,,1.0,1.0
-905861583136027170-2512110752-18,19357,2512110927,2512110927,4,,MEX,12,Mosbach-Neckarelz|Neckarzimmern|Haßmersheim|Gundelsheim(Neckar)|Offenau|Bad Friedrichshall Hbf|Neckarsulm|Heilbronn Sülmertor|Heilbronn Hbf|Nordheim(Württ)|Lauffen(Neckar)|Kirchheim(Neckar)|Walheim(Württ)|Besigheim|Bietigheim-Bissingen|Ludwigsburg|Stuttgart Hbf,8005769,Stuttgart-Bad Cannstatt,Baden-Württemberg,Stuttgart,70372,9.217468636,48.80127978,3,2512110927,,2512110928,,,,,,,,,,,0.0,1.0
-487462683627217646-2512110941-1,56099,,2512110941,,,S,3,,8005769,Stuttgart-Bad Cannstatt,Baden-Württemberg,Stuttgart,70372,9.217468636,48.80127978,3,,,2512110942,,,,,,,,,,,0.0,1.0
-4662378567499677508-2512110903-2,19127,2512110907,2512110908,4,,MEX,16,Stuttgart Hbf,8005769,Stuttgart-Bad Cannstatt,Baden-Württemberg,Stuttgart,70372,9.217468636,48.80127978,3,2512110911,,2512110912,,,,,,,,,,,4.0,4.0
-3441789533908263347-2512110850-14,7119,2512110930,2512110931,1,,S,1,Kirchheim(Teck)|Kirchheim(Teck)-Ötlingen|Wendlingen(Neckar)|Wernau(Neckar)|Plochingen|Altbach|Esslingen-Zell|Oberesslingen|Esslingen(Neckar)|Esslingen-Mettingen|Stuttgart-Obertürkheim|Stuttgart-Untertürkheim|Stuttgart Neckarpark,8005769,Stuttgart-Bad Cannstatt,Baden-Württemberg,Stuttgart,70372,9.217468636,48.80127978,3,2512110933,,2512110935,,h,1,Bauarbeiten,,,,,,,3.0,4.0
7736550375637449474-2512110848-13,56096,2512110919,,3,,S,,Stuttgart Flughafen/Messe|Echterdingen|Leinfelden|Oberaichen|Stuttgart-Rohr|Stuttgart-Vaihingen|Stuttgart-Österfeld|Stuttgart Universität|Stuttgart Schwabstr.|Stuttgart Feuersee|Stuttgart Stadtmitte|Stuttgart Hbf (tief),8005769,Stuttgart-Bad Cannstatt,Baden-Württemberg,Stuttgart,70372,9.217468636,48.80127978,3,2512110921,,,,,,,,,,,,,2.0,0.0
-1478494665311941456-2512110902-5,19310,2512110932,2512110933,5,,MEX,18,Nürtingen|Wendlingen(Neckar)|Plochingen|Esslingen(Neckar),8005769,Stuttgart-Bad Cannstatt,Baden-Württemberg,Stuttgart,70372,9.217468636,48.80127978,3,2512110936,,2512110937,,,,,,,,,,,4.0,4.0
2288042975359940860-2512110833-6,19222,2512110903,2512110904,1,,MEX,12,Nürtingen|Oberboihingen|Wendlingen(Neckar)|Plochingen|Esslingen(Neckar),8005769,Stuttgart-Bad Cannstatt,Baden-Württemberg,Stuttgart,70372,9.217468636,48.80127978,3,2512110905,,2512110906,,,,,,,,,,,2.0,2.0
7041657828114384791-2512110918-13,56098,2512110949,,3,,S,,Stuttgart Flughafen/Messe|Echterdingen|Leinfelden|Oberaichen|Stuttgart-Rohr|Stuttgart-Vaihingen|Stuttgart-Österfeld|Stuttgart Universität|Stuttgart Schwabstr.|Stuttgart Feuersee|Stuttgart Stadtmitte|Stuttgart Hbf (tief),8005769,Stuttgart-Bad Cannstatt,Baden-Württemberg,Stuttgart,70372,9.217468636,48.80127978,3,,,,,,,,,,,,c,,0.0,0.0
1645171848470015195-2512110846-16,7118,2512110929,2512110929,4,,S,1,Herrenberg|Nufringen|Gärtringen|Ehningen(b Böblingen)|Hulb|Böblingen|Goldberg(Württ)|Stuttgart-Rohr|Stuttgart-Vaihingen|Stuttgart-Österfeld|Stuttgart Universität|Stuttgart Schwabstr.|Stuttgart Feuersee|Stuttgart Stadtmitte|Stuttgart Hbf (tief),8005769,Stuttgart-Bad Cannstatt,Baden-Württemberg,Stuttgart,70372,9.217468636,48.80127978,3,2512110935,,2512110936,,h,1,Bauarbeiten,,,,,,,6.0,7.0
-7028610943436685646-2512110819-21,19126,2512110946,2512110947,5,,MEX,16,Ulm Hbf|Beimerstetten|Westerstetten|Lonsee|Urspring|Amstetten(Württ)|Geislingen(Steige)|Geislingen(Steige)West|Kuchen|Gingen(Fils)|Süßen|Salach|Eislingen(Fils)|Göppingen|Faurndau|Uhingen|Ebersbach(Fils)|Reichenbach(Fils)|Plochingen|Esslingen(Neckar),8005769,Stuttgart-Bad Cannstatt,Baden-Württemberg,Stuttgart,70372,9.217468636,48.80127978,3,2512110951,,2512110952,,,,,,,,,,,5.0,5.0
7777385061942298465-2512110921-1,56019,,2512110921,,,S,2,,8005769,Stuttgart-Bad Cannstatt,Baden-Württemberg,Stuttgart,70372,9.217468636,48.80127978,3,,,2512110922,,,,,,,,,,,0.0,1.0
-3072320996537178038-2512110951-1,56021,,2512110951,,,S,2,,8005769,Stuttgart-Bad Cannstatt,Baden-Württemberg,Stuttgart,70372,9.217468636,48.80127978,3,,,2512110952,,,,,,,,,,,0.0,1.0
-5056530606962501346-2512110922-7,28455,2512110941,2512110941,1,,S,5,Bietigheim-Bissingen|Tamm(Württ)|Asperg|Ludwigsburg|Kornwestheim Pbf|Stuttgart-Zuffenhausen,8005770,Stuttgart-Feuerbach,Baden-Württemberg,Feuerbach,70469,9.169186287,48.81363554,3,2512110942,,2512110942,,,,,,,,,,,1.0,1.0
2383309551233687619-2512110937-7,7521,2512110956,2512110956,1,,S,5,Bietigheim-Bissingen|Tamm(Württ)|Asperg|Ludwigsburg|Kornwestheim Pbf|Stuttgart-Zuffenhausen,8005770,Stuttgart-Feuerbach,Baden-Württemberg,Feuerbach,70469,9.169186287,48.81363554,3,2512110956,,2512110956,,,,,,,,,,,0.0,0.0
2188934342571090911-2512110852-7,28453,2512110911,2512110911,1,,S,5,Bietigheim-Bissingen|Tamm(Württ)|Asperg|Ludwigsburg|Kornwestheim Pbf|Stuttgart-Zuffenhausen,8005770,Stuttgart-Feuerbach,Baden-Württemberg,Feuerbach,70469,9.169186287,48.81363554,3,2512110914,,2512110915,,,,,,,,,,,3.0,4.0
-694433010054514515-2512110912-6,7616,2512110923,2512110924,2,,S,6,Stuttgart Schwabstr.|Stuttgart Feuersee|Stuttgart Stadtmitte|Stuttgart Hbf (tief)|Stuttgart Nord,8005770,Stuttgart-Feuerbach,Baden-Württemberg,Feuerbach,70469,9.169186287,48.81363554,3,2512110928,,2512110928,,,,,,,,,,,5.0,4.0
-2251328924682584980-2512110942-6,7618,2512110953,2512110954,2,,S,6,Stuttgart Schwabstr.|Stuttgart Feuersee|Stuttgart Stadtmitte|Stuttgart Hbf (tief)|Stuttgart Nord,8005770,Stuttgart-Feuerbach,Baden-Württemberg,Feuerbach,70469,9.169186287,48.81363554,3,2512110958,1a,2512110954,1a,,,,,,,,c,,5.0,0.0
-2805247502729306800-2512110925-8,7419,2512110946,2512110946,1,,S,4,Marbach(Neckar)|Benningen(Neckar)|Freiberg(Neckar)|Favoritepark|Ludwigsburg|Kornwestheim Pbf|Stuttgart-Zuffenhausen,8005770,Stuttgart-Feuerbach,Baden-Württemberg,Feuerbach,70469,9.169186287,48.81363554,3,2512110947,,2512110947,,h,1,Bauarbeiten,,,,,,,1.0,1.0
6651422081053397042-2512110857-6,7920,2512110908,2512110909,2,,S,6,Stuttgart Schwabstr.|Stuttgart Feuersee|Stuttgart Stadtmitte|Stuttgart Hbf (tief)|Stuttgart Nord,8005770,Stuttgart-Feuerbach,Baden-Württemberg,Feuerbach,70469,9.169186287,48.81363554,3,2512110909,,2512110909,,,,,,,,,,,1.0,0.0
-3832940569846018712-2512110927-6,7022,2512110938,2512110939,2,,S,60,Stuttgart Schwabstr.|Stuttgart Feuersee|Stuttgart Stadtmitte|Stuttgart Hbf (tief)|Stuttgart Nord,8005770,Stuttgart-Feuerbach,Baden-Württemberg,Feuerbach,70469,9.169186287,48.81363554,3,2512110942,,2512110942,,,,,,,,,,,4.0,3.0
-3576552835933518344-2512110927-6,7922,2512110938,2512110939,2,,S,6,Stuttgart Schwabstr.|Stuttgart Feuersee|Stuttgart Stadtmitte|Stuttgart Hbf (tief)|Stuttgart Nord,8005770,Stuttgart-Feuerbach,Baden-Württemberg,Feuerbach,70469,9.169186287,48.81363554,3,2512110942,,2512110942,,,,,,,,,,,4.0,3.0
-3682815568361595216-2512110922-6,7518,2512110933,2512110934,2,,S,5,Stuttgart Schwabstr.|Stuttgart Feuersee|Stuttgart Stadtmitte|Stuttgart Hbf (tief)|Stuttgart Nord,8005770,Stuttgart-Feuerbach,Baden-Württemberg,Feuerbach,70469,9.169186287,48.81363554,3,2512110939,,2512110939,,,,,,,,,,,6.0,5.0
736947574749107832-2512110917-6,28386,2512110928,2512110929,2,,S,4,Stuttgart Schwabstr.|Stuttgart Feuersee|Stuttgart Stadtmitte|Stuttgart Hbf (tief)|Stuttgart Nord,8005770,Stuttgart-Feuerbach,Baden-Württemberg,Feuerbach,70469,9.169186287,48.81363554,3,2512110934,,2512110934,,h,1,Bauarbeiten,,,,,,,6.0,5.0
5803573868774258182-2512110833-12,7617,2512110906,2512110906,1,,S,6,Weil der Stadt|Malmsheim|Renningen|Rutesheim|Leonberg|Höfingen|Ditzingen|Weilimdorf|Korntal|Neuwirtshaus(Porscheplatz)|Stuttgart-Zuffenhausen,8005770,Stuttgart-Feuerbach,Baden-Württemberg,Feuerbach,70469,9.169186287,48.81363554,3,2512110907,,2512110907,,,,,,,,,,,1.0,1.0
3232158515646974756-2512110932-6,7416,2512110943,2512110944,2,,S,4,Stuttgart Schwabstr.|Stuttgart Feuersee|Stuttgart Stadtmitte|Stuttgart Hbf (tief)|Stuttgart Nord,8005770,Stuttgart-Feuerbach,Baden-Württemberg,Feuerbach,70469,9.169186287,48.81363554,3,2512110946,,2512110946,,h,1,Bauarbeiten,,,,,,,3.0,2.0
-2232522451867967971-2512110907-6,28452,2512110918,2512110919,2,,S,5,Stuttgart Schwabstr.|Stuttgart Feuersee|Stuttgart Stadtmitte|Stuttgart Hbf (tief)|Stuttgart Nord,8005770,Stuttgart-Feuerbach,Baden-Württemberg,Feuerbach,70469,9.169186287,48.81363554,3,2512110925,,2512110925,,,,,,,,,,,7.0,6.0
-1556136570494019483-2512110855-8,7417,2512110916,2512110916,1,,S,4,Marbach(Neckar)|Benningen(Neckar)|Freiberg(Neckar)|Favoritepark|Ludwigsburg|Kornwestheim Pbf|Stuttgart-Zuffenhausen,8005770,Stuttgart-Feuerbach,Baden-Württemberg,Feuerbach,70469,9.169186287,48.81363554,3,2512110918,,2512110918,,h,1,Bauarbeiten,,,,,,,2.0,2.0
6917320209796903914-2512110852-6,7516,2512110903,2512110904,2,,S,5,Stuttgart Schwabstr.|Stuttgart Feuersee|Stuttgart Stadtmitte|Stuttgart Hbf (tief)|Stuttgart Nord,8005770,Stuttgart-Feuerbach,Baden-Württemberg,Feuerbach,70469,9.169186287,48.81363554,3,2512110906,,2512110906,,,,,,,,,,,3.0,2.0
5029336644743586028-2512110904-16,7017,2512110951,2512110951,1,,S,60,Böblingen|Sindelfingen|Maichingen|Maichingen Nord|Magstadt|Renningen Süd|Renningen|Rutesheim|Leonberg|Höfingen|Ditzingen|Weilimdorf|Korntal|Neuwirtshaus(Porscheplatz)|Stuttgart-Zuffenhausen,8005770,Stuttgart-Feuerbach,Baden-Württemberg,Feuerbach,70469,9.169186287,48.81363554,3,2512110959,,2512111000,,,,,,,,,,,8.0,9.0
-73934676157046898-2512110918-12,7917,2512110951,2512110951,1,,S,6,Weil der Stadt|Malmsheim|Renningen|Rutesheim|Leonberg|Höfingen|Ditzingen|Weilimdorf|Korntal|Neuwirtshaus(Porscheplatz)|Stuttgart-Zuffenhausen,8005770,Stuttgart-Feuerbach,Baden-Württemberg,Feuerbach,70469,9.169186287,48.81363554,3,2512110959,,2512111000,,,,,,,,,,,8.0,9.0
6067543006118062641-2512110840-8,28381,2512110901,2512110901,1,,S,4,Marbach(Neckar)|Benningen(Neckar)|Freiberg(Neckar)|Favoritepark|Ludwigsburg|Kornwestheim Pbf|Stuttgart-Zuffenhausen,8005770,Stuttgart-Feuerbach,Baden-Württemberg,Feuerbach,70469,9.169186287,48.81363554,3,2512110904,,2512110904,,h,1,Bauarbeiten,,,,,,,3.0,3.0
1745837345724546602-2512110903-12,7619,2512110936,2512110936,1,,S,6,Weil der Stadt|Malmsheim|Renningen|Rutesheim|Leonberg|Höfingen|Ditzingen|Weilimdorf|Korntal|Neuwirtshaus(Porscheplatz)|Stuttgart-Zuffenhausen,8005770,Stuttgart-Feuerbach,Baden-Württemberg,Feuerbach,70469,9.169186287,48.81363554,3,2512110936,,2512110936,,,,,,,,,,,0.0,0.0
-657478549015358641-2512110902-6,7414,2512110913,2512110914,2,,S,4,Stuttgart Schwabstr.|Stuttgart Feuersee|Stuttgart Stadtmitte|Stuttgart Hbf (tief)|Stuttgart Nord,8005770,Stuttgart-Feuerbach,Baden-Württemberg,Feuerbach,70469,9.169186287,48.81363554,3,2512110919,,2512110920,,h,1,Bauarbeiten,,,,,,,6.0,6.0
9174048015743328640-2512110834-16,7015,2512110921,2512110921,1,,S,60,Böblingen|Sindelfingen|Maichingen|Maichingen Nord|Magstadt|Renningen Süd|Renningen|Rutesheim|Leonberg|Höfingen|Ditzingen|Weilimdorf|Korntal|Neuwirtshaus(Porscheplatz)|Stuttgart-Zuffenhausen,8005770,Stuttgart-Feuerbach,Baden-Württemberg,Feuerbach,70469,9.169186287,48.81363554,3,2512110927,1a,2512110927,1a,,,,,,,,,c,6.0,6.0
-1639645104819799642-2512110848-12,7915,2512110921,2512110921,1,,S,6,Weil der Stadt|Malmsheim|Renningen|Rutesheim|Leonberg|Höfingen|Ditzingen|Weilimdorf|Korntal|Neuwirtshaus(Porscheplatz)|Stuttgart-Zuffenhausen,8005770,Stuttgart-Feuerbach,Baden-Württemberg,Feuerbach,70469,9.169186287,48.81363554,3,2512110927,1a,2512110927,1a,,,,,,,,,c,6.0,6.0
2766724167212026355-2512110910-8,28383,2512110931,2512110931,1,,S,4,Marbach(Neckar)|Benningen(Neckar)|Freiberg(Neckar)|Favoritepark|Ludwigsburg|Kornwestheim Pbf|Stuttgart-Zuffenhausen,8005770,Stuttgart-Feuerbach,Baden-Württemberg,Feuerbach,70469,9.169186287,48.81363554,3,2512110932,,2512110932,,h,1,Bauarbeiten,,,,,,,1.0,1.0
-737840219627554054-2512110947-6,28388,2512110958,2512110959,2,,S,4,Stuttgart Schwabstr.|Stuttgart Feuersee|Stuttgart Stadtmitte|Stuttgart Hbf (tief)|Stuttgart Nord,8005770,Stuttgart-Feuerbach,Baden-Württemberg,Feuerbach,70469,9.169186287,48.81363554,3,2512110959,,2512110959,,h,1,Bauarbeiten,,,,,,,1.0,0.0
9177979391540237453-2512110937-6,28454,2512110948,2512110949,2,,S,5,Stuttgart Schwabstr.|Stuttgart Feuersee|Stuttgart Stadtmitte|Stuttgart Hbf (tief)|Stuttgart Nord,8005770,Stuttgart-Feuerbach,Baden-Württemberg,Feuerbach,70469,9.169186287,48.81363554,3,2512110950,,2512110950,,,,,,,,,,,2.0,1.0
7166908817617232037-2512110857-6,7020,2512110908,2512110909,2,,S,60,Stuttgart Schwabstr.|Stuttgart Feuersee|Stuttgart Stadtmitte|Stuttgart Hbf (tief)|Stuttgart Nord,8005770,Stuttgart-Feuerbach,Baden-Württemberg,Feuerbach,70469,9.169186287,48.81363554,3,2512110909,,2512110909,,,,,,,,,,,1.0,0.0
-8972942860695039210-2512110907-7,7519,2512110926,2512110926,1,,S,5,Bietigheim-Bissingen|Tamm(Württ)|Asperg|Ludwigsburg|Kornwestheim Pbf|Stuttgart-Zuffenhausen,8005770,Stuttgart-Feuerbach,Baden-Württemberg,Feuerbach,70469,9.169186287,48.81363554,3,2512110926,,2512110926,,,,,,,,,,,0.0,0.0
-7391470517904245165-2512110829-7,7983,2512110900,,1a,,S,,Weil der Stadt|Leonberg|Ditzingen|Weilimdorf|Korntal|Stuttgart-Zuffenhausen,8005770,Stuttgart-Feuerbach,Baden-Württemberg,Feuerbach,70469,9.169186287,48.81363554,3,,,,,,,,,,,,c,,0.0,0.0
-5056530606962501346-2512110922-11,28455,2512110951,2512110951,1,,S,5,Bietigheim-Bissingen|Tamm(Württ)|Asperg|Ludwigsburg|Kornwestheim Pbf|Stuttgart-Zuffenhausen|Stuttgart-Feuerbach|Stuttgart Nord|Stuttgart Hbf (tief)|Stuttgart Stadtmitte,8006699,Stuttgart Feuersee,Baden-Württemberg,Stuttgart,70176,9.165850846,48.7726173,3,2512110952,,2512110953,,,,,,,,,,,1.0,2.0
6646559934352817209-2512110911-4,56097,2512110918,2512110919,1,,S,3,Stuttgart-Bad Cannstatt|Stuttgart Hbf (tief)|Stuttgart Stadtmitte,8006699,Stuttgart Feuersee,Baden-Württemberg,Stuttgart,70176,9.165850846,48.7726173,3,2512110919,,2512110920,,,,,,,,,,,1.0,1.0
2988814004659936288-2512110820-17,7117,2512110908,2512110909,1,,S,1,Kirchheim(Teck)|Kirchheim(Teck)-Ötlingen|Wendlingen(Neckar)|Wernau(Neckar)|Plochingen|Altbach|Esslingen-Zell|Oberesslingen|Esslingen(Neckar)|Esslingen-Mettingen|Stuttgart-Obertürkheim|Stuttgart-Untertürkheim|Stuttgart Neckarpark|Stuttgart-Bad Cannstatt|Stuttgart Hbf (tief)|Stuttgart Stadtmitte,8006699,Stuttgart Feuersee,Baden-Württemberg,Stuttgart,70176,9.165850846,48.7726173,3,2512110911,,2512110911,,h,1,Bauarbeiten,,,,,,,3.0,2.0
-2852454441264700711-2512110903-11,56016,2512110931,2512110932,2,,S,2,Filderstadt|Stuttgart Flughafen/Messe|Echterdingen|Leinfelden|Oberaichen|Stuttgart-Rohr|Stuttgart-Vaihingen|Stuttgart-Österfeld|Stuttgart Universität|Stuttgart Schwabstr.,8006699,Stuttgart Feuersee,Baden-Württemberg,Stuttgart,70176,9.165850846,48.7726173,3,2512110933,,2512110933,,,,,,,,,,,2.0,1.0
2188934342571090911-2512110852-11,28453,2512110921,2512110921,1,,S,5,Bietigheim-Bissingen|Tamm(Württ)|Asperg|Ludwigsburg|Kornwestheim Pbf|Stuttgart-Zuffenhausen|Stuttgart-Feuerbach|Stuttgart Nord|Stuttgart Hbf (tief)|Stuttgart Stadtmitte,8006699,Stuttgart Feuersee,Baden-Württemberg,Stuttgart,70176,9.165850846,48.7726173,3,2512110924,,2512110924,,,,,,,,,,,3.0,3.0
-357336019793473361-2512110957-2,7024,2512110959,2512110959,2,,S,60,Stuttgart Schwabstr.,8006699,Stuttgart Feuersee,Baden-Württemberg,Stuttgart,70176,9.165850846,48.7726173,3,2512110959,,2512110959,,,,,,,,,,,0.0,0.0
-694433010054514515-2512110912-2,7616,2512110914,2512110914,2,,S,6,Stuttgart Schwabstr.,8006699,Stuttgart Feuersee,Baden-Württemberg,Stuttgart,70176,9.165850846,48.7726173,3,2512110918,,2512110918,,,,,,,,,,,4.0,4.0
-2251328924682584980-2512110942-2,7618,2512110944,2512110944,2,,S,6,Stuttgart Schwabstr.,8006699,Stuttgart Feuersee,Baden-Württemberg,Stuttgart,70176,9.165850846,48.7726173,3,2512110948,,2512110948,,,,,,,,,c,c,4.0,4.0
5157345720701941926-2512110833-11,56014,2512110901,2512110902,2,,S,2,Filderstadt|Stuttgart Flughafen/Messe|Echterdingen|Leinfelden|Oberaichen|Stuttgart-Rohr|Stuttgart-Vaihingen|Stuttgart-Österfeld|Stuttgart Universität|Stuttgart Schwabstr.,8006699,Stuttgart Feuersee,Baden-Württemberg,Stuttgart,70176,9.165850846,48.7726173,3,2512110906,,2512110907,,,,,,,,,,,5.0,5.0
-4779453800620886648-2512110916-13,7120,2512110951,2512110952,2,,S,1,Herrenberg|Nufringen|Gärtringen|Ehningen(b Böblingen)|Hulb|Böblingen|Goldberg(Württ)|Stuttgart-Rohr|Stuttgart-Vaihingen|Stuttgart-Österfeld|Stuttgart Universität|Stuttgart Schwabstr.,8006699,Stuttgart Feuersee,Baden-Württemberg,Stuttgart,70176,9.165850846,48.7726173,3,2512110956,,2512110957,,h,1,Bauarbeiten,,,,,,,5.0,5.0
-2805247502729306800-2512110925-12,7419,2512110956,2512110956,1,,S,4,Marbach(Neckar)|Benningen(Neckar)|Freiberg(Neckar)|Favoritepark|Ludwigsburg|Kornwestheim Pbf|Stuttgart-Zuffenhausen|Stuttgart-Feuerbach|Stuttgart Nord|Stuttgart Hbf (tief)|Stuttgart Stadtmitte,8006699,Stuttgart Feuersee,Baden-Württemberg,Stuttgart,70176,9.165850846,48.7726173,3,2512110957,,2512110957,,h,1,Bauarbeiten,,,,,,,1.0,1.0
-487462683627217646-2512110941-4,56099,2512110948,2512110949,1,,S,3,Stuttgart-Bad Cannstatt|Stuttgart Hbf (tief)|Stuttgart Stadtmitte,8006699,Stuttgart Feuersee,Baden-Württemberg,Stuttgart,70176,9.165850846,48.7726173,3,2512110949,,2512110949,,,,,,,,,,,1.0,0.0
-3832940569846018712-2512110927-2,7022,2512110929,2512110929,2,,S,60,Stuttgart Schwabstr.,8006699,Stuttgart Feuersee,Baden-Württemberg,Stuttgart,70176,9.165850846,48.7726173,3,2512110931,,2512110931,,,,,,,,,,,2.0,2.0
-3576552835933518344-2512110927-2,7922,2512110929,2512110929,2,,S,6,Stuttgart Schwabstr.,8006699,Stuttgart Feuersee,Baden-Württemberg,Stuttgart,70176,9.165850846,48.7726173,3,2512110931,,2512110931,,,,,,,,,,,2.0,2.0
-3682815568361595216-2512110922-2,7518,2512110924,2512110924,2,,S,5,Stuttgart Schwabstr.,8006699,Stuttgart Feuersee,Baden-Württemberg,Stuttgart,70176,9.165850846,48.7726173,3,2512110928,,2512110929,,,,,,,,,,,4.0,5.0
736947574749107832-2512110917-2,28386,2512110919,2512110919,2,,S,4,Stuttgart Schwabstr.,8006699,Stuttgart Feuersee,Baden-Württemberg,Stuttgart,70176,9.165850846,48.7726173,3,2512110920,,2512110921,,h,1,Bauarbeiten,,,,,,,1.0,2.0
5803573868774258182-2512110833-16,7617,2512110916,2512110916,1,,S,6,Weil der Stadt|Malmsheim|Renningen|Rutesheim|Leonberg|Höfingen|Ditzingen|Weilimdorf|Korntal|Neuwirtshaus(Porscheplatz)|Stuttgart-Zuffenhausen|Stuttgart-Feuerbach|Stuttgart Nord|Stuttgart Hbf (tief)|Stuttgart Stadtmitte,8006699,Stuttgart Feuersee,Baden-Württemberg,Stuttgart,70176,9.165850846,48.7726173,3,2512110917,,2512110918,,,,,,,,,,,1.0,2.0
5640394364462713941-2512110952-2,7520,2512110954,2512110954,2,,S,5,Stuttgart Schwabstr.,8006699,Stuttgart Feuersee,Baden-Württemberg,Stuttgart,70176,9.165850846,48.7726173,3,2512110954,,2512110954,,,,,,,,,,,0.0,0.0
3232158515646974756-2512110932-2,7416,2512110934,2512110934,2,,S,4,Stuttgart Schwabstr.,8006699,Stuttgart Feuersee,Baden-Württemberg,Stuttgart,70176,9.165850846,48.7726173,3,2512110936,,2512110936,,h,1,Bauarbeiten,,,,,,,2.0,2.0
4095689384189077626-2512110957-2,7924,2512110959,2512110959,2,,S,6,Stuttgart Schwabstr.,8006699,Stuttgart Feuersee,Baden-Württemberg,Stuttgart,70176,9.165850846,48.7726173,3,2512110959,,2512110959,,,,,,,,,,,0.0,0.0
-2232522451867967971-2512110907-2,28452,2512110909,2512110909,2,,S,5,Stuttgart Schwabstr.,8006699,Stuttgart Feuersee,Baden-Württemberg,Stuttgart,70176,9.165850846,48.7726173,3,2512110915,,2512110916,,,,,,,,,,,6.0,7.0
-1556136570494019483-2512110855-12,7417,2512110926,2512110926,1,,S,4,Marbach(Neckar)|Benningen(Neckar)|Freiberg(Neckar)|Favoritepark|Ludwigsburg|Kornwestheim Pbf|Stuttgart-Zuffenhausen|Stuttgart-Feuerbach|Stuttgart Nord|Stuttgart Hbf (tief)|Stuttgart Stadtmitte,8006699,Stuttgart Feuersee,Baden-Württemberg,Stuttgart,70176,9.165850846,48.7726173,3,2512110926,,2512110927,,h,1,Bauarbeiten,,,,,,,0.0,1.0
-3441789533908263347-2512110850-17,7119,2512110938,2512110939,1,,S,1,Kirchheim(Teck)|Kirchheim(Teck)-Ötlingen|Wendlingen(Neckar)|Wernau(Neckar)|Plochingen|Altbach|Esslingen-Zell|Oberesslingen|Esslingen(Neckar)|Esslingen-Mettingen|Stuttgart-Obertürkheim|Stuttgart-Untertürkheim|Stuttgart Neckarpark|Stuttgart-Bad Cannstatt|Stuttgart Hbf (tief)|Stuttgart Stadtmitte,8006699,Stuttgart Feuersee,Baden-Württemberg,Stuttgart,70176,9.165850846,48.7726173,3,2512110942,,2512110943,,h,1,Bauarbeiten,,,,,,,4.0,4.0
7736550375637449474-2512110848-10,56096,2512110911,2512110912,2,,S,3,Stuttgart Flughafen/Messe|Echterdingen|Leinfelden|Oberaichen|Stuttgart-Rohr|Stuttgart-Vaihingen|Stuttgart-Österfeld|Stuttgart Universität|Stuttgart Schwabstr.,8006699,Stuttgart Feuersee,Baden-Württemberg,Stuttgart,70176,9.165850846,48.7726173,3,2512110912,,2512110913,,,,,,,,,,,1.0,1.0
6067543006118062641-2512110840-12,28381,2512110911,2512110911,1,,S,4,Marbach(Neckar)|Benningen(Neckar)|Freiberg(Neckar)|Favoritepark|Ludwigsburg|Kornwestheim Pbf|Stuttgart-Zuffenhausen|Stuttgart-Feuerbach|Stuttgart Nord|Stuttgart Hbf (tief)|Stuttgart Stadtmitte,8006699,Stuttgart Feuersee,Baden-Württemberg,Stuttgart,70176,9.165850846,48.7726173,3,2512110914,,2512110914,,h,1,Bauarbeiten,,,,,,,3.0,3.0
7041657828114384791-2512110918-10,56098,2512110941,2512110942,2,,S,3,Stuttgart Flughafen/Messe|Echterdingen|Leinfelden|Oberaichen|Stuttgart-Rohr|Stuttgart-Vaihingen|Stuttgart-Österfeld|Stuttgart Universität|Stuttgart Schwabstr.,8006699,Stuttgart Feuersee,Baden-Württemberg,Stuttgart,70176,9.165850846,48.7726173,3,,,,,,,,,,,,c,c,0.0,0.0
1745837345724546602-2512110903-16,7619,2512110946,2512110946,1,,S,6,Weil der Stadt|Malmsheim|Renningen|Rutesheim|Leonberg|Höfingen|Ditzingen|Weilimdorf|Korntal|Neuwirtshaus(Porscheplatz)|Stuttgart-Zuffenhausen|Stuttgart-Feuerbach|Stuttgart Nord|Stuttgart Hbf (tief)|Stuttgart Stadtmitte,8006699,Stuttgart Feuersee,Baden-Württemberg,Stuttgart,70176,9.165850846,48.7726173,3,2512110947,,2512110947,,,,,,,,,,,1.0,1.0
-657478549015358641-2512110902-2,7414,2512110904,2512110904,2,,S,4,Stuttgart Schwabstr.,8006699,Stuttgart Feuersee,Baden-Württemberg,Stuttgart,70176,9.165850846,48.7726173,3,2512110909,,2512110910,,h,1,Bauarbeiten,,,,,,,5.0,6.0
1645171848470015195-2512110846-13,7118,2512110921,2512110922,2,,S,1,Herrenberg|Nufringen|Gärtringen|Ehningen(b Böblingen)|Hulb|Böblingen|Goldberg(Württ)|Stuttgart-Rohr|Stuttgart-Vaihingen|Stuttgart-Österfeld|Stuttgart Universität|Stuttgart Schwabstr.,8006699,Stuttgart Feuersee,Baden-Württemberg,Stuttgart,70176,9.165850846,48.7726173,3,2512110926,,2512110926,,h,1,Bauarbeiten,,,,,,,5.0,4.0
-1072643669346294455-2512110837-11,7517,2512110906,2512110906,1,,S,5,Bietigheim-Bissingen|Tamm(Württ)|Asperg|Ludwigsburg|Kornwestheim Pbf|Stuttgart-Zuffenhausen|Stuttgart-Feuerbach|Stuttgart Nord|Stuttgart Hbf (tief)|Stuttgart Stadtmitte,8006699,Stuttgart Feuersee,Baden-Württemberg,Stuttgart,70176,9.165850846,48.7726173,3,2512110907,,2512110908,,,,,,,,,,,1.0,2.0
9174048015743328640-2512110834-20,7015,2512110931,2512110931,1,,S,60,Böblingen|Sindelfingen|Maichingen|Maichingen Nord|Magstadt|Renningen Süd|Renningen|Rutesheim|Leonberg|Höfingen|Ditzingen|Weilimdorf|Korntal|Neuwirtshaus(Porscheplatz)|Stuttgart-Zuffenhausen|Stuttgart-Feuerbach|Stuttgart Nord|Stuttgart Hbf (tief)|Stuttgart Stadtmitte,8006699,Stuttgart Feuersee,Baden-Württemberg,Stuttgart,70176,9.165850846,48.7726173,3,2512110936,,2512110937,,,,,,,,,c,c,5.0,6.0
7558420737718355302-2512110804-20,7013,2512110901,2512110901,1,,S,60,Böblingen|Sindelfingen|Maichingen|Maichingen Nord|Magstadt|Renningen Süd|Renningen|Rutesheim|Leonberg|Höfingen|Ditzingen|Weilimdorf|Korntal|Neuwirtshaus(Porscheplatz)|Stuttgart-Zuffenhausen|Stuttgart-Feuerbach|Stuttgart Nord|Stuttgart Hbf (tief)|Stuttgart Stadtmitte,8006699,Stuttgart Feuersee,Baden-Württemberg,Stuttgart,70176,9.165850846,48.7726173,3,2512110901,,2512110902,,,,,,,,,,,0.0,1.0
7777385061942298465-2512110921-4,56019,2512110928,2512110929,1,,S,2,Stuttgart-Bad Cannstatt|Stuttgart Hbf (tief)|Stuttgart Stadtmitte,8006699,Stuttgart Feuersee,Baden-Württemberg,Stuttgart,70176,9.165850846,48.7726173,3,2512110929,,2512110930,,,,,,,,,,,1.0,1.0
-1639645104819799642-2512110848-16,7915,2512110931,2512110931,1,,S,6,Weil der Stadt|Malmsheim|Renningen|Rutesheim|Leonberg|Höfingen|Ditzingen|Weilimdorf|Korntal|Neuwirtshaus(Porscheplatz)|Stuttgart-Zuffenhausen|Stuttgart-Feuerbach|Stuttgart Nord|Stuttgart Hbf (tief)|Stuttgart Stadtmitte,8006699,Stuttgart Feuersee,Baden-Württemberg,Stuttgart,70176,9.165850846,48.7726173,3,2512110936,,2512110937,,,,,,,,,c,c,5.0,6.0
-3072320996537178038-2512110951-4,56021,2512110958,2512110959,1,,S,2,Stuttgart-Bad Cannstatt|Stuttgart Hbf (tief)|Stuttgart Stadtmitte,8006699,Stuttgart Feuersee,Baden-Württemberg,Stuttgart,70176,9.165850846,48.7726173,3,2512111001,,2512111001,,,,,,,,,,,3.0,2.0
2766724167212026355-2512110910-12,28383,2512110941,2512110941,1,,S,4,Marbach(Neckar)|Benningen(Neckar)|Freiberg(Neckar)|Favoritepark|Ludwigsburg|Kornwestheim Pbf|Stuttgart-Zuffenhausen|Stuttgart-Feuerbach|Stuttgart Nord|Stuttgart Hbf (tief)|Stuttgart Stadtmitte,8006699,Stuttgart Feuersee,Baden-Württemberg,Stuttgart,70176,9.165850846,48.7726173,3,2512110945,,2512110945,,h,1,Bauarbeiten,,,,,,,4.0,4.0
-737840219627554054-2512110947-2,28388,2512110949,2512110949,2,,S,4,Stuttgart Schwabstr.,8006699,Stuttgart Feuersee,Baden-Württemberg,Stuttgart,70176,9.165850846,48.7726173,3,2512110949,,2512110949,,h,1,Bauarbeiten,,,,,,,0.0,0.0
9177979391540237453-2512110937-2,28454,2512110939,2512110939,2,,S,5,Stuttgart Schwabstr.,8006699,Stuttgart Feuersee,Baden-Württemberg,Stuttgart,70176,9.165850846,48.7726173,3,2512110939,,2512110939,,,,,,,,,,,0.0,0.0
-8972942860695039210-2512110907-11,7519,2512110936,2512110936,1,,S,5,Bietigheim-Bissingen|Tamm(Württ)|Asperg|Ludwigsburg|Kornwestheim Pbf|Stuttgart-Zuffenhausen|Stuttgart-Feuerbach|Stuttgart Nord|Stuttgart Hbf (tief)|Stuttgart Stadtmitte,8006699,Stuttgart Feuersee,Baden-Württemberg,Stuttgart,70176,9.165850846,48.7726173,3,2512110936,,2512110936,,,,,,,,,,,0.0,0.0
4947061045153235784-2512110818-16,7913,2512110901,2512110901,1,,S,6,Weil der Stadt|Malmsheim|Renningen|Rutesheim|Leonberg|Höfingen|Ditzingen|Weilimdorf|Korntal|Neuwirtshaus(Porscheplatz)|Stuttgart-Zuffenhausen|Stuttgart-Feuerbach|Stuttgart Nord|Stuttgart Hbf (tief)|Stuttgart Stadtmitte,8006699,Stuttgart Feuersee,Baden-Württemberg,Stuttgart,70176,9.165850846,48.7726173,3,2512110901,,2512110902,,,,,,,,,,,0.0,1.0
4731050731424122758-2512110816-19,7116,2512110907,2512110907,6,,S,1,Herrenberg|Nufringen|Gärtringen|Ehningen(b Böblingen)|Hulb|Böblingen|Goldberg(Württ)|Stuttgart-Rohr|Stuttgart-Vaihingen|Stuttgart-Österfeld|Stuttgart Universität|Stuttgart Schwabstr.|Stuttgart Feuersee|Stuttgart Stadtmitte|Stuttgart Hbf (tief)|Stuttgart-Bad Cannstatt|Stuttgart Neckarpark|Stuttgart-Untertürkheim,8005772,Stuttgart-Obertürkheim,Baden-Württemberg,Stuttgart,70329,9.268167932,48.76175015,4,2512110922,,2512110923,,h,1,Bauarbeiten,,,,,,,15.0,16.0
-1847498060052889012-2512110920-11,7121,2512110952,2512110952,5,,S,1,Kirchheim(Teck)|Kirchheim(Teck)-Ötlingen|Wendlingen(Neckar)|Wernau(Neckar)|Plochingen|Altbach|Esslingen-Zell|Oberesslingen|Esslingen(Neckar)|Esslingen-Mettingen,8005772,Stuttgart-Obertürkheim,Baden-Württemberg,Stuttgart,70329,9.268167932,48.76175015,4,2512110955,,2512110955,,h,1,Bauarbeiten,,,,,,,3.0,3.0
-3441789533908263347-2512110850-11,7119,2512110922,2512110922,5,,S,1,Kirchheim(Teck)|Kirchheim(Teck)-Ötlingen|Wendlingen(Neckar)|Wernau(Neckar)|Plochingen|Altbach|Esslingen-Zell|Oberesslingen|Esslingen(Neckar)|Esslingen-Mettingen,8005772,Stuttgart-Obertürkheim,Baden-Württemberg,Stuttgart,70329,9.268167932,48.76175015,4,2512110925,,2512110925,,h,1,Bauarbeiten,,,,,,,3.0,3.0
1645171848470015195-2512110846-19,7118,2512110937,2512110937,6,,S,1,Herrenberg|Nufringen|Gärtringen|Ehningen(b Böblingen)|Hulb|Böblingen|Goldberg(Württ)|Stuttgart-Rohr|Stuttgart-Vaihingen|Stuttgart-Österfeld|Stuttgart Universität|Stuttgart Schwabstr.|Stuttgart Feuersee|Stuttgart Stadtmitte|Stuttgart Hbf (tief)|Stuttgart-Bad Cannstatt|Stuttgart Neckarpark|Stuttgart-Untertürkheim,8005772,Stuttgart-Obertürkheim,Baden-Württemberg,Stuttgart,70329,9.268167932,48.76175015,4,2512110943,,2512110943,,h,1,Bauarbeiten,,,,,,,6.0,6.0
6646559934352817209-2512110911-9,56097,2512110931,2512110932,2,,S,3,Stuttgart-Bad Cannstatt|Stuttgart Hbf (tief)|Stuttgart Stadtmitte|Stuttgart Feuersee|Stuttgart Schwabstr.|Stuttgart Universität|Stuttgart-Österfeld|Stuttgart-Vaihingen,8005773,Stuttgart-Rohr,Baden-Württemberg,Stuttgart,70565,9.108158025,48.71799427,4,2512110933,,2512110933,,,,,,,,,,,2.0,1.0
2988814004659936288-2512110820-22,7117,2512110921,2512110922,2,,S,1,Kirchheim(Teck)|Kirchheim(Teck)-Ötlingen|Wendlingen(Neckar)|Wernau(Neckar)|Plochingen|Altbach|Esslingen-Zell|Oberesslingen|Esslingen(Neckar)|Esslingen-Mettingen|Stuttgart-Obertürkheim|Stuttgart-Untertürkheim|Stuttgart Neckarpark|Stuttgart-Bad Cannstatt|Stuttgart Hbf (tief)|Stuttgart Stadtmitte|Stuttgart Feuersee|Stuttgart Schwabstr.|Stuttgart Universität|Stuttgart-Österfeld|Stuttgart-Vaihingen,8005773,Stuttgart-Rohr,Baden-Württemberg,Stuttgart,70565,9.108158025,48.71799427,4,2512110923,,2512110924,,h,1,Bauarbeiten,,,,,,,2.0,2.0
-2852454441264700711-2512110903-6,56016,2512110917,2512110918,3,,S,2,Filderstadt|Stuttgart Flughafen/Messe|Echterdingen|Leinfelden|Oberaichen,8005773,Stuttgart-Rohr,Baden-Württemberg,Stuttgart,70565,9.108158025,48.71799427,4,2512110918,,2512110919,,,,,,,,,,,1.0,1.0
-8037425331994198780-2512110851-9,56017,2512110911,2512110912,2,,S,2,Stuttgart-Bad Cannstatt|Stuttgart Hbf (tief)|Stuttgart Stadtmitte|Stuttgart Feuersee|Stuttgart Schwabstr.|Stuttgart Universität|Stuttgart-Österfeld|Stuttgart-Vaihingen,8005773,Stuttgart-Rohr,Baden-Württemberg,Stuttgart,70565,9.108158025,48.71799427,4,2512110912,,2512110912,,,,,,,,,,,1.0,0.0
-4779453800620886648-2512110916-8,7120,2512110937,2512110938,3,,S,1,Herrenberg|Nufringen|Gärtringen|Ehningen(b Böblingen)|Hulb|Böblingen|Goldberg(Württ),8005773,Stuttgart-Rohr,Baden-Württemberg,Stuttgart,70565,9.108158025,48.71799427,4,2512110942,,2512110943,,h,1,Bauarbeiten,,,,,,,5.0,5.0
-1939940434765765785-2512110904-4,7716,2512110922,2512110923,3,,S,1,Herrenberg|Böblingen|Goldberg(Württ),8005773,Stuttgart-Rohr,Baden-Württemberg,Stuttgart,70565,9.108158025,48.71799427,4,2512110923,,2512110923,,h,1,Bauarbeiten,,,,,,,1.0,0.0
6607066274476454956-2512110935-2,7719,2512110936,2512110937,2,,S,1,Stuttgart-Vaihingen,8005773,Stuttgart-Rohr,Baden-Württemberg,Stuttgart,70565,9.108158025,48.71799427,4,2512110936,,2512110937,,h,1,Bauarbeiten,,,,,,,0.0,0.0
-694726982323974606-2512110948-5,56100,2512110957,2512110958,3,,S,3,Stuttgart Flughafen/Messe|Echterdingen|Leinfelden|Oberaichen,8005773,Stuttgart-Rohr,Baden-Württemberg,Stuttgart,70565,9.108158025,48.71799427,4,2512110958,,2512110958,,,,,,,,,,,1.0,0.0
-5030075529357427279-2512110841-9,56095,2512110901,2512110902,2,,S,3,Stuttgart-Bad Cannstatt|Stuttgart Hbf (tief)|Stuttgart Stadtmitte|Stuttgart Feuersee|Stuttgart Schwabstr.|Stuttgart Universität|Stuttgart-Österfeld|Stuttgart-Vaihingen,8005773,Stuttgart-Rohr,Baden-Württemberg,Stuttgart,70565,9.108158025,48.71799427,4,,,,,,,,,,,,c,c,0.0,0.0
-3441789533908263347-2512110850-22,7119,2512110951,2512110952,2,,S,1,Kirchheim(Teck)|Kirchheim(Teck)-Ötlingen|Wendlingen(Neckar)|Wernau(Neckar)|Plochingen|Altbach|Esslingen-Zell|Oberesslingen|Esslingen(Neckar)|Esslingen-Mettingen|Stuttgart-Obertürkheim|Stuttgart-Untertürkheim|Stuttgart Neckarpark|Stuttgart-Bad Cannstatt|Stuttgart Hbf (tief)|Stuttgart Stadtmitte|Stuttgart Feuersee|Stuttgart Schwabstr.|Stuttgart Universität|Stuttgart-Österfeld|Stuttgart-Vaihingen,8005773,Stuttgart-Rohr,Baden-Württemberg,Stuttgart,70565,9.108158025,48.71799427,4,2512110957,,2512110958,,h,1,Bauarbeiten,,,,,,,6.0,6.0
6586635698842149002-2512110931-8,7718,2512110952,2512110953,3,,S,1,Herrenberg|Nufringen|Gärtringen|Ehningen(b Böblingen)|Hulb|Böblingen|Goldberg(Württ),8005773,Stuttgart-Rohr,Baden-Württemberg,Stuttgart,70565,9.108158025,48.71799427,4,2512110953,,2512110954,,h,1,Bauarbeiten,,,,,,,1.0,1.0
7041657828114384791-2512110918-5,56098,2512110927,2512110928,3,,S,3,Stuttgart Flughafen/Messe|Echterdingen|Leinfelden|Oberaichen,8005773,Stuttgart-Rohr,Baden-Württemberg,Stuttgart,70565,9.108158025,48.71799427,4,,,,,,,,,,,,c,c,0.0,0.0
1645171848470015195-2512110846-8,7118,2512110907,2512110908,3,,S,1,Herrenberg|Nufringen|Gärtringen|Ehningen(b Böblingen)|Hulb|Böblingen|Goldberg(Württ),8005773,Stuttgart-Rohr,Baden-Württemberg,Stuttgart,70565,9.108158025,48.71799427,4,2512110912,,2512110912,,h,1,Bauarbeiten,,,,,,,5.0,4.0
1082085063048100741-2512110933-6,56018,2512110947,2512110948,3,,S,2,Filderstadt|Stuttgart Flughafen/Messe|Echterdingen|Leinfelden|Oberaichen,8005773,Stuttgart-Rohr,Baden-Württemberg,Stuttgart,70565,9.108158025,48.71799427,4,2512110947,,2512110948,,,,,,,,,,,0.0,0.0
7777385061942298465-2512110921-9,56019,2512110941,2512110942,2,,S,2,Stuttgart-Bad Cannstatt|Stuttgart Hbf (tief)|Stuttgart Stadtmitte|Stuttgart Feuersee|Stuttgart Schwabstr.|Stuttgart Universität|Stuttgart-Österfeld|Stuttgart-Vaihingen,8005773,Stuttgart-Rohr,Baden-Württemberg,Stuttgart,70565,9.108158025,48.71799427,4,2512110943,,2512110944,,,,,,,,,,,2.0,2.0
5827144649628113960-2512110905-2,7717,2512110906,2512110907,2,,S,1,Stuttgart-Vaihingen,8005773,Stuttgart-Rohr,Baden-Württemberg,Stuttgart,70565,9.108158025,48.71799427,4,2512110907,3,2512110908,3,h,1,Bauarbeiten,,,,,,,1.0,1.0
-5056530606962501346-2512110922-12,28455,2512110953,,1,,S,,Bietigheim-Bissingen|Tamm(Württ)|Asperg|Ludwigsburg|Kornwestheim Pbf|Stuttgart-Zuffenhausen|Stuttgart-Feuerbach|Stuttgart Nord|Stuttgart Hbf (tief)|Stuttgart Stadtmitte|Stuttgart Feuersee,8006698,Stuttgart Schwabstraße,Baden-Württemberg,Stuttgart,70197,9.156496717,48.77013954,3,2512110954,,,,,,,,,,,,,1.0,0.0
6646559934352817209-2512110911-5,56097,2512110920,2512110920,1,,S,3,Stuttgart-Bad Cannstatt|Stuttgart Hbf (tief)|Stuttgart Stadtmitte|Stuttgart Feuersee,8006698,Stuttgart Schwabstraße,Baden-Württemberg,Stuttgart,70197,9.156496717,48.77013954,3,2512110921,,2512110922,,,,,,,,,,,1.0,2.0
2988814004659936288-2512110820-18,7117,2512110910,2512110910,1,,S,1,Kirchheim(Teck)|Kirchheim(Teck)-Ötlingen|Wendlingen(Neckar)|Wernau(Neckar)|Plochingen|Altbach|Esslingen-Zell|Oberesslingen|Esslingen(Neckar)|Esslingen-Mettingen|Stuttgart-Obertürkheim|Stuttgart-Untertürkheim|Stuttgart Neckarpark|Stuttgart-Bad Cannstatt|Stuttgart Hbf (tief)|Stuttgart Stadtmitte|Stuttgart Feuersee,8006698,Stuttgart Schwabstraße,Baden-Württemberg,Stuttgart,70197,9.156496717,48.77013954,3,2512110912,,2512110913,,h,1,Bauarbeiten,,,,,,,2.0,3.0
-2852454441264700711-2512110903-10,56016,2512110930,2512110930,2,,S,2,Filderstadt|Stuttgart Flughafen/Messe|Echterdingen|Leinfelden|Oberaichen|Stuttgart-Rohr|Stuttgart-Vaihingen|Stuttgart-Österfeld|Stuttgart Universität,8006698,Stuttgart Schwabstraße,Baden-Württemberg,Stuttgart,70197,9.156496717,48.77013954,3,2512110931,,2512110932,,,,,,,,,,,1.0,2.0
-8037425331994198780-2512110851-5,56017,2512110900,2512110900,1,,S,2,Stuttgart-Bad Cannstatt|Stuttgart Hbf (tief)|Stuttgart Stadtmitte|Stuttgart Feuersee,8006698,Stuttgart Schwabstraße,Baden-Württemberg,Stuttgart,70197,9.156496717,48.77013954,3,2512110901,,2512110901,,,,,,,,,,,1.0,1.0
2188934342571090911-2512110852-12,28453,2512110923,,1,,S,,Bietigheim-Bissingen|Tamm(Württ)|Asperg|Ludwigsburg|Kornwestheim Pbf|Stuttgart-Zuffenhausen|Stuttgart-Feuerbach|Stuttgart Nord|Stuttgart Hbf (tief)|Stuttgart Stadtmitte|Stuttgart Feuersee,8006698,Stuttgart Schwabstraße,Baden-Württemberg,Stuttgart,70197,9.156496717,48.77013954,3,2512110926,,,,,,,,,,,,,3.0,0.0
-357336019793473361-2512110957-1,7024,,2512110957,,,S,60,,8006698,Stuttgart Schwabstraße,Baden-Württemberg,Stuttgart,70197,9.156496717,48.77013954,3,,,2512110958,,,,,,,,,,,0.0,1.0
-694433010054514515-2512110912-1,7616,,2512110912,,,S,6,,8006698,Stuttgart Schwabstraße,Baden-Württemberg,Stuttgart,70197,9.156496717,48.77013954,3,,,2512110917,,,,,,,,,,,0.0,5.0
-2251328924682584980-2512110942-1,7618,,2512110942,,,S,6,,8006698,Stuttgart Schwabstraße,Baden-Württemberg,Stuttgart,70197,9.156496717,48.77013954,3,,,2512110947,,,,,,,,,,c,0.0,5.0
5157345720701941926-2512110833-10,56014,2512110900,2512110900,2,,S,2,Filderstadt|Stuttgart Flughafen/Messe|Echterdingen|Leinfelden|Oberaichen|Stuttgart-Rohr|Stuttgart-Vaihingen|Stuttgart-Österfeld|Stuttgart Universität,8006698,Stuttgart Schwabstraße,Baden-Württemberg,Stuttgart,70197,9.156496717,48.77013954,3,2512110904,,2512110905,,,,,,,,,,,4.0,5.0
-4779453800620886648-2512110916-12,7120,2512110950,2512110950,2,,S,1,Herrenberg|Nufringen|Gärtringen|Ehningen(b Böblingen)|Hulb|Böblingen|Goldberg(Württ)|Stuttgart-Rohr|Stuttgart-Vaihingen|Stuttgart-Österfeld|Stuttgart Universität,8006698,Stuttgart Schwabstraße,Baden-Württemberg,Stuttgart,70197,9.156496717,48.77013954,3,2512110954,,2512110955,,h,1,Bauarbeiten,,,,,,,4.0,5.0
-2805247502729306800-2512110925-13,7419,2512110958,,1,,S,,Marbach(Neckar)|Benningen(Neckar)|Freiberg(Neckar)|Favoritepark|Ludwigsburg|Kornwestheim Pbf|Stuttgart-Zuffenhausen|Stuttgart-Feuerbach|Stuttgart Nord|Stuttgart Hbf (tief)|Stuttgart Stadtmitte|Stuttgart Feuersee,8006698,Stuttgart Schwabstraße,Baden-Württemberg,Stuttgart,70197,9.156496717,48.77013954,3,2512110959,,,,h,1,Bauarbeiten,,,,,,,1.0,0.0
-487462683627217646-2512110941-5,56099,2512110950,2512110950,1,,S,3,Stuttgart-Bad Cannstatt|Stuttgart Hbf (tief)|Stuttgart Stadtmitte|Stuttgart Feuersee,8006698,Stuttgart Schwabstraße,Baden-Württemberg,Stuttgart,70197,9.156496717,48.77013954,3,2512110951,,2512110952,,,,,,,,,,,1.0,2.0
-3832940569846018712-2512110927-1,7022,,2512110927,,,S,60,,8006698,Stuttgart Schwabstraße,Baden-Württemberg,Stuttgart,70197,9.156496717,48.77013954,3,,,2512110929,,,,,,,,,,,0.0,2.0
-3576552835933518344-2512110927-1,7922,,2512110927,,,S,6,,8006698,Stuttgart Schwabstraße,Baden-Württemberg,Stuttgart,70197,9.156496717,48.77013954,3,,,2512110929,,,,,,,,,,,0.0,2.0
-3682815568361595216-2512110922-1,7518,,2512110922,,,S,5,,8006698,Stuttgart Schwabstraße,Baden-Württemberg,Stuttgart,70197,9.156496717,48.77013954,3,,,2512110927,,,,,,,,,,,0.0,5.0
736947574749107832-2512110917-1,28386,,2512110917,,,S,4,,8006698,Stuttgart Schwabstraße,Baden-Württemberg,Stuttgart,70197,9.156496717,48.77013954,3,,,2512110919,,h,1,Bauarbeiten,,,,,,,0.0,2.0
5803573868774258182-2512110833-17,7617,2512110918,,1,,S,,Weil der Stadt|Malmsheim|Renningen|Rutesheim|Leonberg|Höfingen|Ditzingen|Weilimdorf|Korntal|Neuwirtshaus(Porscheplatz)|Stuttgart-Zuffenhausen|Stuttgart-Feuerbach|Stuttgart Nord|Stuttgart Hbf (tief)|Stuttgart Stadtmitte|Stuttgart Feuersee,8006698,Stuttgart Schwabstraße,Baden-Württemberg,Stuttgart,70197,9.156496717,48.77013954,3,2512110919,,,,,,,,,,,,,1.0,0.0
5640394364462713941-2512110952-1,7520,,2512110952,,,S,5,,8006698,Stuttgart Schwabstraße,Baden-Württemberg,Stuttgart,70197,9.156496717,48.77013954,3,,,2512110952,,,,,,,,,,,0.0,0.0
3232158515646974756-2512110932-1,7416,,2512110932,,,S,4,,8006698,Stuttgart Schwabstraße,Baden-Württemberg,Stuttgart,70197,9.156496717,48.77013954,3,,,2512110934,,h,1,Bauarbeiten,,,,,,,0.0,2.0
4095689384189077626-2512110957-1,7924,,2512110957,,,S,6,,8006698,Stuttgart Schwabstraße,Baden-Württemberg,Stuttgart,70197,9.156496717,48.77013954,3,,,2512110958,,,,,,,,,,,0.0,1.0
-2232522451867967971-2512110907-1,28452,,2512110907,,,S,5,,8006698,Stuttgart Schwabstraße,Baden-Württemberg,Stuttgart,70197,9.156496717,48.77013954,3,,,2512110914,,,,,,,,,,,0.0,7.0
-1556136570494019483-2512110855-13,7417,2512110928,,1,,S,,Marbach(Neckar)|Benningen(Neckar)|Freiberg(Neckar)|Favoritepark|Ludwigsburg|Kornwestheim Pbf|Stuttgart-Zuffenhausen|Stuttgart-Feuerbach|Stuttgart Nord|Stuttgart Hbf (tief)|Stuttgart Stadtmitte|Stuttgart Feuersee,8006698,Stuttgart Schwabstraße,Baden-Württemberg,Stuttgart,70197,9.156496717,48.77013954,3,2512110928,,,,h,1,Bauarbeiten,,,,,,,0.0,0.0
-3441789533908263347-2512110850-18,7119,2512110940,2512110940,1,,S,1,Kirchheim(Teck)|Kirchheim(Teck)-Ötlingen|Wendlingen(Neckar)|Wernau(Neckar)|Plochingen|Altbach|Esslingen-Zell|Oberesslingen|Esslingen(Neckar)|Esslingen-Mettingen|Stuttgart-Obertürkheim|Stuttgart-Untertürkheim|Stuttgart Neckarpark|Stuttgart-Bad Cannstatt|Stuttgart Hbf (tief)|Stuttgart Stadtmitte|Stuttgart Feuersee,8006698,Stuttgart Schwabstraße,Baden-Württemberg,Stuttgart,70197,9.156496717,48.77013954,3,2512110944,,2512110946,,h,1,Bauarbeiten,,,,,,,4.0,6.0
7736550375637449474-2512110848-9,56096,2512110910,2512110910,2,,S,3,Stuttgart Flughafen/Messe|Echterdingen|Leinfelden|Oberaichen|Stuttgart-Rohr|Stuttgart-Vaihingen|Stuttgart-Österfeld|Stuttgart Universität,8006698,Stuttgart Schwabstraße,Baden-Württemberg,Stuttgart,70197,9.156496717,48.77013954,3,2512110911,,2512110911,,,,,,,,,,,1.0,1.0
6067543006118062641-2512110840-13,28381,2512110913,,1,,S,,Marbach(Neckar)|Benningen(Neckar)|Freiberg(Neckar)|Favoritepark|Ludwigsburg|Kornwestheim Pbf|Stuttgart-Zuffenhausen|Stuttgart-Feuerbach|Stuttgart Nord|Stuttgart Hbf (tief)|Stuttgart Stadtmitte|Stuttgart Feuersee,8006698,Stuttgart Schwabstraße,Baden-Württemberg,Stuttgart,70197,9.156496717,48.77013954,3,2512110916,,,,h,1,Bauarbeiten,,,,,,,3.0,0.0
7041657828114384791-2512110918-9,56098,2512110940,2512110940,2,,S,3,Stuttgart Flughafen/Messe|Echterdingen|Leinfelden|Oberaichen|Stuttgart-Rohr|Stuttgart-Vaihingen|Stuttgart-Österfeld|Stuttgart Universität,8006698,Stuttgart Schwabstraße,Baden-Württemberg,Stuttgart,70197,9.156496717,48.77013954,3,,,,,,,,,,,,c,c,0.0,0.0
1745837345724546602-2512110903-17,7619,2512110948,,1,,S,,Weil der Stadt|Malmsheim|Renningen|Rutesheim|Leonberg|Höfingen|Ditzingen|Weilimdorf|Korntal|Neuwirtshaus(Porscheplatz)|Stuttgart-Zuffenhausen|Stuttgart-Feuerbach|Stuttgart Nord|Stuttgart Hbf (tief)|Stuttgart Stadtmitte|Stuttgart Feuersee,8006698,Stuttgart Schwabstraße,Baden-Württemberg,Stuttgart,70197,9.156496717,48.77013954,3,2512110949,,,,,,,,,,,,,1.0,0.0
-657478549015358641-2512110902-1,7414,,2512110902,,,S,4,,8006698,Stuttgart Schwabstraße,Baden-Württemberg,Stuttgart,70197,9.156496717,48.77013954,3,,,2512110908,,h,1,Bauarbeiten,,,,,,,0.0,6.0
1645171848470015195-2512110846-12,7118,2512110920,2512110920,2,,S,1,Herrenberg|Nufringen|Gärtringen|Ehningen(b Böblingen)|Hulb|Böblingen|Goldberg(Württ)|Stuttgart-Rohr|Stuttgart-Vaihingen|Stuttgart-Österfeld|Stuttgart Universität,8006698,Stuttgart Schwabstraße,Baden-Württemberg,Stuttgart,70197,9.156496717,48.77013954,3,2512110924,,2512110925,,h,1,Bauarbeiten,,,,,,,4.0,5.0
-1072643669346294455-2512110837-12,7517,2512110908,,1,,S,,Bietigheim-Bissingen|Tamm(Württ)|Asperg|Ludwigsburg|Kornwestheim Pbf|Stuttgart-Zuffenhausen|Stuttgart-Feuerbach|Stuttgart Nord|Stuttgart Hbf (tief)|Stuttgart Stadtmitte|Stuttgart Feuersee,8006698,Stuttgart Schwabstraße,Baden-Württemberg,Stuttgart,70197,9.156496717,48.77013954,3,2512110909,,,,,,,,,,,,,1.0,0.0
9174048015743328640-2512110834-21,7015,2512110933,,1,,S,,Böblingen|Sindelfingen|Maichingen|Maichingen Nord|Magstadt|Renningen Süd|Renningen|Rutesheim|Leonberg|Höfingen|Ditzingen|Weilimdorf|Korntal|Neuwirtshaus(Porscheplatz)|Stuttgart-Zuffenhausen|Stuttgart-Feuerbach|Stuttgart Nord|Stuttgart Hbf (tief)|Stuttgart Stadtmitte|Stuttgart Feuersee,8006698,Stuttgart Schwabstraße,Baden-Württemberg,Stuttgart,70197,9.156496717,48.77013954,3,2512110938,,,,,,,,,,,c,,5.0,0.0
7558420737718355302-2512110804-21,7013,2512110903,,1,,S,,Böblingen|Sindelfingen|Maichingen|Maichingen Nord|Magstadt|Renningen Süd|Renningen|Rutesheim|Leonberg|Höfingen|Ditzingen|Weilimdorf|Korntal|Neuwirtshaus(Porscheplatz)|Stuttgart-Zuffenhausen|Stuttgart-Feuerbach|Stuttgart Nord|Stuttgart Hbf (tief)|Stuttgart Stadtmitte|Stuttgart Feuersee,8006698,Stuttgart Schwabstraße,Baden-Württemberg,Stuttgart,70197,9.156496717,48.77013954,3,2512110903,,,,,,,,,,,,,0.0,0.0
7777385061942298465-2512110921-5,56019,2512110930,2512110930,1,,S,2,Stuttgart-Bad Cannstatt|Stuttgart Hbf (tief)|Stuttgart Stadtmitte|Stuttgart Feuersee,8006698,Stuttgart Schwabstraße,Baden-Württemberg,Stuttgart,70197,9.156496717,48.77013954,3,2512110931,,2512110932,,,,,,,,,,,1.0,2.0
-1639645104819799642-2512110848-17,7915,2512110933,,1,,S,,Weil der Stadt|Malmsheim|Renningen|Rutesheim|Leonberg|Höfingen|Ditzingen|Weilimdorf|Korntal|Neuwirtshaus(Porscheplatz)|Stuttgart-Zuffenhausen|Stuttgart-Feuerbach|Stuttgart Nord|Stuttgart Hbf (tief)|Stuttgart Stadtmitte|Stuttgart Feuersee,8006698,Stuttgart Schwabstraße,Baden-Württemberg,Stuttgart,70197,9.156496717,48.77013954,3,2512110938,,,,,,,,,,,c,,5.0,0.0
2766724167212026355-2512110910-13,28383,2512110943,,1,,S,,Marbach(Neckar)|Benningen(Neckar)|Freiberg(Neckar)|Favoritepark|Ludwigsburg|Kornwestheim Pbf|Stuttgart-Zuffenhausen|Stuttgart-Feuerbach|Stuttgart Nord|Stuttgart Hbf (tief)|Stuttgart Stadtmitte|Stuttgart Feuersee,8006698,Stuttgart Schwabstraße,Baden-Württemberg,Stuttgart,70197,9.156496717,48.77013954,3,2512110947,,,,h,1,Bauarbeiten,,,,,,,4.0,0.0
-737840219627554054-2512110947-1,28388,,2512110947,,,S,4,,8006698,Stuttgart Schwabstraße,Baden-Württemberg,Stuttgart,70197,9.156496717,48.77013954,3,,,2512110947,,h,1,Bauarbeiten,,,,,,,0.0,0.0
9177979391540237453-2512110937-1,28454,,2512110937,,,S,5,,8006698,Stuttgart Schwabstraße,Baden-Württemberg,Stuttgart,70197,9.156496717,48.77013954,3,,,2512110938,,,,,,,,,,,0.0,1.0
-8972942860695039210-2512110907-12,7519,2512110938,,1,,S,,Bietigheim-Bissingen|Tamm(Württ)|Asperg|Ludwigsburg|Kornwestheim Pbf|Stuttgart-Zuffenhausen|Stuttgart-Feuerbach|Stuttgart Nord|Stuttgart Hbf (tief)|Stuttgart Stadtmitte|Stuttgart Feuersee,8006698,Stuttgart Schwabstraße,Baden-Württemberg,Stuttgart,70197,9.156496717,48.77013954,3,2512110938,,,,,,,,,,,,,0.0,0.0
4947061045153235784-2512110818-17,7913,2512110903,,1,,S,,Weil der Stadt|Malmsheim|Renningen|Rutesheim|Leonberg|Höfingen|Ditzingen|Weilimdorf|Korntal|Neuwirtshaus(Porscheplatz)|Stuttgart-Zuffenhausen|Stuttgart-Feuerbach|Stuttgart Nord|Stuttgart Hbf (tief)|Stuttgart Stadtmitte|Stuttgart Feuersee,8006698,Stuttgart Schwabstraße,Baden-Württemberg,Stuttgart,70197,9.156496717,48.77013954,3,2512110903,,,,,,,,,,,,,0.0,0.0
-5056530606962501346-2512110922-10,28455,2512110949,2512110950,1,,S,5,Bietigheim-Bissingen|Tamm(Württ)|Asperg|Ludwigsburg|Kornwestheim Pbf|Stuttgart-Zuffenhausen|Stuttgart-Feuerbach|Stuttgart Nord|Stuttgart Hbf (tief),8006700,Stuttgart Stadtmitte,Baden-Württemberg,Stuttgart,70173,9.173046906,48.77632953,3,2512110951,,2512110951,,,,,,,,,,,2.0,1.0
6646559934352817209-2512110911-3,56097,2512110917,2512110917,1,,S,3,Stuttgart-Bad Cannstatt|Stuttgart Hbf (tief),8006700,Stuttgart Stadtmitte,Baden-Württemberg,Stuttgart,70173,9.173046906,48.77632953,3,2512110918,,2512110918,,,,,,,,,,,1.0,1.0
2988814004659936288-2512110820-16,7117,2512110907,2512110907,1,,S,1,Kirchheim(Teck)|Kirchheim(Teck)-Ötlingen|Wendlingen(Neckar)|Wernau(Neckar)|Plochingen|Altbach|Esslingen-Zell|Oberesslingen|Esslingen(Neckar)|Esslingen-Mettingen|Stuttgart-Obertürkheim|Stuttgart-Untertürkheim|Stuttgart Neckarpark|Stuttgart-Bad Cannstatt|Stuttgart Hbf (tief),8006700,Stuttgart Stadtmitte,Baden-Württemberg,Stuttgart,70173,9.173046906,48.77632953,3,2512110909,,2512110910,,h,1,Bauarbeiten,,,,,,,2.0,3.0
-2852454441264700711-2512110903-12,56016,2512110933,2512110933,2,,S,2,Filderstadt|Stuttgart Flughafen/Messe|Echterdingen|Leinfelden|Oberaichen|Stuttgart-Rohr|Stuttgart-Vaihingen|Stuttgart-Österfeld|Stuttgart Universität|Stuttgart Schwabstr.|Stuttgart Feuersee,8006700,Stuttgart Stadtmitte,Baden-Württemberg,Stuttgart,70173,9.173046906,48.77632953,3,2512110934,,2512110935,,,,,,,,,,,1.0,2.0
2188934342571090911-2512110852-10,28453,2512110919,2512110920,1,,S,5,Bietigheim-Bissingen|Tamm(Württ)|Asperg|Ludwigsburg|Kornwestheim Pbf|Stuttgart-Zuffenhausen|Stuttgart-Feuerbach|Stuttgart Nord|Stuttgart Hbf (tief),8006700,Stuttgart Stadtmitte,Baden-Württemberg,Stuttgart,70173,9.173046906,48.77632953,3,2512110922,,2512110923,,,,,,,,,,,3.0,3.0
-694433010054514515-2512110912-3,7616,2512110915,2512110916,2,,S,6,Stuttgart Schwabstr.|Stuttgart Feuersee,8006700,Stuttgart Stadtmitte,Baden-Württemberg,Stuttgart,70173,9.173046906,48.77632953,3,2512110920,,2512110920,,,,,,,,,,,5.0,4.0
-2251328924682584980-2512110942-3,7618,2512110945,2512110946,2,,S,6,Stuttgart Schwabstr.|Stuttgart Feuersee,8006700,Stuttgart Stadtmitte,Baden-Württemberg,Stuttgart,70173,9.173046906,48.77632953,3,2512110949,,2512110950,,,,,,,,,c,c,4.0,4.0
5157345720701941926-2512110833-12,56014,2512110903,2512110903,2,,S,2,Filderstadt|Stuttgart Flughafen/Messe|Echterdingen|Leinfelden|Oberaichen|Stuttgart-Rohr|Stuttgart-Vaihingen|Stuttgart-Österfeld|Stuttgart Universität|Stuttgart Schwabstr.|Stuttgart Feuersee,8006700,Stuttgart Stadtmitte,Baden-Württemberg,Stuttgart,70173,9.173046906,48.77632953,3,2512110908,,2512110908,,,,,,,,,,,5.0,5.0
-4779453800620886648-2512110916-14,7120,2512110953,2512110953,2,,S,1,Herrenberg|Nufringen|Gärtringen|Ehningen(b Böblingen)|Hulb|Böblingen|Goldberg(Württ)|Stuttgart-Rohr|Stuttgart-Vaihingen|Stuttgart-Österfeld|Stuttgart Universität|Stuttgart Schwabstr.|Stuttgart Feuersee,8006700,Stuttgart Stadtmitte,Baden-Württemberg,Stuttgart,70173,9.173046906,48.77632953,3,2512110958,,2512110958,,h,1,Bauarbeiten,,,,,,,5.0,5.0
-2805247502729306800-2512110925-11,7419,2512110954,2512110955,1,,S,4,Marbach(Neckar)|Benningen(Neckar)|Freiberg(Neckar)|Favoritepark|Ludwigsburg|Kornwestheim Pbf|Stuttgart-Zuffenhausen|Stuttgart-Feuerbach|Stuttgart Nord|Stuttgart Hbf (tief),8006700,Stuttgart Stadtmitte,Baden-Württemberg,Stuttgart,70173,9.173046906,48.77632953,3,2512110955,,2512110956,,h,1,Bauarbeiten,,,,,,,1.0,1.0
6651422081053397042-2512110857-3,7920,2512110900,2512110901,2,,S,6,Stuttgart Schwabstr.|Stuttgart Feuersee,8006700,Stuttgart Stadtmitte,Baden-Württemberg,Stuttgart,70173,9.173046906,48.77632953,3,2512110901,,2512110902,,,,,,,,,,,1.0,1.0
-487462683627217646-2512110941-3,56099,2512110947,2512110947,1,,S,3,Stuttgart-Bad Cannstatt|Stuttgart Hbf (tief),8006700,Stuttgart Stadtmitte,Baden-Württemberg,Stuttgart,70173,9.173046906,48.77632953,3,2512110947,,2512110948,,,,,,,,,,,0.0,1.0
-3832940569846018712-2512110927-3,7022,2512110930,2512110931,2,,S,60,Stuttgart Schwabstr.|Stuttgart Feuersee,8006700,Stuttgart Stadtmitte,Baden-Württemberg,Stuttgart,70173,9.173046906,48.77632953,3,2512110932,,2512110933,,,,,,,,,,,2.0,2.0
-3576552835933518344-2512110927-3,7922,2512110930,2512110931,2,,S,6,Stuttgart Schwabstr.|Stuttgart Feuersee,8006700,Stuttgart Stadtmitte,Baden-Württemberg,Stuttgart,70173,9.173046906,48.77632953,3,2512110932,,2512110933,,,,,,,,,,,2.0,2.0
-3682815568361595216-2512110922-3,7518,2512110925,2512110926,2,,S,5,Stuttgart Schwabstr.|Stuttgart Feuersee,8006700,Stuttgart Stadtmitte,Baden-Württemberg,Stuttgart,70173,9.173046906,48.77632953,3,2512110930,,2512110930,,,,,,,,,,,5.0,4.0
736947574749107832-2512110917-3,28386,2512110920,2512110921,2,,S,4,Stuttgart Schwabstr.|Stuttgart Feuersee,8006700,Stuttgart Stadtmitte,Baden-Württemberg,Stuttgart,70173,9.173046906,48.77632953,3,2512110922,,2512110923,,h,1,Bauarbeiten,,,,,,,2.0,2.0
5803573868774258182-2512110833-15,7617,2512110914,2512110915,1,,S,6,Weil der Stadt|Malmsheim|Renningen|Rutesheim|Leonberg|Höfingen|Ditzingen|Weilimdorf|Korntal|Neuwirtshaus(Porscheplatz)|Stuttgart-Zuffenhausen|Stuttgart-Feuerbach|Stuttgart Nord|Stuttgart Hbf (tief),8006700,Stuttgart Stadtmitte,Baden-Württemberg,Stuttgart,70173,9.173046906,48.77632953,3,2512110916,,2512110916,,,,,,,,,,,2.0,1.0
5640394364462713941-2512110952-3,7520,2512110955,2512110956,2,,S,5,Stuttgart Schwabstr.|Stuttgart Feuersee,8006700,Stuttgart Stadtmitte,Baden-Württemberg,Stuttgart,70173,9.173046906,48.77632953,3,2512110955,,2512110956,,,,,,,,,,,0.0,0.0
3232158515646974756-2512110932-3,7416,2512110935,2512110936,2,,S,4,Stuttgart Schwabstr.|Stuttgart Feuersee,8006700,Stuttgart Stadtmitte,Baden-Württemberg,Stuttgart,70173,9.173046906,48.77632953,3,2512110937,,2512110938,,h,1,Bauarbeiten,,,,,,,2.0,2.0
-2232522451867967971-2512110907-3,28452,2512110910,2512110911,2,,S,5,Stuttgart Schwabstr.|Stuttgart Feuersee,8006700,Stuttgart Stadtmitte,Baden-Württemberg,Stuttgart,70173,9.173046906,48.77632953,3,2512110917,,2512110918,,,,,,,,,,,7.0,7.0
-1556136570494019483-2512110855-11,7417,2512110924,2512110925,1,,S,4,Marbach(Neckar)|Benningen(Neckar)|Freiberg(Neckar)|Favoritepark|Ludwigsburg|Kornwestheim Pbf|Stuttgart-Zuffenhausen|Stuttgart-Feuerbach|Stuttgart Nord|Stuttgart Hbf (tief),8006700,Stuttgart Stadtmitte,Baden-Württemberg,Stuttgart,70173,9.173046906,48.77632953,3,2512110925,,2512110925,,h,1,Bauarbeiten,,,,,,,1.0,0.0
-3441789533908263347-2512110850-16,7119,2512110937,2512110937,1,,S,1,Kirchheim(Teck)|Kirchheim(Teck)-Ötlingen|Wendlingen(Neckar)|Wernau(Neckar)|Plochingen|Altbach|Esslingen-Zell|Oberesslingen|Esslingen(Neckar)|Esslingen-Mettingen|Stuttgart-Obertürkheim|Stuttgart-Untertürkheim|Stuttgart Neckarpark|Stuttgart-Bad Cannstatt|Stuttgart Hbf (tief),8006700,Stuttgart Stadtmitte,Baden-Württemberg,Stuttgart,70173,9.173046906,48.77632953,3,2512110940,,2512110941,,h,1,Bauarbeiten,,,,,,,3.0,4.0
7736550375637449474-2512110848-11,56096,2512110913,2512110913,2,,S,3,Stuttgart Flughafen/Messe|Echterdingen|Leinfelden|Oberaichen|Stuttgart-Rohr|Stuttgart-Vaihingen|Stuttgart-Österfeld|Stuttgart Universität|Stuttgart Schwabstr.|Stuttgart Feuersee,8006700,Stuttgart Stadtmitte,Baden-Württemberg,Stuttgart,70173,9.173046906,48.77632953,3,2512110914,,2512110914,,,,,,,,,,,1.0,1.0
5029336644743586028-2512110904-19,7017,2512110959,2512111000,1,,S,60,Böblingen|Sindelfingen|Maichingen|Maichingen Nord|Magstadt|Renningen Süd|Renningen|Rutesheim|Leonberg|Höfingen|Ditzingen|Weilimdorf|Korntal|Neuwirtshaus(Porscheplatz)|Stuttgart-Zuffenhausen|Stuttgart-Feuerbach|Stuttgart Nord|Stuttgart Hbf (tief),8006700,Stuttgart Stadtmitte,Baden-Württemberg,Stuttgart,70173,9.173046906,48.77632953,3,2512111009,,2512111010,,,,,,,,,,,10.0,10.0
-73934676157046898-2512110918-15,7917,2512110959,2512111000,1,,S,6,Weil der Stadt|Malmsheim|Renningen|Rutesheim|Leonberg|Höfingen|Ditzingen|Weilimdorf|Korntal|Neuwirtshaus(Porscheplatz)|Stuttgart-Zuffenhausen|Stuttgart-Feuerbach|Stuttgart Nord|Stuttgart Hbf (tief),8006700,Stuttgart Stadtmitte,Baden-Württemberg,Stuttgart,70173,9.173046906,48.77632953,3,2512111009,,2512111010,,,,,,,,,,,10.0,10.0
6067543006118062641-2512110840-11,28381,2512110909,2512110910,1,,S,4,Marbach(Neckar)|Benningen(Neckar)|Freiberg(Neckar)|Favoritepark|Ludwigsburg|Kornwestheim Pbf|Stuttgart-Zuffenhausen|Stuttgart-Feuerbach|Stuttgart Nord|Stuttgart Hbf (tief),8006700,Stuttgart Stadtmitte,Baden-Württemberg,Stuttgart,70173,9.173046906,48.77632953,3,2512110912,,2512110913,,h,1,Bauarbeiten,,,,,,,3.0,3.0
7041657828114384791-2512110918-11,56098,2512110943,2512110943,2,,S,3,Stuttgart Flughafen/Messe|Echterdingen|Leinfelden|Oberaichen|Stuttgart-Rohr|Stuttgart-Vaihingen|Stuttgart-Österfeld|Stuttgart Universität|Stuttgart Schwabstr.|Stuttgart Feuersee,8006700,Stuttgart Stadtmitte,Baden-Württemberg,Stuttgart,70173,9.173046906,48.77632953,3,,,,,,,,,,,,c,c,0.0,0.0
1745837345724546602-2512110903-15,7619,2512110944,2512110945,1,,S,6,Weil der Stadt|Malmsheim|Renningen|Rutesheim|Leonberg|Höfingen|Ditzingen|Weilimdorf|Korntal|Neuwirtshaus(Porscheplatz)|Stuttgart-Zuffenhausen|Stuttgart-Feuerbach|Stuttgart Nord|Stuttgart Hbf (tief),8006700,Stuttgart Stadtmitte,Baden-Württemberg,Stuttgart,70173,9.173046906,48.77632953,3,2512110945,,2512110946,,,,,,,,,,,1.0,1.0
-657478549015358641-2512110902-3,7414,2512110905,2512110906,2,,S,4,Stuttgart Schwabstr.|Stuttgart Feuersee,8006700,Stuttgart Stadtmitte,Baden-Württemberg,Stuttgart,70173,9.173046906,48.77632953,3,2512110911,,2512110912,,h,1,Bauarbeiten,,,,,,,6.0,6.0
1645171848470015195-2512110846-14,7118,2512110923,2512110923,2,,S,1,Herrenberg|Nufringen|Gärtringen|Ehningen(b Böblingen)|Hulb|Böblingen|Goldberg(Württ)|Stuttgart-Rohr|Stuttgart-Vaihingen|Stuttgart-Österfeld|Stuttgart Universität|Stuttgart Schwabstr.|Stuttgart Feuersee,8006700,Stuttgart Stadtmitte,Baden-Württemberg,Stuttgart,70173,9.173046906,48.77632953,3,2512110927,,2512110928,,h,1,Bauarbeiten,,,,,,,4.0,5.0
-1072643669346294455-2512110837-10,7517,2512110904,2512110905,1,,S,5,Bietigheim-Bissingen|Tamm(Württ)|Asperg|Ludwigsburg|Kornwestheim Pbf|Stuttgart-Zuffenhausen|Stuttgart-Feuerbach|Stuttgart Nord|Stuttgart Hbf (tief),8006700,Stuttgart Stadtmitte,Baden-Württemberg,Stuttgart,70173,9.173046906,48.77632953,3,2512110906,,2512110906,,,,,,,,,,,2.0,1.0
9174048015743328640-2512110834-19,7015,2512110929,2512110930,1,,S,60,Böblingen|Sindelfingen|Maichingen|Maichingen Nord|Magstadt|Renningen Süd|Renningen|Rutesheim|Leonberg|Höfingen|Ditzingen|Weilimdorf|Korntal|Neuwirtshaus(Porscheplatz)|Stuttgart-Zuffenhausen|Stuttgart-Feuerbach|Stuttgart Nord|Stuttgart Hbf (tief),8006700,Stuttgart Stadtmitte,Baden-Württemberg,Stuttgart,70173,9.173046906,48.77632953,3,2512110934,,2512110935,,,,,,,,,c,c,5.0,5.0
7558420737718355302-2512110804-19,7013,2512110859,2512110900,1,,S,60,Böblingen|Sindelfingen|Maichingen|Maichingen Nord|Magstadt|Renningen Süd|Renningen|Rutesheim|Leonberg|Höfingen|Ditzingen|Weilimdorf|Korntal|Neuwirtshaus(Porscheplatz)|Stuttgart-Zuffenhausen|Stuttgart-Feuerbach|Stuttgart Nord|Stuttgart Hbf (tief),8006700,Stuttgart Stadtmitte,Baden-Württemberg,Stuttgart,70173,9.173046906,48.77632953,3,2512110900,,2512110900,,,,,,,,,,,1.0,0.0
7777385061942298465-2512110921-3,56019,2512110927,2512110927,1,,S,2,Stuttgart-Bad Cannstatt|Stuttgart Hbf (tief),8006700,Stuttgart Stadtmitte,Baden-Württemberg,Stuttgart,70173,9.173046906,48.77632953,3,2512110928,,2512110928,,,,,,,,,,,1.0,1.0
-1639645104819799642-2512110848-15,7915,2512110929,2512110930,1,,S,6,Weil der Stadt|Malmsheim|Renningen|Rutesheim|Leonberg|Höfingen|Ditzingen|Weilimdorf|Korntal|Neuwirtshaus(Porscheplatz)|Stuttgart-Zuffenhausen|Stuttgart-Feuerbach|Stuttgart Nord|Stuttgart Hbf (tief),8006700,Stuttgart Stadtmitte,Baden-Württemberg,Stuttgart,70173,9.173046906,48.77632953,3,2512110934,,2512110935,,,,,,,,,c,c,5.0,5.0
-3072320996537178038-2512110951-3,56021,2512110957,2512110957,1,,S,2,Stuttgart-Bad Cannstatt|Stuttgart Hbf (tief),8006700,Stuttgart Stadtmitte,Baden-Württemberg,Stuttgart,70173,9.173046906,48.77632953,3,2512110959,,2512111000,,,,,,,,,,,2.0,3.0
2766724167212026355-2512110910-11,28383,2512110939,2512110940,1,,S,4,Marbach(Neckar)|Benningen(Neckar)|Freiberg(Neckar)|Favoritepark|Ludwigsburg|Kornwestheim Pbf|Stuttgart-Zuffenhausen|Stuttgart-Feuerbach|Stuttgart Nord|Stuttgart Hbf (tief),8006700,Stuttgart Stadtmitte,Baden-Württemberg,Stuttgart,70173,9.173046906,48.77632953,3,2512110943,,2512110943,,h,1,Bauarbeiten,,,,,,,4.0,3.0
-737840219627554054-2512110947-3,28388,2512110950,2512110951,2,,S,4,Stuttgart Schwabstr.|Stuttgart Feuersee,8006700,Stuttgart Stadtmitte,Baden-Württemberg,Stuttgart,70173,9.173046906,48.77632953,3,2512110950,,2512110951,,h,1,Bauarbeiten,,,,,,,0.0,0.0
9177979391540237453-2512110937-3,28454,2512110940,2512110941,2,,S,5,Stuttgart Schwabstr.|Stuttgart Feuersee,8006700,Stuttgart Stadtmitte,Baden-Württemberg,Stuttgart,70173,9.173046906,48.77632953,3,2512110940,,2512110941,,,,,,,,,,,0.0,0.0
7166908817617232037-2512110857-3,7020,2512110900,2512110901,2,,S,60,Stuttgart Schwabstr.|Stuttgart Feuersee,8006700,Stuttgart Stadtmitte,Baden-Württemberg,Stuttgart,70173,9.173046906,48.77632953,3,2512110901,,2512110902,,,,,,,,,,,1.0,1.0
-8972942860695039210-2512110907-10,7519,2512110934,2512110935,1,,S,5,Bietigheim-Bissingen|Tamm(Württ)|Asperg|Ludwigsburg|Kornwestheim Pbf|Stuttgart-Zuffenhausen|Stuttgart-Feuerbach|Stuttgart Nord|Stuttgart Hbf (tief),8006700,Stuttgart Stadtmitte,Baden-Württemberg,Stuttgart,70173,9.173046906,48.77632953,3,2512110934,,2512110935,,,,,,,,,,,0.0,0.0
4947061045153235784-2512110818-15,7913,2512110859,2512110900,1,,S,6,Weil der Stadt|Malmsheim|Renningen|Rutesheim|Leonberg|Höfingen|Ditzingen|Weilimdorf|Korntal|Neuwirtshaus(Porscheplatz)|Stuttgart-Zuffenhausen|Stuttgart-Feuerbach|Stuttgart Nord|Stuttgart Hbf (tief),8006700,Stuttgart Stadtmitte,Baden-Württemberg,Stuttgart,70173,9.173046906,48.77632953,3,2512110900,,2512110900,,,,,,,,,,,1.0,0.0
4731050731424122758-2512110816-18,7116,2512110904,2512110904,6,,S,1,Herrenberg|Nufringen|Gärtringen|Ehningen(b Böblingen)|Hulb|Böblingen|Goldberg(Württ)|Stuttgart-Rohr|Stuttgart-Vaihingen|Stuttgart-Österfeld|Stuttgart Universität|Stuttgart Schwabstr.|Stuttgart Feuersee|Stuttgart Stadtmitte|Stuttgart Hbf (tief)|Stuttgart-Bad Cannstatt|Stuttgart Neckarpark,8005775,Stuttgart-Untertürkheim Pbf,Baden-Württemberg,Stuttgart,70327,9.250467074,48.77984679,3,2512110919,,2512110920,,h,1,Bauarbeiten,,,,,,,15.0,16.0
-1847498060052889012-2512110920-12,7121,2512110955,2512110955,5,,S,1,Kirchheim(Teck)|Kirchheim(Teck)-Ötlingen|Wendlingen(Neckar)|Wernau(Neckar)|Plochingen|Altbach|Esslingen-Zell|Oberesslingen|Esslingen(Neckar)|Esslingen-Mettingen|Stuttgart-Obertürkheim,8005775,Stuttgart-Untertürkheim Pbf,Baden-Württemberg,Stuttgart,70327,9.250467074,48.77984679,3,2512110958,,2512110958,,h,1,Bauarbeiten,,,,,,,3.0,3.0
-3441789533908263347-2512110850-12,7119,2512110925,2512110925,5,,S,1,Kirchheim(Teck)|Kirchheim(Teck)-Ötlingen|Wendlingen(Neckar)|Wernau(Neckar)|Plochingen|Altbach|Esslingen-Zell|Oberesslingen|Esslingen(Neckar)|Esslingen-Mettingen|Stuttgart-Obertürkheim,8005775,Stuttgart-Untertürkheim Pbf,Baden-Württemberg,Stuttgart,70327,9.250467074,48.77984679,3,2512110927,,2512110929,,h,1,Bauarbeiten,,,,,,,2.0,4.0
1645171848470015195-2512110846-18,7118,2512110934,2512110934,6,,S,1,Herrenberg|Nufringen|Gärtringen|Ehningen(b Böblingen)|Hulb|Böblingen|Goldberg(Württ)|Stuttgart-Rohr|Stuttgart-Vaihingen|Stuttgart-Österfeld|Stuttgart Universität|Stuttgart Schwabstr.|Stuttgart Feuersee|Stuttgart Stadtmitte|Stuttgart Hbf (tief)|Stuttgart-Bad Cannstatt|Stuttgart Neckarpark,8005775,Stuttgart-Untertürkheim Pbf,Baden-Württemberg,Stuttgart,70327,9.250467074,48.77984679,3,2512110940,,2512110941,,h,1,Bauarbeiten,,,,,,,6.0,7.0
6646559934352817209-2512110911-8,56097,2512110929,2512110930,2,,S,3,Stuttgart-Bad Cannstatt|Stuttgart Hbf (tief)|Stuttgart Stadtmitte|Stuttgart Feuersee|Stuttgart Schwabstr.|Stuttgart Universität|Stuttgart-Österfeld,8005776,Stuttgart-Vaihingen,Baden-Württemberg,Stuttgart,70563,9.113913368,48.72698116,3,2512110931,,2512110931,,,,,,,,,,,2.0,1.0
2988814004659936288-2512110820-21,7117,2512110919,2512110920,1,,S,1,Kirchheim(Teck)|Kirchheim(Teck)-Ötlingen|Wendlingen(Neckar)|Wernau(Neckar)|Plochingen|Altbach|Esslingen-Zell|Oberesslingen|Esslingen(Neckar)|Esslingen-Mettingen|Stuttgart-Obertürkheim|Stuttgart-Untertürkheim|Stuttgart Neckarpark|Stuttgart-Bad Cannstatt|Stuttgart Hbf (tief)|Stuttgart Stadtmitte|Stuttgart Feuersee|Stuttgart Schwabstr.|Stuttgart Universität|Stuttgart-Österfeld,8005776,Stuttgart-Vaihingen,Baden-Württemberg,Stuttgart,70563,9.113913368,48.72698116,3,2512110921,,2512110922,,h,1,Bauarbeiten,,,,,,,2.0,2.0
-2852454441264700711-2512110903-7,56016,2512110920,2512110920,3,,S,2,Filderstadt|Stuttgart Flughafen/Messe|Echterdingen|Leinfelden|Oberaichen|Stuttgart-Rohr,8005776,Stuttgart-Vaihingen,Baden-Württemberg,Stuttgart,70563,9.113913368,48.72698116,3,2512110920,,2512110920,,,,,,,,,,,0.0,0.0
-8037425331994198780-2512110851-8,56017,2512110909,2512110910,2,,S,2,Stuttgart-Bad Cannstatt|Stuttgart Hbf (tief)|Stuttgart Stadtmitte|Stuttgart Feuersee|Stuttgart Schwabstr.|Stuttgart Universität|Stuttgart-Österfeld,8005776,Stuttgart-Vaihingen,Baden-Württemberg,Stuttgart,70563,9.113913368,48.72698116,3,2512110909,,2512110910,,,,,,,,,,,0.0,0.0
-4779453800620886648-2512110916-9,7120,2512110940,2512110940,3,,S,1,Herrenberg|Nufringen|Gärtringen|Ehningen(b Böblingen)|Hulb|Böblingen|Goldberg(Württ)|Stuttgart-Rohr,8005776,Stuttgart-Vaihingen,Baden-Württemberg,Stuttgart,70563,9.113913368,48.72698116,3,2512110944,,2512110945,,h,1,Bauarbeiten,,,,,,,4.0,5.0
-1939940434765765785-2512110904-5,7716,2512110925,,3,,S,,Herrenberg|Böblingen|Goldberg(Württ)|Stuttgart-Rohr,8005776,Stuttgart-Vaihingen,Baden-Württemberg,Stuttgart,70563,9.113913368,48.72698116,3,2512110925,6,,,h,1,Bauarbeiten,,,,,,,0.0,0.0
6607066274476454956-2512110935-1,7719,,2512110935,,,S,1,,8005776,Stuttgart-Vaihingen,Baden-Württemberg,Stuttgart,70563,9.113913368,48.72698116,3,,,2512110935,,h,1,Bauarbeiten,,,,,,,0.0,0.0
-487462683627217646-2512110941-8,56099,2512110959,2512111000,2,,S,3,Stuttgart-Bad Cannstatt|Stuttgart Hbf (tief)|Stuttgart Stadtmitte|Stuttgart Feuersee|Stuttgart Schwabstr.|Stuttgart Universität|Stuttgart-Österfeld,8005776,Stuttgart-Vaihingen,Baden-Württemberg,Stuttgart,70563,9.113913368,48.72698116,3,2512111000,,2512111001,,,,,,,,,,,1.0,1.0
-5030075529357427279-2512110841-8,56095,2512110859,2512110900,2,,S,3,Stuttgart-Bad Cannstatt|Stuttgart Hbf (tief)|Stuttgart Stadtmitte|Stuttgart Feuersee|Stuttgart Schwabstr.|Stuttgart Universität|Stuttgart-Österfeld,8005776,Stuttgart-Vaihingen,Baden-Württemberg,Stuttgart,70563,9.113913368,48.72698116,3,,,,,,,,,,,,c,c,0.0,0.0
-3441789533908263347-2512110850-21,7119,2512110949,2512110950,1,,S,1,Kirchheim(Teck)|Kirchheim(Teck)-Ötlingen|Wendlingen(Neckar)|Wernau(Neckar)|Plochingen|Altbach|Esslingen-Zell|Oberesslingen|Esslingen(Neckar)|Esslingen-Mettingen|Stuttgart-Obertürkheim|Stuttgart-Untertürkheim|Stuttgart Neckarpark|Stuttgart-Bad Cannstatt|Stuttgart Hbf (tief)|Stuttgart Stadtmitte|Stuttgart Feuersee|Stuttgart Schwabstr.|Stuttgart Universität|Stuttgart-Österfeld,8005776,Stuttgart-Vaihingen,Baden-Württemberg,Stuttgart,70563,9.113913368,48.72698116,3,2512110955,,2512110956,,h,1,Bauarbeiten,,,,,,,6.0,6.0
7736550375637449474-2512110848-6,56096,2512110900,2512110900,3,,S,3,Stuttgart Flughafen/Messe|Echterdingen|Leinfelden|Oberaichen|Stuttgart-Rohr,8005776,Stuttgart-Vaihingen,Baden-Württemberg,Stuttgart,70563,9.113913368,48.72698116,3,2512110902,,2512110902,,,,,,,,,,,2.0,2.0
6586635698842149002-2512110931-9,7718,2512110955,,3,,S,,Herrenberg|Nufringen|Gärtringen|Ehningen(b Böblingen)|Hulb|Böblingen|Goldberg(Württ)|Stuttgart-Rohr,8005776,Stuttgart-Vaihingen,Baden-Württemberg,Stuttgart,70563,9.113913368,48.72698116,3,2512110956,6,,,h,1,Bauarbeiten,,,,,,,1.0,0.0
7041657828114384791-2512110918-6,56098,2512110930,2512110930,3,,S,3,Stuttgart Flughafen/Messe|Echterdingen|Leinfelden|Oberaichen|Stuttgart-Rohr,8005776,Stuttgart-Vaihingen,Baden-Württemberg,Stuttgart,70563,9.113913368,48.72698116,3,,,,,,,,,,,,c,c,0.0,0.0
1645171848470015195-2512110846-9,7118,2512110910,2512110910,3,,S,1,Herrenberg|Nufringen|Gärtringen|Ehningen(b Böblingen)|Hulb|Böblingen|Goldberg(Württ)|Stuttgart-Rohr,8005776,Stuttgart-Vaihingen,Baden-Württemberg,Stuttgart,70563,9.113913368,48.72698116,3,2512110913,,2512110915,,h,1,Bauarbeiten,,,,,,,3.0,5.0
1082085063048100741-2512110933-7,56018,2512110950,2512110950,3,,S,2,Filderstadt|Stuttgart Flughafen/Messe|Echterdingen|Leinfelden|Oberaichen|Stuttgart-Rohr,8005776,Stuttgart-Vaihingen,Baden-Württemberg,Stuttgart,70563,9.113913368,48.72698116,3,2512110950,,2512110950,,,,,,,,,,,0.0,0.0
7777385061942298465-2512110921-8,56019,2512110939,2512110940,2,,S,2,Stuttgart-Bad Cannstatt|Stuttgart Hbf (tief)|Stuttgart Stadtmitte|Stuttgart Feuersee|Stuttgart Schwabstr.|Stuttgart Universität|Stuttgart-Österfeld,8005776,Stuttgart-Vaihingen,Baden-Württemberg,Stuttgart,70563,9.113913368,48.72698116,3,2512110940,,2512110941,,,,,,,,,,,1.0,1.0
5827144649628113960-2512110905-1,7717,,2512110905,,,S,1,,8005776,Stuttgart-Vaihingen,Baden-Württemberg,Stuttgart,70563,9.113913368,48.72698116,3,,,2512110905,,h,1,Bauarbeiten,,,,,,,0.0,0.0
-694433010054514515-2512110912-10,7616,2512110933,2512110933,1,,S,6,Stuttgart Schwabstr.|Stuttgart Feuersee|Stuttgart Stadtmitte|Stuttgart Hbf (tief)|Stuttgart Nord|Stuttgart-Feuerbach|Stuttgart-Zuffenhausen|Neuwirtshaus(Porscheplatz)|Korntal,8006268,Stuttgart-Weilimdorf,Baden-Württemberg,Stuttgart,70499,9.094370086,48.82208429,5,2512110936,,2512110937,,,,,,,,,,,3.0,4.0
6651422081053397042-2512110857-10,7920,2512110918,2512110918,1,,S,6,Stuttgart Schwabstr.|Stuttgart Feuersee|Stuttgart Stadtmitte|Stuttgart Hbf (tief)|Stuttgart Nord|Stuttgart-Feuerbach|Stuttgart-Zuffenhausen|Neuwirtshaus(Porscheplatz)|Korntal,8006268,Stuttgart-Weilimdorf,Baden-Württemberg,Stuttgart,70499,9.094370086,48.82208429,5,2512110918,,2512110918,,,,,,,,,,,0.0,0.0
-3832940569846018712-2512110927-10,7022,2512110948,2512110948,1,,S,60,Stuttgart Schwabstr.|Stuttgart Feuersee|Stuttgart Stadtmitte|Stuttgart Hbf (tief)|Stuttgart Nord|Stuttgart-Feuerbach|Stuttgart-Zuffenhausen|Neuwirtshaus(Porscheplatz)|Korntal,8006268,Stuttgart-Weilimdorf,Baden-Württemberg,Stuttgart,70499,9.094370086,48.82208429,5,2512110951,,2512110951,,,,,,,,,,,3.0,3.0
-3576552835933518344-2512110927-10,7922,2512110948,2512110948,1,,S,6,Stuttgart Schwabstr.|Stuttgart Feuersee|Stuttgart Stadtmitte|Stuttgart Hbf (tief)|Stuttgart Nord|Stuttgart-Feuerbach|Stuttgart-Zuffenhausen|Neuwirtshaus(Porscheplatz)|Korntal,8006268,Stuttgart-Weilimdorf,Baden-Württemberg,Stuttgart,70499,9.094370086,48.82208429,5,2512110951,,2512110951,,,,,,,,,,,3.0,3.0
-2920830109344667445-2512110933-8,7621,2512110956,2512110956,2,,S,6,Weil der Stadt|Malmsheim|Renningen|Rutesheim|Leonberg|Höfingen|Ditzingen,8006268,Stuttgart-Weilimdorf,Baden-Württemberg,Stuttgart,70499,9.094370086,48.82208429,5,2512110956,,2512110956,,,,,,,,,,,0.0,0.0
5029336644743586028-2512110904-12,7017,2512110941,2512110941,2,,S,60,Böblingen|Sindelfingen|Maichingen|Maichingen Nord|Magstadt|Renningen Süd|Renningen|Rutesheim|Leonberg|Höfingen|Ditzingen,8006268,Stuttgart-Weilimdorf,Baden-Württemberg,Stuttgart,70499,9.094370086,48.82208429,5,2512110947,,2512110947,,,,,,,,,,,6.0,6.0
-73934676157046898-2512110918-8,7917,2512110941,2512110941,2,,S,6,Weil der Stadt|Malmsheim|Renningen|Rutesheim|Leonberg|Höfingen|Ditzingen,8006268,Stuttgart-Weilimdorf,Baden-Württemberg,Stuttgart,70499,9.094370086,48.82208429,5,2512110947,,2512110947,,,,,,,,,,,6.0,6.0
1745837345724546602-2512110903-8,7619,2512110926,2512110926,2,,S,6,Weil der Stadt|Malmsheim|Renningen|Rutesheim|Leonberg|Höfingen|Ditzingen,8006268,Stuttgart-Weilimdorf,Baden-Württemberg,Stuttgart,70499,9.094370086,48.82208429,5,2512110927,,2512110927,,,,,,,,,,,1.0,1.0
9174048015743328640-2512110834-12,7015,2512110911,2512110911,2,,S,60,Böblingen|Sindelfingen|Maichingen|Maichingen Nord|Magstadt|Renningen Süd|Renningen|Rutesheim|Leonberg|Höfingen|Ditzingen,8006268,Stuttgart-Weilimdorf,Baden-Württemberg,Stuttgart,70499,9.094370086,48.82208429,5,2512110917,,2512110917,,,,,,,,,,,6.0,6.0
-1639645104819799642-2512110848-8,7915,2512110911,2512110911,2,,S,6,Weil der Stadt|Malmsheim|Renningen|Rutesheim|Leonberg|Höfingen|Ditzingen,8006268,Stuttgart-Weilimdorf,Baden-Württemberg,Stuttgart,70499,9.094370086,48.82208429,5,2512110917,,2512110917,,,,,,,,,,,6.0,6.0
5905606049501073542-2512110842-10,7614,2512110903,2512110903,1,,S,6,Stuttgart Schwabstr.|Stuttgart Feuersee|Stuttgart Stadtmitte|Stuttgart Hbf (tief)|Stuttgart Nord|Stuttgart-Feuerbach|Stuttgart-Zuffenhausen|Neuwirtshaus(Porscheplatz)|Korntal,8006268,Stuttgart-Weilimdorf,Baden-Württemberg,Stuttgart,70499,9.094370086,48.82208429,5,2512110904,,2512110904,,,,,,,,,,,1.0,1.0
7166908817617232037-2512110857-10,7020,2512110918,2512110918,1,,S,60,Stuttgart Schwabstr.|Stuttgart Feuersee|Stuttgart Stadtmitte|Stuttgart Hbf (tief)|Stuttgart Nord|Stuttgart-Feuerbach|Stuttgart-Zuffenhausen|Neuwirtshaus(Porscheplatz)|Korntal,8006268,Stuttgart-Weilimdorf,Baden-Württemberg,Stuttgart,70499,9.094370086,48.82208429,5,2512110918,,2512110918,,,,,,,,,,,0.0,0.0
-5056530606962501346-2512110922-6,28455,2512110938,2512110939,2,,S,5,Bietigheim-Bissingen|Tamm(Württ)|Asperg|Ludwigsburg|Kornwestheim Pbf,8005778,Stuttgart-Zuffenhausen,Baden-Württemberg,Stuttgart,70435,9.167156375,48.82960884,3,2512110939,,2512110940,,,,,,,,,,,1.0,1.0
2383309551233687619-2512110937-6,7521,2512110953,2512110954,2,,S,5,Bietigheim-Bissingen|Tamm(Württ)|Asperg|Ludwigsburg|Kornwestheim Pbf,8005778,Stuttgart-Zuffenhausen,Baden-Württemberg,Stuttgart,70435,9.167156375,48.82960884,3,2512110953,,2512110954,,,,,,,,,,,0.0,0.0
5359158750246677389-2512110847-7,28384,2512110901,2512110902,4,,S,4,Stuttgart Schwabstr.|Stuttgart Feuersee|Stuttgart Stadtmitte|Stuttgart Hbf (tief)|Stuttgart Nord|Stuttgart-Feuerbach,8005778,Stuttgart-Zuffenhausen,Baden-Württemberg,Stuttgart,70435,9.167156375,48.82960884,3,2512110901,,2512110902,,h,1,Bauarbeiten,,,,,,,0.0,0.0
2188934342571090911-2512110852-6,28453,2512110908,2512110909,2,,S,5,Bietigheim-Bissingen|Tamm(Württ)|Asperg|Ludwigsburg|Kornwestheim Pbf,8005778,Stuttgart-Zuffenhausen,Baden-Württemberg,Stuttgart,70435,9.167156375,48.82960884,3,2512110911,,2512110912,,,,,,,,,,,3.0,3.0
-694433010054514515-2512110912-7,7616,2512110926,2512110927,11,,S,6,Stuttgart Schwabstr.|Stuttgart Feuersee|Stuttgart Stadtmitte|Stuttgart Hbf (tief)|Stuttgart Nord|Stuttgart-Feuerbach,8005778,Stuttgart-Zuffenhausen,Baden-Württemberg,Stuttgart,70435,9.167156375,48.82960884,3,2512110930,,2512110931,,,,,,,,,,,4.0,4.0
-2251328924682584980-2512110942-7,7618,2512110956,2512110957,11,,S,6,Stuttgart Schwabstr.|Stuttgart Feuersee|Stuttgart Stadtmitte|Stuttgart Hbf (tief)|Stuttgart Nord|Stuttgart-Feuerbach,8005778,Stuttgart-Zuffenhausen,Baden-Württemberg,Stuttgart,70435,9.167156375,48.82960884,3,2512111000,12,2512111000,12,,,,,,,,,,4.0,3.0
-2805247502729306800-2512110925-7,7419,2512110943,2512110944,2,,S,4,Marbach(Neckar)|Benningen(Neckar)|Freiberg(Neckar)|Favoritepark|Ludwigsburg|Kornwestheim Pbf,8005778,Stuttgart-Zuffenhausen,Baden-Württemberg,Stuttgart,70435,9.167156375,48.82960884,3,2512110944,,2512110944,,h,1,Bauarbeiten,,,,,,,1.0,0.0
6651422081053397042-2512110857-7,7920,2512110911,2512110912,11,,S,6,Stuttgart Schwabstr.|Stuttgart Feuersee|Stuttgart Stadtmitte|Stuttgart Hbf (tief)|Stuttgart Nord|Stuttgart-Feuerbach,8005778,Stuttgart-Zuffenhausen,Baden-Württemberg,Stuttgart,70435,9.167156375,48.82960884,3,2512110911,,2512110912,,,,,,,,,,,0.0,0.0
-3832940569846018712-2512110927-7,7022,2512110941,2512110942,11,,S,60,Stuttgart Schwabstr.|Stuttgart Feuersee|Stuttgart Stadtmitte|Stuttgart Hbf (tief)|Stuttgart Nord|Stuttgart-Feuerbach,8005778,Stuttgart-Zuffenhausen,Baden-Württemberg,Stuttgart,70435,9.167156375,48.82960884,3,2512110944,,2512110944,,,,,,,,,,,3.0,2.0
-3576552835933518344-2512110927-7,7922,2512110941,2512110942,11,,S,6,Stuttgart Schwabstr.|Stuttgart Feuersee|Stuttgart Stadtmitte|Stuttgart Hbf (tief)|Stuttgart Nord|Stuttgart-Feuerbach,8005778,Stuttgart-Zuffenhausen,Baden-Württemberg,Stuttgart,70435,9.167156375,48.82960884,3,2512110944,,2512110944,,,,,,,,,,,3.0,2.0
-3682815568361595216-2512110922-7,7518,2512110936,2512110937,4,,S,5,Stuttgart Schwabstr.|Stuttgart Feuersee|Stuttgart Stadtmitte|Stuttgart Hbf (tief)|Stuttgart Nord|Stuttgart-Feuerbach,8005778,Stuttgart-Zuffenhausen,Baden-Württemberg,Stuttgart,70435,9.167156375,48.82960884,3,2512110941,,2512110941,,,,,,,,,,,5.0,4.0
736947574749107832-2512110917-7,28386,2512110931,2512110932,4,,S,4,Stuttgart Schwabstr.|Stuttgart Feuersee|Stuttgart Stadtmitte|Stuttgart Hbf (tief)|Stuttgart Nord|Stuttgart-Feuerbach,8005778,Stuttgart-Zuffenhausen,Baden-Württemberg,Stuttgart,70435,9.167156375,48.82960884,3,2512110936,,2512110936,,h,1,Bauarbeiten,,,,,,,5.0,4.0
5803573868774258182-2512110833-11,7617,2512110903,2512110904,12,,S,6,Weil der Stadt|Malmsheim|Renningen|Rutesheim|Leonberg|Höfingen|Ditzingen|Weilimdorf|Korntal|Neuwirtshaus(Porscheplatz),8005778,Stuttgart-Zuffenhausen,Baden-Württemberg,Stuttgart,70435,9.167156375,48.82960884,3,2512110904,,2512110904,,,,,,,,,,,1.0,0.0
3232158515646974756-2512110932-7,7416,2512110946,2512110947,4,,S,4,Stuttgart Schwabstr.|Stuttgart Feuersee|Stuttgart Stadtmitte|Stuttgart Hbf (tief)|Stuttgart Nord|Stuttgart-Feuerbach,8005778,Stuttgart-Zuffenhausen,Baden-Württemberg,Stuttgart,70435,9.167156375,48.82960884,3,2512110949,,2512110949,,h,1,Bauarbeiten,,,,,,,3.0,2.0
-2232522451867967971-2512110907-7,28452,2512110921,2512110922,4,,S,5,Stuttgart Schwabstr.|Stuttgart Feuersee|Stuttgart Stadtmitte|Stuttgart Hbf (tief)|Stuttgart Nord|Stuttgart-Feuerbach,8005778,Stuttgart-Zuffenhausen,Baden-Württemberg,Stuttgart,70435,9.167156375,48.82960884,3,2512110927,,2512110928,,,,,,,,,,,6.0,6.0
-1556136570494019483-2512110855-7,7417,2512110913,2512110914,2,,S,4,Marbach(Neckar)|Benningen(Neckar)|Freiberg(Neckar)|Favoritepark|Ludwigsburg|Kornwestheim Pbf,8005778,Stuttgart-Zuffenhausen,Baden-Württemberg,Stuttgart,70435,9.167156375,48.82960884,3,2512110915,,2512110915,,h,1,Bauarbeiten,,,,,,,2.0,1.0
6917320209796903914-2512110852-7,7516,2512110906,2512110907,4,,S,5,Stuttgart Schwabstr.|Stuttgart Feuersee|Stuttgart Stadtmitte|Stuttgart Hbf (tief)|Stuttgart Nord|Stuttgart-Feuerbach,8005778,Stuttgart-Zuffenhausen,Baden-Württemberg,Stuttgart,70435,9.167156375,48.82960884,3,2512110908,,2512110908,,,,,,,,,,,2.0,1.0
5029336644743586028-2512110904-15,7017,2512110948,2512110949,12,,S,60,Böblingen|Sindelfingen|Maichingen|Maichingen Nord|Magstadt|Renningen Süd|Renningen|Rutesheim|Leonberg|Höfingen|Ditzingen|Weilimdorf|Korntal|Neuwirtshaus(Porscheplatz),8005778,Stuttgart-Zuffenhausen,Baden-Württemberg,Stuttgart,70435,9.167156375,48.82960884,3,2512110955,,2512110957,,,,,,,,,,,7.0,8.0
-73934676157046898-2512110918-11,7917,2512110948,2512110949,12,,S,6,Weil der Stadt|Malmsheim|Renningen|Rutesheim|Leonberg|Höfingen|Ditzingen|Weilimdorf|Korntal|Neuwirtshaus(Porscheplatz),8005778,Stuttgart-Zuffenhausen,Baden-Württemberg,Stuttgart,70435,9.167156375,48.82960884,3,2512110955,,2512110957,,,,,,,,,,,7.0,8.0
1745837345724546602-2512110903-11,7619,2512110933,2512110934,12,,S,6,Weil der Stadt|Malmsheim|Renningen|Rutesheim|Leonberg|Höfingen|Ditzingen|Weilimdorf|Korntal|Neuwirtshaus(Porscheplatz),8005778,Stuttgart-Zuffenhausen,Baden-Württemberg,Stuttgart,70435,9.167156375,48.82960884,3,2512110934,,2512110934,,,,,,,,,,,1.0,0.0
-657478549015358641-2512110902-7,7414,2512110916,2512110917,4,,S,4,Stuttgart Schwabstr.|Stuttgart Feuersee|Stuttgart Stadtmitte|Stuttgart Hbf (tief)|Stuttgart Nord|Stuttgart-Feuerbach,8005778,Stuttgart-Zuffenhausen,Baden-Württemberg,Stuttgart,70435,9.167156375,48.82960884,3,2512110922,,2512110922,,h,1,Bauarbeiten,,,,,,,6.0,5.0
-5153415846004346891-2512110940-7,28385,2512110958,2512110959,2,,S,4,Marbach(Neckar)|Benningen(Neckar)|Freiberg(Neckar)|Favoritepark|Ludwigsburg|Kornwestheim Pbf,8005778,Stuttgart-Zuffenhausen,Baden-Württemberg,Stuttgart,70435,9.167156375,48.82960884,3,2512110959,,2512111000,,h,1,Bauarbeiten,,,,,,,1.0,1.0
9174048015743328640-2512110834-15,7015,2512110918,2512110919,12,,S,60,Böblingen|Sindelfingen|Maichingen|Maichingen Nord|Magstadt|Renningen Süd|Renningen|Rutesheim|Leonberg|Höfingen|Ditzingen|Weilimdorf|Korntal|Neuwirtshaus(Porscheplatz),8005778,Stuttgart-Zuffenhausen,Baden-Württemberg,Stuttgart,70435,9.167156375,48.82960884,3,2512110924,,2512110925,,,,,,,,,,,6.0,6.0
-1639645104819799642-2512110848-11,7915,2512110918,2512110919,12,,S,6,Weil der Stadt|Malmsheim|Renningen|Rutesheim|Leonberg|Höfingen|Ditzingen|Weilimdorf|Korntal|Neuwirtshaus(Porscheplatz),8005778,Stuttgart-Zuffenhausen,Baden-Württemberg,Stuttgart,70435,9.167156375,48.82960884,3,2512110924,,2512110925,,,,,,,,,,,6.0,6.0
2766724167212026355-2512110910-7,28383,2512110928,2512110929,2,,S,4,Marbach(Neckar)|Benningen(Neckar)|Freiberg(Neckar)|Favoritepark|Ludwigsburg|Kornwestheim Pbf,8005778,Stuttgart-Zuffenhausen,Baden-Württemberg,Stuttgart,70435,9.167156375,48.82960884,3,2512110929,,2512110929,,h,1,Bauarbeiten,,,,,,,1.0,0.0
9177979391540237453-2512110937-7,28454,2512110951,2512110952,4,,S,5,Stuttgart Schwabstr.|Stuttgart Feuersee|Stuttgart Stadtmitte|Stuttgart Hbf (tief)|Stuttgart Nord|Stuttgart-Feuerbach,8005778,Stuttgart-Zuffenhausen,Baden-Württemberg,Stuttgart,70435,9.167156375,48.82960884,3,2512110952,,2512110953,,,,,,,,,,,1.0,1.0
7166908817617232037-2512110857-7,7020,2512110911,2512110912,11,,S,60,Stuttgart Schwabstr.|Stuttgart Feuersee|Stuttgart Stadtmitte|Stuttgart Hbf (tief)|Stuttgart Nord|Stuttgart-Feuerbach,8005778,Stuttgart-Zuffenhausen,Baden-Württemberg,Stuttgart,70435,9.167156375,48.82960884,3,2512110911,,2512110912,,,,,,,,,,,0.0,0.0
-8972942860695039210-2512110907-6,7519,2512110923,2512110924,2,,S,5,Bietigheim-Bissingen|Tamm(Württ)|Asperg|Ludwigsburg|Kornwestheim Pbf,8005778,Stuttgart-Zuffenhausen,Baden-Württemberg,Stuttgart,70435,9.167156375,48.82960884,3,2512110923,,2512110924,,,,,,,,,,,0.0,0.0
-5056530606962501346-2512110922-2,28455,2512110925,2512110925,2,,S,5,Bietigheim-Bissingen,8005820,Tamm (Württ),Baden-Württemberg,Tamm,71732,9.125288012,48.92187736,4,2512110925,,2512110925,,,,,,,,,,,0.0,0.0
2383309551233687619-2512110937-2,7521,2512110940,2512110940,2,,S,5,Bietigheim-Bissingen,8005820,Tamm (Württ),Baden-Württemberg,Tamm,71732,9.125288012,48.92187736,4,2512110940,,2512110940,,,,,,,,,,,0.0,0.0
-3682815568361595216-2512110922-11,7518,2512110949,2512110950,3,,S,5,Stuttgart Schwabstr.|Stuttgart Feuersee|Stuttgart Stadtmitte|Stuttgart Hbf (tief)|Stuttgart Nord|Stuttgart-Feuerbach|Stuttgart-Zuffenhausen|Kornwestheim Pbf|Ludwigsburg|Asperg,8005820,Tamm (Württ),Baden-Württemberg,Tamm,71732,9.125288012,48.92187736,4,2512110954,,2512110954,,,,,,,,,,,5.0,4.0
-2232522451867967971-2512110907-11,28452,2512110934,2512110935,3,,S,5,Stuttgart Schwabstr.|Stuttgart Feuersee|Stuttgart Stadtmitte|Stuttgart Hbf (tief)|Stuttgart Nord|Stuttgart-Feuerbach|Stuttgart-Zuffenhausen|Kornwestheim Pbf|Ludwigsburg|Asperg,8005820,Tamm (Württ),Baden-Württemberg,Tamm,71732,9.125288012,48.92187736,4,2512110941,,2512110941,,,,,,,,,,,7.0,6.0
6917320209796903914-2512110852-11,7516,2512110919,2512110920,3,,S,5,Stuttgart Schwabstr.|Stuttgart Feuersee|Stuttgart Stadtmitte|Stuttgart Hbf (tief)|Stuttgart Nord|Stuttgart-Feuerbach|Stuttgart-Zuffenhausen|Kornwestheim Pbf|Ludwigsburg|Asperg,8005820,Tamm (Württ),Baden-Württemberg,Tamm,71732,9.125288012,48.92187736,4,2512110920,,2512110920,,,,,,,,,,,1.0,0.0
4779363219571401815-2512110952-2,28457,2512110955,2512110955,2,,S,5,Bietigheim-Bissingen,8005820,Tamm (Württ),Baden-Württemberg,Tamm,71732,9.125288012,48.92187736,4,2512110956,,2512110956,,,,,,,,,,,1.0,1.0
-8972942860695039210-2512110907-2,7519,2512110910,2512110910,2,,S,5,Bietigheim-Bissingen,8005820,Tamm (Württ),Baden-Württemberg,Tamm,71732,9.125288012,48.92187736,4,2512110910,,2512110910,,,,,,,,,,,0.0,0.0
107074802434746267-2512110837-11,28450,2512110904,2512110905,3,,S,5,Stuttgart Schwabstr.|Stuttgart Feuersee|Stuttgart Stadtmitte|Stuttgart Hbf (tief)|Stuttgart Nord|Stuttgart-Feuerbach|Stuttgart-Zuffenhausen|Kornwestheim Pbf|Ludwigsburg|Asperg,8005820,Tamm (Württ),Baden-Württemberg,Tamm,71732,9.125288012,48.92187736,4,2512110904,,2512110905,,,,,,,,,,,0.0,0.0
2851968340219315363-2512110927-2,7316,2512110929,2512110930,3,,S,3,Fellbach,8000180,Waiblingen,Baden-Württemberg,Waiblingen,71332,9.300476874,48.8262444,3,2512110930,,2512110930,,h,1,Bauarbeiten,,,,,,,1.0,0.0
2619334060544690076-2512110941-7,7321,2512110959,2512111000,1,,S,3,Backnang|Maubach|Nellmersbach|Winnenden|Schwaikheim|Neustadt-Hohenacker,8000180,Waiblingen,Baden-Württemberg,Waiblingen,71332,9.300476874,48.8262444,3,2512110959,,2512111000,,h,1,Bauarbeiten,,,,,,,0.0,0.0
-6027496912439365984-2512110918-10,7221,2512110939,,5,,S,,Schorndorf|Weiler(Rems)|Winterbach(b Schorndorf)|Geradstetten|Grunbach|Beutelsbach|Endersbach|Stetten-Beinstein|Rommelshausen,8000180,Waiblingen,Baden-Württemberg,Waiblingen,71332,9.300476874,48.8262444,3,2512110940,6,,,,,,,,,,,,1.0,0.0
8832461638795716901-2512110841-7,7317,2512110859,2512110900,1,,S,3,Backnang|Maubach|Nellmersbach|Winnenden|Schwaikheim|Neustadt-Hohenacker,8000180,Waiblingen,Baden-Württemberg,Waiblingen,71332,9.300476874,48.8262444,3,2512110900,,2512110900,,h,1,Bauarbeiten,,,,,,,1.0,0.0
2344697273631059145-2512110932-1,19461,,2512110932,,,MEX,13,,8000180,Waiblingen,Baden-Württemberg,Waiblingen,71332,9.300476874,48.8262444,3,,,2512110933,,,,,,,,,,,0.0,1.0
-1336070738020513745-2512110907-10,19414,2512110958,,6,,MEX,,Aalen Hbf|Mögglingen(Gmünd)|Böbingen(Rems)|Schwäbisch Gmünd|Lorch(Württ)|Waldhausen(b Schorndorf)|Plüderhausen|Urbach(b Schorndorf)|Schorndorf,8000180,Waiblingen,Baden-Württemberg,Waiblingen,71332,9.300476874,48.8262444,3,2512110957,,,,,,,,,,,,,-1.0,0.0
-8934317604911762574-2512110950-1,7216,,2512110950,,,S,2,,8000180,Waiblingen,Baden-Württemberg,Waiblingen,71332,9.300476874,48.8262444,3,,,2512110950,6,,,,,,,,,,0.0,0.0
-5197594664753501705-2512110848-10,7219,2512110909,,5,,S,,Schorndorf|Weiler(Rems)|Winterbach(b Schorndorf)|Geradstetten|Grunbach|Beutelsbach|Endersbach|Stetten-Beinstein|Rommelshausen,8000180,Waiblingen,Baden-Württemberg,Waiblingen,71332,9.300476874,48.8262444,3,2512110911,6,,,,,,,,,,,,2.0,0.0
4109252183642476538-2512110911-7,7319,2512110929,2512110930,1,,S,3,Backnang|Maubach|Nellmersbach|Winnenden|Schwaikheim|Neustadt-Hohenacker,8000180,Waiblingen,Baden-Württemberg,Waiblingen,71332,9.300476874,48.8262444,3,2512110930,,2512110931,,h,1,Bauarbeiten,,,,,,,1.0,1.0
-1776968849992631185-2512110920-1,7214,,2512110920,,,S,2,,8000180,Waiblingen,Baden-Württemberg,Waiblingen,71332,9.300476874,48.8262444,3,,,2512110920,6,,,,,,,,,,0.0,0.0
-8786051157656372470-2512110857-2,7314,2512110859,2512110900,3,,S,3,Fellbach,8000180,Waiblingen,Baden-Württemberg,Waiblingen,71332,9.300476874,48.8262444,3,2512110859,,2512110900,,h,1,Bauarbeiten,,,,,,,0.0,0.0
2517801996285201515-2512110837-10,75792,2512110924,,6,,MEX,,Aalen Hbf|Mögglingen(Gmünd)|Böbingen(Rems)|Schwäbisch Gmünd|Lorch(Württ)|Waldhausen(b Schorndorf)|Plüderhausen|Urbach(b Schorndorf)|Schorndorf,8000180,Waiblingen,Baden-Württemberg,Waiblingen,71332,9.300476874,48.8262444,3,2512110926,,,,,,,,,,,,,2.0,0.0
3298379912882616154-2512110957-2,7318,2512110959,2512111000,3,,S,3,Fellbach,8000180,Waiblingen,Baden-Württemberg,Waiblingen,71332,9.300476874,48.8262444,3,2512111000,,2512111001,,h,1,Bauarbeiten,,,,,,,1.0,1.0
6276795295342009013-2512110902-1,19409,,2512110902,,,MEX,13,,8000180,Waiblingen,Baden-Württemberg,Waiblingen,71332,9.300476874,48.8262444,3,,,2512110903,,,,,,,,,,,0.0,1.0
-5449908235319311409-2512110948-1,7919,,2512110948,,,S,6,,8006271,Weil der Stadt,Baden-Württemberg,Weil der Stadt,71263,8.873189074,48.7557357,4,,,2512110948,,,,,,,,,,,0.0,0.0
-694433010054514515-2512110912-17,7616,2512110957,,1,,S,,Stuttgart Schwabstr.|Stuttgart Feuersee|Stuttgart Stadtmitte|Stuttgart Hbf (tief)|Stuttgart Nord|Stuttgart-Feuerbach|Stuttgart-Zuffenhausen|Neuwirtshaus(Porscheplatz)|Korntal|Weilimdorf|Ditzingen|Höfingen|Leonberg|Rutesheim|Renningen|Malmsheim,8006271,Weil der Stadt,Baden-Württemberg,Weil der Stadt,71263,8.873189074,48.7557357,4,2512110957,,,,,,,,,,,,,0.0,0.0
6651422081053397042-2512110857-17,7920,2512110942,,1,,S,,Stuttgart Schwabstr.|Stuttgart Feuersee|Stuttgart Stadtmitte|Stuttgart Hbf (tief)|Stuttgart Nord|Stuttgart-Feuerbach|Stuttgart-Zuffenhausen|Neuwirtshaus(Porscheplatz)|Korntal|Weilimdorf|Ditzingen|Höfingen|Leonberg|Rutesheim|Renningen|Malmsheim,8006271,Weil der Stadt,Baden-Württemberg,Weil der Stadt,71263,8.873189074,48.7557357,4,2512110942,,,,,,,,,,,,,0.0,0.0
-7089011103472345685-2512110827-17,7918,2512110912,,1,,S,,Stuttgart Schwabstr.|Stuttgart Feuersee|Stuttgart Stadtmitte|Stuttgart Hbf (tief)|Stuttgart Nord|Stuttgart-Feuerbach|Stuttgart-Zuffenhausen|Neuwirtshaus(Porscheplatz)|Korntal|Weilimdorf|Ditzingen|Höfingen|Leonberg|Rutesheim|Renningen|Malmsheim,8006271,Weil der Stadt,Baden-Württemberg,Weil der Stadt,71263,8.873189074,48.7557357,4,2512110912,,,,,,,,,,,,,0.0,0.0
-2920830109344667445-2512110933-1,7621,,2512110933,,,S,6,,8006271,Weil der Stadt,Baden-Württemberg,Weil der Stadt,71263,8.873189074,48.7557357,4,,,2512110934,,,,,,,,,,,0.0,1.0
-73934676157046898-2512110918-1,7917,,2512110918,,,S,6,,8006271,Weil der Stadt,Baden-Württemberg,Weil der Stadt,71263,8.873189074,48.7557357,4,,,2512110918,,,,,,,,,,,0.0,0.0
7639850202496668105-2512110850-7,7982,2512110916,,2,,S,,Stuttgart-Feuerbach|Stuttgart-Zuffenhausen|Korntal|Weilimdorf|Ditzingen|Leonberg,8006271,Weil der Stadt,Baden-Württemberg,Weil der Stadt,71263,8.873189074,48.7557357,4,2512110917,,,,,,,,,,,,,1.0,0.0
1745837345724546602-2512110903-1,7619,,2512110903,,,S,6,,8006271,Weil der Stadt,Baden-Württemberg,Weil der Stadt,71263,8.873189074,48.7557357,4,,,2512110903,,,,,,,,,,,0.0,0.0
5905606049501073542-2512110842-17,7614,2512110927,,1,,S,,Stuttgart Schwabstr.|Stuttgart Feuersee|Stuttgart Stadtmitte|Stuttgart Hbf (tief)|Stuttgart Nord|Stuttgart-Feuerbach|Stuttgart-Zuffenhausen|Neuwirtshaus(Porscheplatz)|Korntal|Weilimdorf|Ditzingen|Höfingen|Leonberg|Rutesheim|Renningen|Malmsheim,8006271,Weil der Stadt,Baden-Württemberg,Weil der Stadt,71263,8.873189074,48.7557357,4,2512110931,,,,,,,,,,,,,4.0,0.0
-365973592530600887-2512110850-9,7212,2512110907,2512110907,1,,S,2,Waiblingen|Rommelshausen|Stetten-Beinstein|Endersbach|Beutelsbach|Grunbach|Geradstetten|Winterbach(b Schorndorf),8006277,Weiler (Rems),Baden-Württemberg,Schorndorf,76314,9.501891172,48.80034585,5,2512110908,,2512110909,,,,,,,,,,,1.0,2.0
-6027496912439365984-2512110918-2,7221,2512110921,2512110921,2,,S,2,Schorndorf,8006277,Weiler (Rems),Baden-Württemberg,Schorndorf,76314,9.501891172,48.80034585,5,2512110921,,2512110921,,,,,,,,,,,0.0,0.0
-5744741285825368478-2512110948-2,7223,2512110951,2512110951,2,,S,2,Schorndorf,8006277,Weiler (Rems),Baden-Württemberg,Schorndorf,76314,9.501891172,48.80034585,5,2512110951,,2512110951,,,,,,,,,,,0.0,0.0
-1776968849992631185-2512110920-9,7214,2512110937,2512110937,1,,S,2,Waiblingen|Rommelshausen|Stetten-Beinstein|Endersbach|Beutelsbach|Grunbach|Geradstetten|Winterbach(b Schorndorf),8006277,Weiler (Rems),Baden-Württemberg,Schorndorf,76314,9.501891172,48.80034585,5,2512110937,,2512110938,,,,,,,,,,,0.0,1.0
-6442493897790764749-2512110933-3,19224,2512110940,2512110941,1,,MEX,12,Nürtingen|Oberboihingen,8006331,Wendlingen (Neckar),Baden-Württemberg,Wendlingen am Neckar,73240,9.373662098,48.67368917,3,2512110940,,2512110941,,,,,,,,,,,0.0,0.0
1883247737282704559-2512110950-3,7123,2512110957,2512110958,12,,S,1,Kirchheim(Teck)|Kirchheim(Teck)-Ötlingen,8006331,Wendlingen (Neckar),Baden-Württemberg,Wendlingen am Neckar,73240,9.373662098,48.67368917,3,2512110957,,2512110959,,h,1,Bauarbeiten,,,,,,,0.0,1.0
-905861583136027170-2512110752-21,19357,2512110950,2512110951,2,,MEX,12,Mosbach-Neckarelz|Neckarzimmern|Haßmersheim|Gundelsheim(Neckar)|Offenau|Bad Friedrichshall Hbf|Neckarsulm|Heilbronn Sülmertor|Heilbronn Hbf|Nordheim(Württ)|Lauffen(Neckar)|Kirchheim(Neckar)|Walheim(Württ)|Besigheim|Bietigheim-Bissingen|Ludwigsburg|Stuttgart Hbf|Stuttgart-Bad Cannstatt|Esslingen(Neckar)|Plochingen,8006331,Wendlingen (Neckar),Baden-Württemberg,Wendlingen am Neckar,73240,9.373662098,48.67368917,3,2512110950,,2512110951,,,,,,,,,,,0.0,0.0
-1847498060052889012-2512110920-3,7121,2512110927,2512110928,12,,S,1,Kirchheim(Teck)|Kirchheim(Teck)-Ötlingen,8006331,Wendlingen (Neckar),Baden-Württemberg,Wendlingen am Neckar,73240,9.373662098,48.67368917,3,2512110927,,2512110928,,h,1,Bauarbeiten,,,,,,,0.0,0.0
6798713546677038067-2512110659-27,19307,2512110918,2512110918,2,,MEX,18,Osterburken|Adelsheim Ost|Sennfeld|Roigheim|Möckmühl|Züttlingen|Siglingen|Neudenau|Herbolzheim(Jagst)|Untergriesheim|Bad Friedrichshall Hbf|Neckarsulm Nord|Neckarsulm|Heilbronn Sülmertor|Heilbronn Hbf|Nordheim(Württ)|Lauffen(Neckar)|Kirchheim(Neckar)|Walheim(Württ)|Besigheim|Bietigheim-Bissingen|Ludwigsburg|Stuttgart Hbf|Stuttgart-Bad Cannstatt|Esslingen(Neckar)|Plochingen,8006331,Wendlingen (Neckar),Baden-Württemberg,Wendlingen am Neckar,73240,9.373662098,48.67368917,3,2512110923,,2512110925,,c,,,,,,,,,5.0,7.0
5059507073730909173-2512110929-3,16050,2512110959,,3,,RE,,Ulm Hbf|Merklingen - Schwäbische Alb,8006331,Wendlingen (Neckar),Baden-Württemberg,Wendlingen am Neckar,73240,9.373662098,48.67368917,3,2512110956,,,,h,3,Information,,,,,,,-3.0,0.0
-1478494665311941456-2512110902-2,19310,2512110909,2512110910,1,,MEX,18,Nürtingen,8006331,Wendlingen (Neckar),Baden-Württemberg,Wendlingen am Neckar,73240,9.373662098,48.67368917,3,2512110909,,2512110910,,c,,,,,,,,,0.0,0.0
-672973619347659218-2512110855-3,56764,2512110902,2512110903,11,,S,1,Plochingen|Wernau(Neckar),8006331,Wendlingen (Neckar),Baden-Württemberg,Wendlingen am Neckar,73240,9.373662098,48.67368917,3,2512110903,,2512110903,,,,,,,,,,,1.0,0.0
4339316477986731378-2512110925-3,56766,2512110932,2512110933,11,,S,1,Plochingen|Wernau(Neckar),8006331,Wendlingen (Neckar),Baden-Württemberg,Wendlingen am Neckar,73240,9.373662098,48.67368917,3,2512110932,,2512110933,,,,,,,,,,,0.0,0.0
4349496296684158630-2512110924-1,16049,,2512110924,,,RE,200,,8006331,Wendlingen (Neckar),Baden-Württemberg,Wendlingen am Neckar,73240,9.373662098,48.67368917,3,,,2512110927,,h,3,Information,,,,,,,0.0,3.0
-1847498060052889012-2512110920-4,7121,2512110931,2512110931,1,,S,1,Kirchheim(Teck)|Kirchheim(Teck)-Ötlingen|Wendlingen(Neckar),8006346,Wernau (Neckar),Baden-Württemberg,Wernau (Neckar),73249,9.413654423,48.69417221,4,2512110931,,2512110931,,h,1,Bauarbeiten,,,,,,,0.0,0.0
-766464939699748349-2512110955-2,56768,2512110958,2512110959,2,,S,1,Plochingen,8006346,Wernau (Neckar),Baden-Württemberg,Wernau (Neckar),73249,9.413654423,48.69417221,4,2512111003,,2512111004,,,,,,,,,,,5.0,5.0
-3441789533908263347-2512110850-4,7119,2512110901,2512110901,1,,S,1,Kirchheim(Teck)|Kirchheim(Teck)-Ötlingen|Wendlingen(Neckar),8006346,Wernau (Neckar),Baden-Württemberg,Wernau (Neckar),73249,9.413654423,48.69417221,4,2512110902,,2512110903,,h,1,Bauarbeiten,,,,,,,1.0,2.0
4339316477986731378-2512110925-2,56766,2512110928,2512110929,2,,S,1,Plochingen,8006346,Wernau (Neckar),Baden-Württemberg,Wernau (Neckar),73249,9.413654423,48.69417221,4,2512110929,,2512110929,,,,,,,,,,,1.0,0.0
2851968340219315363-2512110927-5,7316,2512110939,2512110939,2,,S,3,Fellbach|Waiblingen|Neustadt-Hohenacker|Schwaikheim,8006479,Winnenden,Baden-Württemberg,Winnenden,71364,9.392155928,48.8795625,3,2512110940,,2512110941,,h,1,Bauarbeiten,,,,,,,1.0,2.0
2619334060544690076-2512110941-4,7321,2512110949,2512110950,3,,S,3,Backnang|Maubach|Nellmersbach,8006479,Winnenden,Baden-Württemberg,Winnenden,71364,9.392155928,48.8795625,3,2512110949,,2512110950,,h,1,Bauarbeiten,,,,,,,0.0,0.0
1070123628583036394-2512110832-8,17516,2512110913,,1,,MEX,,Gaildorf West|Fichtenberg|Fornsbach|Murrhardt|Sulzbach(Murr)|Oppenweiler(Württ)|Backnang,8006479,Winnenden,Baden-Württemberg,Winnenden,71364,9.392155928,48.8795625,3,2512110915,,,,,,,,,,,,,2.0,0.0
-9049726076384052442-2512110945-1,17517,,2512110945,,,MEX,19,,8006479,Winnenden,Baden-Württemberg,Winnenden,71364,9.392155928,48.8795625,3,,,2512110945,,,,,,,,,,,0.0,0.0
4109252183642476538-2512110911-4,7319,2512110919,2512110920,3,,S,3,Backnang|Maubach|Nellmersbach,8006479,Winnenden,Baden-Württemberg,Winnenden,71364,9.392155928,48.8795625,3,2512110920,,2512110920,,h,1,Bauarbeiten,,,,,,,1.0,0.0
-8786051157656372470-2512110857-5,7314,2512110909,2512110909,2,,S,3,Fellbach|Waiblingen|Neustadt-Hohenacker|Schwaikheim,8006479,Winnenden,Baden-Württemberg,Winnenden,71364,9.392155928,48.8795625,3,2512110909,,2512110910,,h,1,Bauarbeiten,,,,,,,0.0,1.0
-365973592530600887-2512110850-8,7212,2512110905,2512110905,2,,S,2,Waiblingen|Rommelshausen|Stetten-Beinstein|Endersbach|Beutelsbach|Grunbach|Geradstetten,8006485,Winterbach (b Schorndorf),Baden-Württemberg,Winterbach,73650,9.481549751,48.79842743,4,2512110906,,2512110907,,,,,,,,,,,1.0,2.0
-6027496912439365984-2512110918-3,7221,2512110923,2512110923,1,,S,2,Schorndorf|Weiler(Rems),8006485,Winterbach (b Schorndorf),Baden-Württemberg,Winterbach,73650,9.481549751,48.79842743,4,2512110923,,2512110923,,,,,,,,,,,0.0,0.0
-5744741285825368478-2512110948-3,7223,2512110953,2512110953,1,,S,2,Schorndorf|Weiler(Rems),8006485,Winterbach (b Schorndorf),Baden-Württemberg,Winterbach,73650,9.481549751,48.79842743,4,2512110953,,2512110953,,,,,,,,,,,0.0,0.0
-1776968849992631185-2512110920-8,7214,2512110935,2512110935,2,,S,2,Waiblingen|Rommelshausen|Stetten-Beinstein|Endersbach|Beutelsbach|Grunbach|Geradstetten,8006485,Winterbach (b Schorndorf),Baden-Württemberg,Winterbach,73650,9.481549751,48.79842743,4,2512110935,,2512110936,,,,,,,,,,,0.0,1.0
-8279496001116731859-2512110934-5,7019,2512110943,2512110944,1,,S,60,Böblingen|Sindelfingen|Maichingen|Maichingen Nord,8003807,Magstadt,Baden-Württemberg,Magstadt,71106,8.965315746,48.73616033,6,2512110945,,2512110945,,,,,,,,,,,2.0,1.0
5029336644743586028-2512110904-5,7017,2512110913,2512110914,1,,S,60,Böblingen|Sindelfingen|Maichingen|Maichingen Nord,8003807,Magstadt,Baden-Württemberg,Magstadt,71106,8.965315746,48.73616033,6,2512110918,,2512110919,,,,,,,,,,,5.0,5.0
7797988202342094795-2512110827-17,7018,2512110915,2512110915,2,,S,60,Stuttgart Schwabstr.|Stuttgart Feuersee|Stuttgart Stadtmitte|Stuttgart Hbf (tief)|Stuttgart Nord|Stuttgart-Feuerbach|Stuttgart-Zuffenhausen|Neuwirtshaus(Porscheplatz)|Korntal|Weilimdorf|Ditzingen|Höfingen|Leonberg|Rutesheim|Renningen|Renningen Süd,8003807,Magstadt,Baden-Württemberg,Magstadt,71106,8.965315746,48.73616033,6,2512110916,,2512110916,,,,,,,,,,,1.0,1.0
7166908817617232037-2512110857-17,7020,2512110945,2512110945,2,,S,60,Stuttgart Schwabstr.|Stuttgart Feuersee|Stuttgart Stadtmitte|Stuttgart Hbf (tief)|Stuttgart Nord|Stuttgart-Feuerbach|Stuttgart-Zuffenhausen|Neuwirtshaus(Porscheplatz)|Korntal|Weilimdorf|Ditzingen|Höfingen|Leonberg|Rutesheim|Renningen|Renningen Süd,8003807,Magstadt,Baden-Württemberg,Magstadt,71106,8.965315746,48.73616033,6,2512110948,,2512110948,,,,,,,,,,,3.0,3.0
-8279496001116731859-2512110934-4,7019,2512110941,2512110941,1,,S,60,Böblingen|Sindelfingen|Maichingen,8003834,Maichingen Nord,Baden-Württemberg,Sindelfingen,71069,8.979416996,48.72750392,5,2512110943,,2512110943,,,,,,,,,,,2.0,2.0
5029336644743586028-2512110904-4,7017,2512110911,2512110911,1,,S,60,Böblingen|Sindelfingen|Maichingen,8003834,Maichingen Nord,Baden-Württemberg,Sindelfingen,71069,8.979416996,48.72750392,5,2512110917,,2512110917,,,,,,,,,,,6.0,6.0
7797988202342094795-2512110827-18,7018,2512110917,2512110917,2,,S,60,Stuttgart Schwabstr.|Stuttgart Feuersee|Stuttgart Stadtmitte|Stuttgart Hbf (tief)|Stuttgart Nord|Stuttgart-Feuerbach|Stuttgart-Zuffenhausen|Neuwirtshaus(Porscheplatz)|Korntal|Weilimdorf|Ditzingen|Höfingen|Leonberg|Rutesheim|Renningen|Renningen Süd|Magstadt,8003834,Maichingen Nord,Baden-Württemberg,Sindelfingen,71069,8.979416996,48.72750392,5,2512110918,,2512110919,,,,,,,,,,,1.0,2.0
7166908817617232037-2512110857-18,7020,2512110947,2512110947,2,,S,60,Stuttgart Schwabstr.|Stuttgart Feuersee|Stuttgart Stadtmitte|Stuttgart Hbf (tief)|Stuttgart Nord|Stuttgart-Feuerbach|Stuttgart-Zuffenhausen|Neuwirtshaus(Porscheplatz)|Korntal|Weilimdorf|Ditzingen|Höfingen|Leonberg|Rutesheim|Renningen|Renningen Süd|Magstadt,8003834,Maichingen Nord,Baden-Württemberg,Sindelfingen,71069,8.979416996,48.72750392,5,2512110949,,2512110950,,,,,,,,,,,2.0,3.0
-8279496001116731859-2512110934-3,7019,2512110939,2512110940,1,,S,60,Böblingen|Sindelfingen,8003808,Maichingen,Baden-Württemberg,Sindelfingen,71069,8.969606704,48.72162074,6,2512110941,,2512110941,,,,,,,,,,,2.0,1.0
5029336644743586028-2512110904-3,7017,2512110909,2512110910,1,,S,60,Böblingen|Sindelfingen,8003808,Maichingen,Baden-Württemberg,Sindelfingen,71069,8.969606704,48.72162074,6,2512110915,,2512110915,,,,,,,,,,,6.0,5.0
7797988202342094795-2512110827-19,7018,2512110919,2512110919,1,,S,60,Stuttgart Schwabstr.|Stuttgart Feuersee|Stuttgart Stadtmitte|Stuttgart Hbf (tief)|Stuttgart Nord|Stuttgart-Feuerbach|Stuttgart-Zuffenhausen|Neuwirtshaus(Porscheplatz)|Korntal|Weilimdorf|Ditzingen|Höfingen|Leonberg|Rutesheim|Renningen|Renningen Süd|Magstadt|Maichingen Nord,8003808,Maichingen,Baden-Württemberg,Sindelfingen,71069,8.969606704,48.72162074,6,2512110920,,2512110920,,,,,,,,,,,1.0,1.0
7166908817617232037-2512110857-19,7020,2512110949,2512110949,1,,S,60,Stuttgart Schwabstr.|Stuttgart Feuersee|Stuttgart Stadtmitte|Stuttgart Hbf (tief)|Stuttgart Nord|Stuttgart-Feuerbach|Stuttgart-Zuffenhausen|Neuwirtshaus(Porscheplatz)|Korntal|Weilimdorf|Ditzingen|Höfingen|Leonberg|Rutesheim|Renningen|Renningen Süd|Magstadt|Maichingen Nord,8003808,Maichingen,Baden-Württemberg,Sindelfingen,71069,8.969606704,48.72162074,6,2512110951,,2512110952,,,,,,,,,,,2.0,3.0
-8279496001116731859-2512110934-6,7019,2512110947,2512110948,1,,S,60,Böblingen|Sindelfingen|Maichingen|Maichingen Nord|Magstadt,8005001,Renningen Süd,Baden-Württemberg,Renningen,71272,8.932068278,48.76261937,6,2512110949,,2512110949,,,,,,,,,,,2.0,1.0
5029336644743586028-2512110904-6,7017,2512110917,2512110918,1,,S,60,Böblingen|Sindelfingen|Maichingen|Maichingen Nord|Magstadt,8005001,Renningen Süd,Baden-Württemberg,Renningen,71272,8.932068278,48.76261937,6,2512110922,,2512110923,,,,,,,,,,,5.0,5.0
7797988202342094795-2512110827-16,7018,2512110911,2512110911,2,,S,60,Stuttgart Schwabstr.|Stuttgart Feuersee|Stuttgart Stadtmitte|Stuttgart Hbf (tief)|Stuttgart Nord|Stuttgart-Feuerbach|Stuttgart-Zuffenhausen|Neuwirtshaus(Porscheplatz)|Korntal|Weilimdorf|Ditzingen|Höfingen|Leonberg|Rutesheim|Renningen,8005001,Renningen Süd,Baden-Württemberg,Renningen,71272,8.932068278,48.76261937,6,2512110912,,2512110912,,,,,,,,,,,1.0,1.0
7166908817617232037-2512110857-16,7020,2512110941,2512110941,2,,S,60,Stuttgart Schwabstr.|Stuttgart Feuersee|Stuttgart Stadtmitte|Stuttgart Hbf (tief)|Stuttgart Nord|Stuttgart-Feuerbach|Stuttgart-Zuffenhausen|Neuwirtshaus(Porscheplatz)|Korntal|Weilimdorf|Ditzingen|Höfingen|Leonberg|Rutesheim|Renningen,8005001,Renningen Süd,Baden-Württemberg,Renningen,71272,8.932068278,48.76261937,6,2512110943,,2512110944,,,,,,,,,,,2.0,3.0
-5056530606962501346-2512110922-9,28455,2512110947,2512110948,101,,S,5,Bietigheim-Bissingen|Tamm(Württ)|Asperg|Ludwigsburg|Kornwestheim Pbf|Stuttgart-Zuffenhausen|Stuttgart-Feuerbach|Stuttgart Nord,8098096,Stuttgart Hbf (tief),Baden-Württemberg,Stuttgart,70173,9.180228831,48.78338649,1,2512110949,,2512110950,,,,,,,,,,,2.0,2.0
6646559934352817209-2512110911-2,56097,2512110915,2512110915,101,,S,3,Stuttgart-Bad Cannstatt,8098096,Stuttgart Hbf (tief),Baden-Württemberg,Stuttgart,70173,9.180228831,48.78338649,1,2512110916,,2512110917,,,,,,,,,,,1.0,2.0
2988814004659936288-2512110820-15,7117,2512110905,2512110905,101,,S,1,Kirchheim(Teck)|Kirchheim(Teck)-Ötlingen|Wendlingen(Neckar)|Wernau(Neckar)|Plochingen|Altbach|Esslingen-Zell|Oberesslingen|Esslingen(Neckar)|Esslingen-Mettingen|Stuttgart-Obertürkheim|Stuttgart-Untertürkheim|Stuttgart Neckarpark|Stuttgart-Bad Cannstatt,8098096,Stuttgart Hbf (tief),Baden-Württemberg,Stuttgart,70173,9.180228831,48.78338649,1,2512110907,,2512110908,,h,1,Bauarbeiten,,,,,,,2.0,3.0
-2852454441264700711-2512110903-13,56016,2512110935,2512110935,102,,S,2,Filderstadt|Stuttgart Flughafen/Messe|Echterdingen|Leinfelden|Oberaichen|Stuttgart-Rohr|Stuttgart-Vaihingen|Stuttgart-Österfeld|Stuttgart Universität|Stuttgart Schwabstr.|Stuttgart Feuersee|Stuttgart Stadtmitte,8098096,Stuttgart Hbf (tief),Baden-Württemberg,Stuttgart,70173,9.180228831,48.78338649,1,2512110937,,2512110937,,,,,,,,,,,2.0,2.0
2188934342571090911-2512110852-9,28453,2512110917,2512110918,101,,S,5,Bietigheim-Bissingen|Tamm(Württ)|Asperg|Ludwigsburg|Kornwestheim Pbf|Stuttgart-Zuffenhausen|Stuttgart-Feuerbach|Stuttgart Nord,8098096,Stuttgart Hbf (tief),Baden-Württemberg,Stuttgart,70173,9.180228831,48.78338649,1,2512110920,,2512110921,,,,,,,,,,,3.0,3.0
-694433010054514515-2512110912-4,7616,2512110917,2512110918,102,,S,6,Stuttgart Schwabstr.|Stuttgart Feuersee|Stuttgart Stadtmitte,8098096,Stuttgart Hbf (tief),Baden-Württemberg,Stuttgart,70173,9.180228831,48.78338649,1,2512110922,,2512110922,,,,,,,,,,,5.0,4.0
-2251328924682584980-2512110942-4,7618,2512110947,2512110948,102,,S,6,Stuttgart Schwabstr.|Stuttgart Feuersee|Stuttgart Stadtmitte,8098096,Stuttgart Hbf (tief),Baden-Württemberg,Stuttgart,70173,9.180228831,48.78338649,1,2512110951,,2512110952,,,,,,,,,c,c,4.0,4.0
5157345720701941926-2512110833-13,56014,2512110905,2512110905,102,,S,2,Filderstadt|Stuttgart Flughafen/Messe|Echterdingen|Leinfelden|Oberaichen|Stuttgart-Rohr|Stuttgart-Vaihingen|Stuttgart-Österfeld|Stuttgart Universität|Stuttgart Schwabstr.|Stuttgart Feuersee|Stuttgart Stadtmitte,8098096,Stuttgart Hbf (tief),Baden-Württemberg,Stuttgart,70173,9.180228831,48.78338649,1,2512110910,,2512110911,,,,,,,,,,,5.0,6.0
-4779453800620886648-2512110916-15,7120,2512110955,2512110955,102,,S,1,Herrenberg|Nufringen|Gärtringen|Ehningen(b Böblingen)|Hulb|Böblingen|Goldberg(Württ)|Stuttgart-Rohr|Stuttgart-Vaihingen|Stuttgart-Österfeld|Stuttgart Universität|Stuttgart Schwabstr.|Stuttgart Feuersee|Stuttgart Stadtmitte,8098096,Stuttgart Hbf (tief),Baden-Württemberg,Stuttgart,70173,9.180228831,48.78338649,1,2512111000,,2512111001,,h,1,Bauarbeiten,,,,,,,5.0,6.0
-2805247502729306800-2512110925-10,7419,2512110952,2512110953,101,,S,4,Marbach(Neckar)|Benningen(Neckar)|Freiberg(Neckar)|Favoritepark|Ludwigsburg|Kornwestheim Pbf|Stuttgart-Zuffenhausen|Stuttgart-Feuerbach|Stuttgart Nord,8098096,Stuttgart Hbf (tief),Baden-Württemberg,Stuttgart,70173,9.180228831,48.78338649,1,2512110953,,2512110954,,h,1,Bauarbeiten,,,,,,,1.0,1.0
6651422081053397042-2512110857-4,7920,2512110902,2512110903,102,,S,6,Stuttgart Schwabstr.|Stuttgart Feuersee|Stuttgart Stadtmitte,8098096,Stuttgart Hbf (tief),Baden-Württemberg,Stuttgart,70173,9.180228831,48.78338649,1,2512110903,,2512110904,,,,,,,,,,,1.0,1.0
-487462683627217646-2512110941-2,56099,2512110945,2512110945,101,,S,3,Stuttgart-Bad Cannstatt,8098096,Stuttgart Hbf (tief),Baden-Württemberg,Stuttgart,70173,9.180228831,48.78338649,1,2512110945,,2512110946,,,,,,,,,,,0.0,1.0
-3832940569846018712-2512110927-4,7022,2512110932,2512110933,102,,S,60,Stuttgart Schwabstr.|Stuttgart Feuersee|Stuttgart Stadtmitte,8098096,Stuttgart Hbf (tief),Baden-Württemberg,Stuttgart,70173,9.180228831,48.78338649,1,2512110935,,2512110935,,,,,,,,,,,3.0,2.0
-3576552835933518344-2512110927-4,7922,2512110932,2512110933,102,,S,6,Stuttgart Schwabstr.|Stuttgart Feuersee|Stuttgart Stadtmitte,8098096,Stuttgart Hbf (tief),Baden-Württemberg,Stuttgart,70173,9.180228831,48.78338649,1,2512110935,,2512110935,,,,,,,,,,,3.0,2.0
-3682815568361595216-2512110922-4,7518,2512110927,2512110928,102,,S,5,Stuttgart Schwabstr.|Stuttgart Feuersee|Stuttgart Stadtmitte,8098096,Stuttgart Hbf (tief),Baden-Württemberg,Stuttgart,70173,9.180228831,48.78338649,1,2512110932,,2512110933,,,,,,,,,,,5.0,5.0
736947574749107832-2512110917-4,28386,2512110922,2512110923,102,,S,4,Stuttgart Schwabstr.|Stuttgart Feuersee|Stuttgart Stadtmitte,8098096,Stuttgart Hbf (tief),Baden-Württemberg,Stuttgart,70173,9.180228831,48.78338649,1,2512110924,,2512110924,,h,1,Bauarbeiten,,,,,,,2.0,1.0
5803573868774258182-2512110833-14,7617,2512110912,2512110913,101,,S,6,Weil der Stadt|Malmsheim|Renningen|Rutesheim|Leonberg|Höfingen|Ditzingen|Weilimdorf|Korntal|Neuwirtshaus(Porscheplatz)|Stuttgart-Zuffenhausen|Stuttgart-Feuerbach|Stuttgart Nord,8098096,Stuttgart Hbf (tief),Baden-Württemberg,Stuttgart,70173,9.180228831,48.78338649,1,2512110913,,2512110915,,,,,,,,,,,1.0,2.0
5640394364462713941-2512110952-4,7520,2512110957,2512110958,102,,S,5,Stuttgart Schwabstr.|Stuttgart Feuersee|Stuttgart Stadtmitte,8098096,Stuttgart Hbf (tief),Baden-Württemberg,Stuttgart,70173,9.180228831,48.78338649,1,2512110957,,2512110958,,,,,,,,,,,0.0,0.0
3232158515646974756-2512110932-4,7416,2512110937,2512110938,102,,S,4,Stuttgart Schwabstr.|Stuttgart Feuersee|Stuttgart Stadtmitte,8098096,Stuttgart Hbf (tief),Baden-Württemberg,Stuttgart,70173,9.180228831,48.78338649,1,2512110939,,2512110941,,h,1,Bauarbeiten,,,,,,,2.0,3.0
-2232522451867967971-2512110907-4,28452,2512110912,2512110913,102,,S,5,Stuttgart Schwabstr.|Stuttgart Feuersee|Stuttgart Stadtmitte,8098096,Stuttgart Hbf (tief),Baden-Württemberg,Stuttgart,70173,9.180228831,48.78338649,1,2512110919,,2512110920,,,,,,,,,,,7.0,7.0
-1556136570494019483-2512110855-10,7417,2512110922,2512110923,101,,S,4,Marbach(Neckar)|Benningen(Neckar)|Freiberg(Neckar)|Favoritepark|Ludwigsburg|Kornwestheim Pbf|Stuttgart-Zuffenhausen|Stuttgart-Feuerbach|Stuttgart Nord,8098096,Stuttgart Hbf (tief),Baden-Württemberg,Stuttgart,70173,9.180228831,48.78338649,1,2512110923,,2512110924,,h,1,Bauarbeiten,,,,,,,1.0,1.0
-3441789533908263347-2512110850-15,7119,2512110935,2512110935,101,,S,1,Kirchheim(Teck)|Kirchheim(Teck)-Ötlingen|Wendlingen(Neckar)|Wernau(Neckar)|Plochingen|Altbach|Esslingen-Zell|Oberesslingen|Esslingen(Neckar)|Esslingen-Mettingen|Stuttgart-Obertürkheim|Stuttgart-Untertürkheim|Stuttgart Neckarpark|Stuttgart-Bad Cannstatt,8098096,Stuttgart Hbf (tief),Baden-Württemberg,Stuttgart,70173,9.180228831,48.78338649,1,2512110938,,2512110939,,h,1,Bauarbeiten,,,,,,,3.0,4.0
7736550375637449474-2512110848-12,56096,2512110915,2512110915,102,,S,3,Stuttgart Flughafen/Messe|Echterdingen|Leinfelden|Oberaichen|Stuttgart-Rohr|Stuttgart-Vaihingen|Stuttgart-Österfeld|Stuttgart Universität|Stuttgart Schwabstr.|Stuttgart Feuersee|Stuttgart Stadtmitte,8098096,Stuttgart Hbf (tief),Baden-Württemberg,Stuttgart,70173,9.180228831,48.78338649,1,2512110916,,2512110917,,,,,,,,,,,1.0,2.0
5029336644743586028-2512110904-18,7017,2512110957,2512110958,101,,S,60,Böblingen|Sindelfingen|Maichingen|Maichingen Nord|Magstadt|Renningen Süd|Renningen|Rutesheim|Leonberg|Höfingen|Ditzingen|Weilimdorf|Korntal|Neuwirtshaus(Porscheplatz)|Stuttgart-Zuffenhausen|Stuttgart-Feuerbach|Stuttgart Nord,8098096,Stuttgart Hbf (tief),Baden-Württemberg,Stuttgart,70173,9.180228831,48.78338649,1,2512111007,,2512111008,,,,,,,,,,,10.0,10.0
-73934676157046898-2512110918-14,7917,2512110957,2512110958,101,,S,6,Weil der Stadt|Malmsheim|Renningen|Rutesheim|Leonberg|Höfingen|Ditzingen|Weilimdorf|Korntal|Neuwirtshaus(Porscheplatz)|Stuttgart-Zuffenhausen|Stuttgart-Feuerbach|Stuttgart Nord,8098096,Stuttgart Hbf (tief),Baden-Württemberg,Stuttgart,70173,9.180228831,48.78338649,1,2512111007,,2512111008,,,,,,,,,,,10.0,10.0
6067543006118062641-2512110840-10,28381,2512110907,2512110908,101,,S,4,Marbach(Neckar)|Benningen(Neckar)|Freiberg(Neckar)|Favoritepark|Ludwigsburg|Kornwestheim Pbf|Stuttgart-Zuffenhausen|Stuttgart-Feuerbach|Stuttgart Nord,8098096,Stuttgart Hbf (tief),Baden-Württemberg,Stuttgart,70173,9.180228831,48.78338649,1,2512110910,,2512110911,,h,1,Bauarbeiten,,,,,,,3.0,3.0
7041657828114384791-2512110918-12,56098,2512110945,2512110945,102,,S,3,Stuttgart Flughafen/Messe|Echterdingen|Leinfelden|Oberaichen|Stuttgart-Rohr|Stuttgart-Vaihingen|Stuttgart-Österfeld|Stuttgart Universität|Stuttgart Schwabstr.|Stuttgart Feuersee|Stuttgart Stadtmitte,8098096,Stuttgart Hbf (tief),Baden-Württemberg,Stuttgart,70173,9.180228831,48.78338649,1,,,,,,,,,,,,c,c,0.0,0.0
1745837345724546602-2512110903-14,7619,2512110942,2512110943,101,,S,6,Weil der Stadt|Malmsheim|Renningen|Rutesheim|Leonberg|Höfingen|Ditzingen|Weilimdorf|Korntal|Neuwirtshaus(Porscheplatz)|Stuttgart-Zuffenhausen|Stuttgart-Feuerbach|Stuttgart Nord,8098096,Stuttgart Hbf (tief),Baden-Württemberg,Stuttgart,70173,9.180228831,48.78338649,1,2512110943,,2512110944,,,,,,,,,,,1.0,1.0
-657478549015358641-2512110902-4,7414,2512110907,2512110908,102,,S,4,Stuttgart Schwabstr.|Stuttgart Feuersee|Stuttgart Stadtmitte,8098096,Stuttgart Hbf (tief),Baden-Württemberg,Stuttgart,70173,9.180228831,48.78338649,1,2512110913,,2512110914,,h,1,Bauarbeiten,,,,,,,6.0,6.0
1645171848470015195-2512110846-15,7118,2512110925,2512110925,102,,S,1,Herrenberg|Nufringen|Gärtringen|Ehningen(b Böblingen)|Hulb|Böblingen|Goldberg(Württ)|Stuttgart-Rohr|Stuttgart-Vaihingen|Stuttgart-Österfeld|Stuttgart Universität|Stuttgart Schwabstr.|Stuttgart Feuersee|Stuttgart Stadtmitte,8098096,Stuttgart Hbf (tief),Baden-Württemberg,Stuttgart,70173,9.180228831,48.78338649,1,2512110929,,2512110931,,h,1,Bauarbeiten,,,,,,,4.0,6.0
-1072643669346294455-2512110837-9,7517,2512110902,2512110903,101,,S,5,Bietigheim-Bissingen|Tamm(Württ)|Asperg|Ludwigsburg|Kornwestheim Pbf|Stuttgart-Zuffenhausen|Stuttgart-Feuerbach|Stuttgart Nord,8098096,Stuttgart Hbf (tief),Baden-Württemberg,Stuttgart,70173,9.180228831,48.78338649,1,2512110904,,2512110905,,,,,,,,,,,2.0,2.0
9174048015743328640-2512110834-18,7015,2512110927,2512110928,101,,S,60,Böblingen|Sindelfingen|Maichingen|Maichingen Nord|Magstadt|Renningen Süd|Renningen|Rutesheim|Leonberg|Höfingen|Ditzingen|Weilimdorf|Korntal|Neuwirtshaus(Porscheplatz)|Stuttgart-Zuffenhausen|Stuttgart-Feuerbach|Stuttgart Nord,8098096,Stuttgart Hbf (tief),Baden-Württemberg,Stuttgart,70173,9.180228831,48.78338649,1,2512110932,,2512110933,,,,,,,,,c,c,5.0,5.0
7777385061942298465-2512110921-2,56019,2512110925,2512110925,101,,S,2,Stuttgart-Bad Cannstatt,8098096,Stuttgart Hbf (tief),Baden-Württemberg,Stuttgart,70173,9.180228831,48.78338649,1,2512110926,,2512110927,,,,,,,,,,,1.0,2.0
-1639645104819799642-2512110848-14,7915,2512110927,2512110928,101,,S,6,Weil der Stadt|Malmsheim|Renningen|Rutesheim|Leonberg|Höfingen|Ditzingen|Weilimdorf|Korntal|Neuwirtshaus(Porscheplatz)|Stuttgart-Zuffenhausen|Stuttgart-Feuerbach|Stuttgart Nord,8098096,Stuttgart Hbf (tief),Baden-Württemberg,Stuttgart,70173,9.180228831,48.78338649,1,2512110932,,2512110933,,,,,,,,,c,c,5.0,5.0
-3072320996537178038-2512110951-2,56021,2512110955,2512110955,101,,S,2,Stuttgart-Bad Cannstatt,8098096,Stuttgart Hbf (tief),Baden-Württemberg,Stuttgart,70173,9.180228831,48.78338649,1,2512110955,,2512110958,,,,,,,,,,,0.0,3.0
2766724167212026355-2512110910-10,28383,2512110937,2512110938,101,,S,4,Marbach(Neckar)|Benningen(Neckar)|Freiberg(Neckar)|Favoritepark|Ludwigsburg|Kornwestheim Pbf|Stuttgart-Zuffenhausen|Stuttgart-Feuerbach|Stuttgart Nord,8098096,Stuttgart Hbf (tief),Baden-Württemberg,Stuttgart,70173,9.180228831,48.78338649,1,2512110940,,2512110942,,h,1,Bauarbeiten,,,,,,,3.0,4.0
-737840219627554054-2512110947-4,28388,2512110952,2512110953,102,,S,4,Stuttgart Schwabstr.|Stuttgart Feuersee|Stuttgart Stadtmitte,8098096,Stuttgart Hbf (tief),Baden-Württemberg,Stuttgart,70173,9.180228831,48.78338649,1,2512110952,,2512110953,,h,1,Bauarbeiten,,,,,,,0.0,0.0
9177979391540237453-2512110937-4,28454,2512110942,2512110943,102,,S,5,Stuttgart Schwabstr.|Stuttgart Feuersee|Stuttgart Stadtmitte,8098096,Stuttgart Hbf (tief),Baden-Württemberg,Stuttgart,70173,9.180228831,48.78338649,1,2512110942,,2512110943,,,,,,,,,,,0.0,0.0
7166908817617232037-2512110857-4,7020,2512110902,2512110903,102,,S,60,Stuttgart Schwabstr.|Stuttgart Feuersee|Stuttgart Stadtmitte,8098096,Stuttgart Hbf (tief),Baden-Württemberg,Stuttgart,70173,9.180228831,48.78338649,1,2512110903,,2512110904,,,,,,,,,,,1.0,1.0
-8972942860695039210-2512110907-9,7519,2512110932,2512110933,101,,S,5,Bietigheim-Bissingen|Tamm(Württ)|Asperg|Ludwigsburg|Kornwestheim Pbf|Stuttgart-Zuffenhausen|Stuttgart-Feuerbach|Stuttgart Nord,8098096,Stuttgart Hbf (tief),Baden-Württemberg,Stuttgart,70173,9.180228831,48.78338649,1,2512110932,,2512110933,,,,,,,,,,,0.0,0.0
