ID,train_number,planned_arrival,planned_departure,planned_platform,planned_status,category_train,train,path,eva_nr,station_name,station_state,station_city,station_zipcode,station_long,station_lat,station_category,changed_arrival,changed_platform_arrival,changed_departure,changed_platform_departure,message_status,priority,info,arrival_hidden,departure_hidden,arrival_path,departure_path,arrival_status,departure_status,arrival_delay_m,departure_delay_m
9072809401414477062-2607241550-6,7147,2607241609,2607241610,3,,S,S1,Kirchheim(Teck)|Kirchheim(Teck)-Ötlingen|Wendlingen(Neckar)|Wernau(Neckar)|Plochingen,8000508,Altbach,Baden-Württemberg,Altbach,73776,9.382434033,48.72031354,3,2607241613,,2607241614,,h,1,Störung,,,,,,,4.0,4.0
-7851813684664054699-2607241620-6,7149,2607241639,2607241640,3,,S,S1,Kirchheim(Teck)|Kirchheim(Teck)-Ötlingen|Wendlingen(Neckar)|Wernau(Neckar)|Plochingen,8000508,Altbach,Baden-Württemberg,Altbach,73776,9.382434033,48.72031354,3,2607241648,,2607241649,,h,1,Störung,,,,,,,9.0,9.0
1890742567431507346-2607241625-10,7146,2607241650,2607241650,4,,S,S1,Stuttgart Hbf|Stuttgart-Bad Cannstatt|Stuttgart Neckarpark|Stuttgart-Untertürkheim|Stuttgart-Obertürkheim|Esslingen-Mettingen|Esslingen(Neckar)|Oberesslingen|Esslingen-Zell,8000508,Altbach,Baden-Württemberg,Altbach,73776,9.382434033,48.72031354,3,2607241650,,2607241651,,h,1,Störung,,,,,,,0.0,1.0
6037772526634891708-2607241555-10,7144,2607241620,2607241620,4,,S,S1,Stuttgart Hbf|Stuttgart-Bad Cannstatt|Stuttgart Neckarpark|Stuttgart-Untertürkheim|Stuttgart-Obertürkheim|Esslingen-Mettingen|Esslingen(Neckar)|Oberesslingen|Esslingen-Zell,8000508,Altbach,Baden-Württemberg,Altbach,73776,9.382434033,48.72031354,3,2607241628,,2607241629,,h,1,Störung,,,,,,,8.0,9.0
-4827015275996172889-2607241637-3,7549,2607241642,2607241643,3,,S,S5,Bietigheim-Bissingen|Tamm(Württ),8000630,Asperg,Baden-Württemberg,Asperg,71679,9.147977466,48.90725609,4,2607241643,,2607241645,,,,,,,,,,,1.0,2.0
-4628505577045451249-2607241557-7,7544,2607241617,2607241617,4,,S,S5,Stuttgart Hbf|Stuttgart Nordbahnhof|Stuttgart-Feuerbach|Stuttgart-Zuffenhausen|Kornwestheim Pbf|Ludwigsburg,8000630,Asperg,Baden-Württemberg,Asperg,71679,9.147977466,48.90725609,4,2607241619,,2607241619,,,,,,,,,,,2.0,2.0
4626892396658662892-2607241627-7,7546,2607241647,2607241647,4,,S,S5,Stuttgart Hbf|Stuttgart Nordbahnhof|Stuttgart-Feuerbach|Stuttgart-Zuffenhausen|Kornwestheim Pbf|Ludwigsburg,8000630,Asperg,Baden-Württemberg,Asperg,71679,9.147977466,48.90725609,4,2607241648,,2607241649,,,,,,,,,,,1.0,2.0
3550462619255367417-2607241607-3,7547,2607241612,2607241613,3,,S,S5,Bietigheim-Bissingen|Tamm(Württ),8000630,Asperg,Baden-Württemberg,Asperg,71679,9.147977466,48.90725609,4,2607241613,,2607241613,,,,,,,,,,,1.0,0.0
-7819160470553148770-2607241641-1,7349,,2607241641,,,S,S3,,8000016,Backnang,Baden-Württemberg,Backnang,71522,9.425986107,48.94264844,3,,,2607241641,,,,,,,,,,,0.0,0.0
4033286785786260573-2607241532-7,17546,2607241606,,4,,RB,,Gaildorf West|Fichtenberg|Fornsbach|Murrhardt|Sulzbach(Murr)|Oppenweiler(Württ),8000016,Backnang,Baden-Württemberg,Backnang,71522,9.425986107,48.94264844,3,2607241608,3,,,,,,,,,,,,2.0,0.0
-4004274244229684776-2607241612-12,7344,2607241648,,5,,S,,Stuttgart Hbf|Stuttgart-Bad Cannstatt|Stuttgart Nürnberger Str.|Stuttgart-Sommerrain|Fellbach|Waiblingen|Neustadt-Hohenacker|Schwaikheim|Winnenden|Nellmersbach|Maubach,8000016,Backnang,Baden-Württemberg,Backnang,71522,9.425986107,48.94264844,3,2607241701,,,,,,,,,,,,,13.0,0.0
3730084801101419243-2607241621-1,17539,,2607241621,,,RE,MEX90,,8000016,Backnang,Baden-Württemberg,Backnang,71522,9.425986107,48.94264844,3,,,2607241621,3,,,,,,,,,,0.0,0.0
3420342321820958894-2607241438-16,88618,2607241636,2607241638,4,,ARV,RE90,Nürnberg Hbf|Roßtal|Heilsbronn|Wicklesgreuth|Ansbach|Leutershausen-Wiedersbach|Dombühl|Schnelldorf|Crailsheim|Eckartshausen-Ilshofen|Schwäbisch Hall-Hessental|Gaildorf West|Murrhardt|Sulzbach(Murr)|Oppenweiler(Württ),8000016,Backnang,Baden-Württemberg,Backnang,71522,9.425986107,48.94264844,3,2607241657,3,2607241700,3,,,,,,,,,,21.0,22.0
-2983041268716826074-2607241611-1,7347,,2607241611,,,S,S3,,8000016,Backnang,Baden-Württemberg,Backnang,71522,9.425986107,48.94264844,3,,,2607241612,,,,,,,,,,,0.0,1.0
8256892323728512755-2607241626-5,17541,2607241651,2607241652,4,,RB,MEX90,Stuttgart Hbf|Stuttgart-Bad Cannstatt|Waiblingen|Winnenden,8000016,Backnang,Baden-Württemberg,Backnang,71522,9.425986107,48.94264844,3,2607241652,,2607241657,,,,,,,,,,,1.0,5.0
-1516279282303081361-2607241542-12,7342,2607241618,,5,,S,,Stuttgart Hbf|Stuttgart-Bad Cannstatt|Stuttgart Nürnberger Str.|Stuttgart-Sommerrain|Fellbach|Waiblingen|Neustadt-Hohenacker|Schwaikheim|Winnenden|Nellmersbach|Maubach,8000016,Backnang,Baden-Württemberg,Backnang,71522,9.425986107,48.94264844,3,2607241624,,,,,,,,,,,,,6.0,0.0
-7748732492772087501-2607241607-9,7442,2607241632,2607241633,1,,S,S4,Stuttgart Hbf|Stuttgart Nordbahnhof|Stuttgart-Feuerbach|Stuttgart-Zuffenhausen|Kornwestheim Pbf|Ludwigsburg|Favoritepark|Freiberg(Neckar),8000873,Benningen (Neckar),Baden-Württemberg,Benningen am Neckar,71726,9.244299075,48.94379773,5,2607241634,,2607241634,,h,1,Bauarbeiten,,,,,,,2.0,1.0
-2365839264405796350-2607241537-9,7440,2607241602,2607241603,1,,S,S4,Stuttgart Hbf|Stuttgart Nordbahnhof|Stuttgart-Feuerbach|Stuttgart-Zuffenhausen|Kornwestheim Pbf|Ludwigsburg|Favoritepark|Freiberg(Neckar),8000873,Benningen (Neckar),Baden-Württemberg,Benningen am Neckar,71726,9.244299075,48.94379773,5,2607241603,,2607241604,,h,1,Bauarbeiten,,,,,,,1.0,1.0
5327947684497269441-2607241645-4,7449,2607241657,2607241657,2,,S,S4,Kirchberg(Murr)|Erdmannhausen|Marbach(Neckar),8000873,Benningen (Neckar),Baden-Württemberg,Benningen am Neckar,71726,9.244299075,48.94379773,5,2607241657,,2607241658,,h,1,Bauarbeiten,,,,,,,0.0,1.0
-7316032691190328672-2607241615-4,7447,2607241627,2607241627,2,,S,S4,Kirchberg(Murr)|Erdmannhausen|Marbach(Neckar),8000873,Benningen (Neckar),Baden-Württemberg,Benningen am Neckar,71726,9.244299075,48.94379773,5,2607241627,,2607241628,,h,1,Bauarbeiten,,,,,,,0.0,1.0
6086544143608493018-2607241633-6,7249,2607241645,2607241645,2,,S,S2,Schorndorf|Weiler(Rems)|Winterbach(b Schorndorf)|Geradstetten|Grunbach,8000934,Beutelsbach,Baden-Württemberg,Weinstadt,71384,9.38551589,48.81038925,5,2607241645,,2607241645,,,,,,,,,,,0.0,0.0
60204090947316905-2607241620-10,7244,2607241643,2607241643,1,,S,S2,Stuttgart Hbf|Stuttgart-Bad Cannstatt|Stuttgart Nürnberger Str.|Stuttgart-Sommerrain|Fellbach|Waiblingen|Rommelshausen|Stetten-Beinstein|Endersbach,8000934,Beutelsbach,Baden-Württemberg,Weinstadt,71384,9.38551589,48.81038925,5,2607241643,,2607241643,,,,,,,,,,,0.0,0.0
-5445906738201891339-2607241603-6,7247,2607241615,2607241615,2,,S,S2,Schorndorf|Weiler(Rems)|Winterbach(b Schorndorf)|Geradstetten|Grunbach,8000934,Beutelsbach,Baden-Württemberg,Weinstadt,71384,9.38551589,48.81038925,5,2607241615,,2607241615,,,,,,,,,,,0.0,0.0
1014763779494518341-2607241550-10,7242,2607241613,2607241613,1,,S,S2,Stuttgart Hbf|Stuttgart-Bad Cannstatt|Stuttgart Nürnberger Str.|Stuttgart-Sommerrain|Fellbach|Waiblingen|Rommelshausen|Stetten-Beinstein|Endersbach,8000934,Beutelsbach,Baden-Württemberg,Weinstadt,71384,9.38551589,48.81038925,5,2607241618,,2607241618,,,,,,,,,,,5.0,5.0
-4827015275996172889-2607241637-1,7549,,2607241637,,,S,S5,,8000038,Bietigheim-Bissingen,Baden-Württemberg,Bietigheim-Bissingen,74321,9.137217396,48.94794988,2,,,2607241637,,,,,,,,,,,0.0,0.0
821086877842718349-2607241617-3,19522,2607241635,2607241636,7,,RE,MEX17a,Stuttgart Hbf|Ludwigsburg,8000038,Bietigheim-Bissingen,Baden-Württemberg,Bietigheim-Bissingen,74321,9.137217396,48.94794988,2,2607241637,,2607241639,,h,2,Information,,,,,,,2.0,3.0
-4628505577045451249-2607241557-9,7544,2607241624,,,,S,,Stuttgart Hbf|Stuttgart Nordbahnhof|Stuttgart-Feuerbach|Stuttgart-Zuffenhausen|Kornwestheim Pbf|Ludwigsburg|Asperg|Tamm(Württ),8000038,Bietigheim-Bissingen,Baden-Württemberg,Bietigheim-Bissingen,74321,9.137217396,48.94794988,2,2607241626,5,,,,,,,,,,,,2.0,0.0
-7374615005335437929-2607241614-12,19527,2607241649,2607241650,4,,RE,MEX17,Pforzheim Hbf|Eutingen(Baden)|Niefern|Enzberg|Mühlacker|Mühlacker Rößlesweg|Illingen(Württ)|Vaihingen(Enz)|Sersheim|Sachsenheim|Ellental,8000038,Bietigheim-Bissingen,Baden-Württemberg,Bietigheim-Bissingen,74321,9.137217396,48.94794988,2,2607241650,,2607241651,,h,2,Information,,,,,,,1.0,1.0
4626892396658662892-2607241627-9,7546,2607241654,,,,S,,Stuttgart Hbf|Stuttgart Nordbahnhof|Stuttgart-Feuerbach|Stuttgart-Zuffenhausen|Kornwestheim Pbf|Ludwigsburg|Asperg|Tamm(Württ),8000038,Bietigheim-Bissingen,Baden-Württemberg,Bietigheim-Bissingen,74321,9.137217396,48.94794988,2,2607241656,5,,,,,,,,,,,,2.0,0.0
2703177460350059682-2607241505-12,19278,2607241638,2607241639,10,,RE,MEX12,Tübingen Hbf|Reutlingen Hbf|Metzingen(Württ)|Bempflingen|Nürtingen|Oberboihingen|Wendlingen(Neckar)|Plochingen|Esslingen(Neckar)|Kornwestheim Pbf|Ludwigsburg,8000038,Bietigheim-Bissingen,Baden-Württemberg,Bietigheim-Bissingen,74321,9.137217396,48.94794988,2,2607241641,,2607241643,,h,2,Information,,,,,,,3.0,4.0
3550462619255367417-2607241607-1,7547,,2607241607,,,S,S5,,8000038,Bietigheim-Bissingen,Baden-Württemberg,Bietigheim-Bissingen,74321,9.137217396,48.94794988,2,,,2607241608,,,,,,,,,,,0.0,1.0
-706211857508750217-2607241505-12,19324,2607241638,2607241639,10,,RE,MEX18,Tübingen Hbf|Reutlingen Hbf|Metzingen(Württ)|Bempflingen|Nürtingen|Oberboihingen|Wendlingen(Neckar)|Plochingen|Esslingen(Neckar)|Kornwestheim Pbf|Ludwigsburg,8000038,Bietigheim-Bissingen,Baden-Württemberg,Bietigheim-Bissingen,74321,9.137217396,48.94794988,2,2607241641,,2607241643,,h,2,Information,,,,,,,3.0,4.0
850856536630072674-2607241512-15,19525,2607241624,2607241627,4,,RE,MEX17,Karlsruhe Hbf|Karlsruhe-Durlach|Wilferdingen-Singen|Pforzheim Hbf|Eutingen(Baden)|Niefern|Enzberg|Mühlacker|Mühlacker Rößlesweg|Illingen(Württ)|Vaihingen(Enz)|Sersheim|Sachsenheim|Ellental,8000038,Bietigheim-Bissingen,Baden-Württemberg,Bietigheim-Bissingen,74321,9.137217396,48.94794988,2,2607241626,,2607241628,,h,2,Information,,,,,,,2.0,1.0
-8726739109013782304-2607241557-7,19231,2607241622,2607241625,8,,RE,MEX12,Heilbronn Hbf|Nordheim(Württ)|Lauffen(Neckar)|Kirchheim(Neckar)|Walheim(Württ)|Besigheim,8000038,Bietigheim-Bissingen,Baden-Württemberg,Bietigheim-Bissingen,74321,9.137217396,48.94794988,2,2607241628,,2607241629,,h,2,Störung,,,,,,,6.0,4.0
4714350108446430975-2607241617-3,19622,2607241635,2607241636,7,,RE,MEX17c,Stuttgart Hbf|Ludwigsburg,8000038,Bietigheim-Bissingen,Baden-Württemberg,Bietigheim-Bissingen,74321,9.137217396,48.94794988,2,2607241637,,2607241639,,,,,,,,,,,2.0,3.0
1835871203940763615-2607241601-2,88778,2607241629,,,,RE,,Pforzheim Hbf,8000038,Bietigheim-Bissingen,Baden-Württemberg,Bietigheim-Bissingen,74321,9.137217396,48.94794988,2,2607241705,3,,,h,2,Information,,,Pforzheim Hbf,,,,36.0,0.0
-8657431856316305604-2607241512-5,19322,2607241559,2607241600,10,,RE,MEX18,Plochingen|Esslingen(Neckar)|Kornwestheim Pbf|Ludwigsburg,8000038,Bietigheim-Bissingen,Baden-Württemberg,Bietigheim-Bissingen,74321,9.137217396,48.94794988,2,2607241559,8,2607241604,8,h,2,Störung,,,,,,,0.0,4.0
9217748731887927685-2607241629-1,19076,,2607241629,,,ARV,RE8,,8000038,Bietigheim-Bissingen,Baden-Württemberg,Bietigheim-Bissingen,74321,9.137217396,48.94794988,2,,,2607241630,9,,,,,,,,,,0.0,1.0
-3633189876618963402-2607241604-1,19520,,2607241604,,,RE,MEX17,,8000038,Bietigheim-Bissingen,Baden-Württemberg,Bietigheim-Bissingen,74321,9.137217396,48.94794988,2,,,2607241605,3,h,2,Information,,,,,,,0.0,1.0
2675563307769271121-2607241437-8,19073,2607241630,2607241632,8,,ARV,RE8,Würzburg Hbf|Lauda|Osterburken|Möckmühl|Bad Friedrichshall Hbf|Neckarsulm|Heilbronn Hbf,8000038,Bietigheim-Bissingen,Baden-Württemberg,Bietigheim-Bissingen,74321,9.137217396,48.94794988,2,2607241646,,2607241647,,,,,,,,,,,16.0,15.0
-8079747619453490053-2607241536-20,19327,2607241655,2607241657,8,,RE,MEX18,Osterburken|Adelsheim Ost|Sennfeld|Roigheim|Möckmühl|Züttlingen|Siglingen|Neudenau|Herbolzheim(Jagst)|Untergriesheim|Bad Friedrichshall Hbf|Neckarsulm|Heilbronn Sülmertor|Heilbronn Hbf|Nordheim(Württ)|Lauffen(Neckar)|Kirchheim(Neckar)|Walheim(Württ)|Besigheim,8000038,Bietigheim-Bissingen,Baden-Württemberg,Bietigheim-Bissingen,74321,9.137217396,48.94794988,2,2607241715,,2607241716,,h,2,Störung,,,,,,,20.0,19.0
-6914583863248620869-2607241602-12,8129,2607241625,,1,,WEG,,Dettenhausen|Weil im Schönbuch Untere Halde|Weil im Schönbuch Röte|Weil im Schönbuch Troppel|Holzgerlingen Buch|Holzgerlingen Bf|Holzgerlingen Hülben|Böblingen Zimmerschlag|Böblingen Heusteigstr|Böblingen Südbf|Böblingen Danziger Str,8001055,Böblingen,Baden-Württemberg,Böblingen,71034,9.004531864,48.68784871,3,2607241625,,,,,,,,,,,,,0.0,0.0
4046308478119658372-2607241546-6,7746,2607241600,2607241600,3,,S,S1,Herrenberg|Nufringen|Gärtringen|Ehningen(b Böblingen)|Hulb,8001055,Böblingen,Baden-Württemberg,Böblingen,71034,9.004531864,48.68784871,3,2607241601,,2607241603,,,,,,,,,,,1.0,3.0
-700744146323234249-2607241616-6,7748,2607241630,2607241630,3,,S,S1,Herrenberg|Nufringen|Gärtringen|Ehningen(b Böblingen)|Hulb,8001055,Böblingen,Baden-Württemberg,Böblingen,71034,9.004531864,48.68784871,3,2607241631,,2607241632,,,,,,,,,,,1.0,2.0
-4934377407582477101-2607241538-16,7046,2607241626,,5,,S,,Stuttgart-Feuerbach|Stuttgart-Zuffenhausen|Neuwirtshaus(Porscheplatz)|Korntal|Weilimdorf|Ditzingen|Höfingen|Leonberg|Rutesheim|Renningen|Renningen Süd|Magstadt|Maichingen Nord|Maichingen|Sindelfingen,8001055,Böblingen,Baden-Württemberg,Böblingen,71034,9.004531864,48.68784871,3,2607241627,,,,,,,,,,,,,1.0,0.0
-4254138139029607975-2607241632-12,8133,2607241655,,1,,WEG,,Dettenhausen|Weil im Schönbuch Untere Halde|Weil im Schönbuch Röte|Weil im Schönbuch Troppel|Holzgerlingen Buch|Holzgerlingen Bf|Holzgerlingen Hülben|Böblingen Zimmerschlag|Böblingen Heusteigstr|Böblingen Südbf|Böblingen Danziger Str,8001055,Böblingen,Baden-Württemberg,Böblingen,71034,9.004531864,48.68784871,3,2607241655,,,,,,,,,,,,,0.0,0.0
-3857587200421256648-2607241633-1,28488,,2607241633,,,RE,RESB,,8001055,Böblingen,Baden-Württemberg,Böblingen,71034,9.004531864,48.68784871,3,,,2607241635,,,,,,,,,,,0.0,2.0
-8635994245092485777-2607241605-1,8128,,2607241605,,,WEG,RB46,,8001055,Böblingen,Baden-Württemberg,Böblingen,71034,9.004531864,48.68784871,3,,,2607241605,,,,,,,,,,,0.0,0.0
-3536192323965020429-2607241616-4,7745,2607241630,2607241630,4,,S,S1,Stuttgart-Vaihingen|Stuttgart-Rohr|Goldberg(Württ),8001055,Böblingen,Baden-Württemberg,Böblingen,71034,9.004531864,48.68784871,3,2607241630,,2607241631,,,,,,,,,,,0.0,1.0
3052355004880075210-2607241634-1,7047,,2607241634,,,S,S60,,8001055,Böblingen,Baden-Württemberg,Böblingen,71034,9.004531864,48.68784871,3,,,2607241634,,,,,,,,,,,0.0,0.0
-8351377194669505707-2607241612-3,17653,2607241638,2607241639,5,,RE,RE14b,Stuttgart Hbf|Stuttgart-Vaihingen,8001055,Böblingen,Baden-Württemberg,Böblingen,71034,9.004531864,48.68784871,3,2607241638,,2607241640,,,,,,,,,,,0.0,1.0
2623969724242618233-2607241612-3,17655,2607241638,2607241639,5,,RE,RE14a,Stuttgart Hbf|Stuttgart-Vaihingen,8001055,Böblingen,Baden-Württemberg,Böblingen,71034,9.004531864,48.68784871,3,2607241638,,2607241640,,,,,,,,,,,0.0,1.0
6036503238720280244-2607241546-4,7743,2607241600,2607241600,4,,S,S1,Stuttgart-Vaihingen|Stuttgart-Rohr|Goldberg(Württ),8001055,Böblingen,Baden-Württemberg,Böblingen,71034,9.004531864,48.68784871,3,2607241600,,2607241602,,,,,,,,,,,0.0,2.0
-3098895725265062817-2607241610-1,17651,,2607241610,,,RB,RB14a,,8001055,Böblingen,Baden-Württemberg,Böblingen,71034,9.004531864,48.68784871,3,,,2607241610,2,,,,,,,,,,0.0,0.0
1385355651314404449-2607241603-3,28489,2607241626,,2,,RE,,Stuttgart Hbf|Stuttgart-Vaihingen,8001055,Böblingen,Baden-Württemberg,Böblingen,71034,9.004531864,48.68784871,3,2607241627,,,,,,,,,,,,,1.0,0.0
-4320397447687881024-2607241604-1,7045,,2607241604,,,S,S60,,8001055,Böblingen,Baden-Württemberg,Böblingen,71034,9.004531864,48.68784871,3,,,2607241604,,,,,,,,,,,0.0,0.0
6681912046571042819-2607241635-1,8132,,2607241635,,,WEG,RB46,,8001055,Böblingen,Baden-Württemberg,Böblingen,71034,9.004531864,48.68784871,3,,,2607241635,,,,,,,,,,,0.0,0.0
-3938449558083296947-2607241608-16,7048,2607241656,,5,,S,,Stuttgart-Feuerbach|Stuttgart-Zuffenhausen|Neuwirtshaus(Porscheplatz)|Korntal|Weilimdorf|Ditzingen|Höfingen|Leonberg|Rutesheim|Renningen|Renningen Süd|Magstadt|Maichingen Nord|Maichingen|Sindelfingen,8001055,Böblingen,Baden-Württemberg,Böblingen,71034,9.004531864,48.68784871,3,2607241656,,,,,,,,,,,,,0.0,0.0
-922318236278418485-2607241633-7,7649,2607241654,2607241654,3,,S,S6,Weil der Stadt|Malmsheim|Renningen|Rutesheim|Leonberg|Höfingen,8001476,Ditzingen,Baden-Württemberg,Ditzingen,71254,9.067095186,48.82358726,4,2607241654,,2607241654,,,,,,,,,,,0.0,0.0
924644417488732877-2607241617-8,7644,2607241636,2607241636,2,,S,S6,Stuttgart Hbf|Stuttgart Nordbahnhof|Stuttgart-Feuerbach|Stuttgart-Zuffenhausen|Neuwirtshaus(Porscheplatz)|Korntal|Weilimdorf,8001476,Ditzingen,Baden-Württemberg,Ditzingen,71254,9.067095186,48.82358726,4,2607241636,,2607241636,,,,,,,,,,,0.0,0.0
7725913400382290286-2607241603-7,7647,2607241624,2607241624,3,,S,S6,Weil der Stadt|Malmsheim|Renningen|Rutesheim|Leonberg|Höfingen,8001476,Ditzingen,Baden-Württemberg,Ditzingen,71254,9.067095186,48.82358726,4,2607241624,,2607241625,,,,,,,,,,,0.0,1.0
-193680393512143758-2607241638-6,7050,2607241651,2607241651,2,,S,S60,Stuttgart-Feuerbach|Stuttgart-Zuffenhausen|Neuwirtshaus(Porscheplatz)|Korntal|Weilimdorf,8001476,Ditzingen,Baden-Württemberg,Ditzingen,71254,9.067095186,48.82358726,4,2607241651,,2607241651,,,,,,,,,,,0.0,0.0
-434662733066569795-2607241547-8,7642,2607241606,2607241606,2,,S,S6,Stuttgart Hbf|Stuttgart Nordbahnhof|Stuttgart-Feuerbach|Stuttgart-Zuffenhausen|Neuwirtshaus(Porscheplatz)|Korntal|Weilimdorf,8001476,Ditzingen,Baden-Württemberg,Ditzingen,71254,9.067095186,48.82358726,4,2607241607,,2607241608,,,,,,,,,,,1.0,2.0
-4320397447687881024-2607241604-11,7045,2607241639,2607241639,3,,S,S60,Böblingen|Sindelfingen|Maichingen|Maichingen Nord|Magstadt|Renningen Süd|Renningen|Rutesheim|Leonberg|Höfingen,8001476,Ditzingen,Baden-Württemberg,Ditzingen,71254,9.067095186,48.82358726,4,2607241639,,2607241639,,,,,,,,,,,0.0,0.0
-3938449558083296947-2607241608-6,7048,2607241621,2607241621,2,,S,S60,Stuttgart-Feuerbach|Stuttgart-Zuffenhausen|Neuwirtshaus(Porscheplatz)|Korntal|Weilimdorf,8001476,Ditzingen,Baden-Württemberg,Ditzingen,71254,9.067095186,48.82358726,4,2607241621,,2607241621,,,,,,,,,,,0.0,0.0
-6317899099651385370-2607241534-11,7043,2607241609,2607241609,3,,S,S60,Böblingen|Sindelfingen|Maichingen|Maichingen Nord|Magstadt|Renningen Süd|Renningen|Rutesheim|Leonberg|Höfingen,8001476,Ditzingen,Baden-Württemberg,Ditzingen,71254,9.067095186,48.82358726,4,2607241609,,2607241609,,,,,,,,,,,0.0,0.0
-7890265662573644504-2607241605-5,7945,2607241619,2607241620,1,,S,S2,Stuttgart-Vaihingen|Stuttgart-Rohr|Oberaichen|Leinfelden,8001650,Echterdingen,Baden-Württemberg,Echterdingen,70771,9.169307175,48.69214787,4,2607241620,,2607241621,,,,,,,,,,,1.0,1.0
378305189179015240-2607241635-5,7947,2607241649,2607241650,1,,S,S2,Stuttgart-Vaihingen|Stuttgart-Rohr|Oberaichen|Leinfelden,8001650,Echterdingen,Baden-Württemberg,Echterdingen,70771,9.169307175,48.69214787,4,2607241649,,2607241651,,,,,,,,,,,0.0,1.0
7145149212361785028-2607241603-3,7944,2607241610,2607241610,2,,S,S2,Filderstadt|Stuttgart Flughafen/Messe,8001650,Echterdingen,Baden-Württemberg,Echterdingen,70771,9.169307175,48.69214787,4,2607241610,,2607241610,,,,,,,,,,,0.0,0.0
1877783574861069288-2607241633-3,7946,2607241640,2607241640,2,,S,S2,Filderstadt|Stuttgart Flughafen/Messe,8001650,Echterdingen,Baden-Württemberg,Echterdingen,70771,9.169307175,48.69214787,4,2607241640,,2607241640,,,,,,,,,,,0.0,0.0
-700744146323234249-2607241616-4,7748,2607241625,2607241625,1,,S,S1,Herrenberg|Nufringen|Gärtringen,8001689,Ehningen (b Böblingen),Baden-Württemberg,Ehningen,71139,8.944310368,48.66275549,4,2607241626,,2607241626,,,,,,,,,,,1.0,1.0
-3536192323965020429-2607241616-6,7745,2607241635,2607241635,2,,S,S1,Stuttgart-Vaihingen|Stuttgart-Rohr|Goldberg(Württ)|Böblingen|Hulb,8001689,Ehningen (b Böblingen),Baden-Württemberg,Ehningen,71139,8.944310368,48.66275549,4,2607241635,,2607241636,,,,,,,,,,,0.0,1.0
-7101481629715291400-2607241646-4,7750,2607241655,2607241655,1,,S,S1,Herrenberg|Nufringen|Gärtringen,8001689,Ehningen (b Böblingen),Baden-Württemberg,Ehningen,71139,8.944310368,48.66275549,4,2607241655,,2607241656,,,,,,,,,,,0.0,1.0
6036503238720280244-2607241546-6,7743,2607241605,2607241605,2,,S,S1,Stuttgart-Vaihingen|Stuttgart-Rohr|Goldberg(Württ)|Böblingen|Hulb,8001689,Ehningen (b Böblingen),Baden-Württemberg,Ehningen,71139,8.944310368,48.66275549,4,2607241606,,2607241607,,,,,,,,,,,1.0,2.0
6086544143608493018-2607241633-7,7249,2607241647,2607241647,3,,S,S2,Schorndorf|Weiler(Rems)|Winterbach(b Schorndorf)|Geradstetten|Grunbach|Beutelsbach,8001785,Endersbach,Baden-Württemberg,Weinstadt,71384,9.370192421,48.81317323,4,2607241647,,2607241647,,,,,,,,,,,0.0,0.0
60204090947316905-2607241620-9,7244,2607241641,2607241641,2,,S,S2,Stuttgart Hbf|Stuttgart-Bad Cannstatt|Stuttgart Nürnberger Str.|Stuttgart-Sommerrain|Fellbach|Waiblingen|Rommelshausen|Stetten-Beinstein,8001785,Endersbach,Baden-Württemberg,Weinstadt,71384,9.370192421,48.81317323,4,2607241641,,2607241641,,,,,,,,,,,0.0,0.0
-5445906738201891339-2607241603-7,7247,2607241617,2607241617,3,,S,S2,Schorndorf|Weiler(Rems)|Winterbach(b Schorndorf)|Geradstetten|Grunbach|Beutelsbach,8001785,Endersbach,Baden-Württemberg,Weinstadt,71384,9.370192421,48.81317323,4,2607241617,,2607241617,,,,,,,,,,,0.0,0.0
1014763779494518341-2607241550-9,7242,2607241611,2607241611,2,,S,S2,Stuttgart Hbf|Stuttgart-Bad Cannstatt|Stuttgart Nürnberger Str.|Stuttgart-Sommerrain|Fellbach|Waiblingen|Rommelshausen|Stetten-Beinstein,8001785,Endersbach,Baden-Württemberg,Weinstadt,71384,9.370192421,48.81317323,4,2607241616,,2607241616,,,,,,,,,,,5.0,5.0
-7748732492772087501-2607241607-11,7442,2607241640,2607241640,1,,S,S4,Stuttgart Hbf|Stuttgart Nordbahnhof|Stuttgart-Feuerbach|Stuttgart-Zuffenhausen|Kornwestheim Pbf|Ludwigsburg|Favoritepark|Freiberg(Neckar)|Benningen(Neckar)|Marbach(Neckar),8001827,Erdmannhausen,Baden-Württemberg,Erdmannhausen,71729,9.298930848,48.9483447,6,2607241640,,2607241641,,h,1,Bauarbeiten,,,,,,,0.0,1.0
-2365839264405796350-2607241537-11,7440,2607241610,2607241610,1,,S,S4,Stuttgart Hbf|Stuttgart Nordbahnhof|Stuttgart-Feuerbach|Stuttgart-Zuffenhausen|Kornwestheim Pbf|Ludwigsburg|Favoritepark|Freiberg(Neckar)|Benningen(Neckar)|Marbach(Neckar),8001827,Erdmannhausen,Baden-Württemberg,Erdmannhausen,71729,9.298930848,48.9483447,6,2607241610,,2607241611,,h,1,Bauarbeiten,,,,,,,0.0,1.0
5327947684497269441-2607241645-2,7449,2607241647,2607241648,1,,S,S4,Kirchberg(Murr),8001827,Erdmannhausen,Baden-Württemberg,Erdmannhausen,71729,9.298930848,48.9483447,6,2607241647,,2607241648,,h,1,Bauarbeiten,,,,,,,0.0,0.0
-7316032691190328672-2607241615-2,7447,2607241617,2607241618,1,,S,S4,Kirchberg(Murr),8001827,Erdmannhausen,Baden-Württemberg,Erdmannhausen,71729,9.298930848,48.9483447,6,2607241617,,2607241618,,h,1,Bauarbeiten,,,,,,,0.0,0.0
-2011080657640237201-2607241612-2,19326,2607241622,2607241623,3,,RE,MEX18,Plochingen,8001920,Esslingen (Neckar),Baden-Württemberg,Esslingen am Neckar,73728,9.300578149,48.73854148,3,2607241620,2,2607241623,2,h,2,Störung,,,,,,,-2.0,0.0
9072809401414477062-2607241550-9,7147,2607241617,2607241617,7,,S,S1,Kirchheim(Teck)|Kirchheim(Teck)-Ötlingen|Wendlingen(Neckar)|Wernau(Neckar)|Plochingen|Altbach|Esslingen-Zell|Oberesslingen,8001920,Esslingen (Neckar),Baden-Württemberg,Esslingen am Neckar,73728,9.300578149,48.73854148,3,2607241620,,2607241621,,h,1,Störung,,,,,,,3.0,4.0
-7851813684664054699-2607241620-9,7149,2607241647,2607241647,7,,S,S1,Kirchheim(Teck)|Kirchheim(Teck)-Ötlingen|Wendlingen(Neckar)|Wernau(Neckar)|Plochingen|Altbach|Esslingen-Zell|Oberesslingen,8001920,Esslingen (Neckar),Baden-Württemberg,Esslingen am Neckar,73728,9.300578149,48.73854148,3,2607241656,,2607241657,,h,1,Störung,,,,,,,9.0,10.0
1890742567431507346-2607241625-7,7146,2607241642,2607241643,8,,S,S1,Stuttgart Hbf|Stuttgart-Bad Cannstatt|Stuttgart Neckarpark|Stuttgart-Untertürkheim|Stuttgart-Obertürkheim|Esslingen-Mettingen,8001920,Esslingen (Neckar),Baden-Württemberg,Esslingen am Neckar,73728,9.300578149,48.73854148,3,2607241643,,2607241644,,h,1,Störung,,,,,,,1.0,1.0
2152293342088146683-2607241403-12,4220,2607241612,2607241613,3,,RE,RE5,Friedrichshafen Stadt|Meckenbeuren|Ravensburg|Aulendorf|Bad Schussenried|Biberach(Riß)|Laupheim West|Ulm Hbf|Geislingen(Steige)|Göppingen|Plochingen,8001920,Esslingen (Neckar),Baden-Württemberg,Esslingen am Neckar,73728,9.300578149,48.73854148,3,2607241613,,2607241619,,,,,,,,,,,1.0,6.0
7941696835731553601-2607241457-11,19229,2607241604,2607241605,6,,RE,MEX12,Heilbronn Hbf|Nordheim(Württ)|Lauffen(Neckar)|Kirchheim(Neckar)|Walheim(Württ)|Besigheim|Bietigheim-Bissingen|Ludwigsburg|Stuttgart Hbf|Stuttgart-Bad Cannstatt,8001920,Esslingen (Neckar),Baden-Württemberg,Esslingen am Neckar,73728,9.300578149,48.73854148,3,2607241610,8,2607241613,8,h,2,Störung,,,,,,,6.0,8.0
-8415102531932798272-2607241639-2,4225,2607241648,2607241648,5,,RE,RE5,Stuttgart Hbf,8001920,Esslingen (Neckar),Baden-Württemberg,Esslingen am Neckar,73728,9.300578149,48.73854148,3,2607241650,,2607241652,,,,,,,,,,,2.0,4.0
-378341590922543993-2607241436-23,19325,2607241634,2607241635,6,,RE,MEX18,Osterburken|Adelsheim Ost|Sennfeld|Roigheim|Möckmühl|Züttlingen|Siglingen|Neudenau|Herbolzheim(Jagst)|Untergriesheim|Bad Friedrichshall Hbf|Neckarsulm|Heilbronn Sülmertor|Heilbronn Hbf|Nordheim(Württ)|Lauffen(Neckar)|Kirchheim(Neckar)|Walheim(Württ)|Besigheim|Bietigheim-Bissingen|Ludwigsburg|Kornwestheim Pbf,8001920,Esslingen (Neckar),Baden-Württemberg,Esslingen am Neckar,73728,9.300578149,48.73854148,3,2607241643,,2607241644,,h,2,Störung,,,,,,,9.0,9.0
-6750794421454638985-2607241420-4,224,2607241607,2607241609,3,,ICE,,München Hbf|Augsburg Hbf|Ulm Hbf,8001920,Esslingen (Neckar),Baden-Württemberg,Esslingen am Neckar,73728,9.300578149,48.73854148,3,2607241610,5,2607241616,5,h,2,Information,,,,,,,3.0,7.0
-7759827436146803415-2607241605-4,569,2607241658,2607241700,5,,ICE,,Karlsruhe Hbf|Bruchsal|Vaihingen(Enz),8001920,Esslingen (Neckar),Baden-Württemberg,Esslingen am Neckar,73728,9.300578149,48.73854148,3,2607241703,,2607241704,,h,3,Information,,,,,,,5.0,4.0
5506469601342734593-2607241642-3,19157,2607241653,2607241654,5,,ARV,MEX16,Stuttgart Hbf|Stuttgart-Bad Cannstatt,8001920,Esslingen (Neckar),Baden-Württemberg,Esslingen am Neckar,73728,9.300578149,48.73854148,3,2607241657,,2607241658,,,,,,,,,,,4.0,4.0
-4518036593443333600-2607241436-20,19152,2607241601,2607241602,3,,ARV,MEX16,Ulm Hbf|Beimerstetten|Westerstetten|Lonsee|Urspring|Amstetten(Württ)|Geislingen(Steige)|Geislingen(Steige)West|Kuchen|Gingen(Fils)|Süßen|Salach|Eislingen(Fils)|Göppingen|Faurndau|Uhingen|Ebersbach(Fils)|Reichenbach(Fils)|Plochingen,8001920,Esslingen (Neckar),Baden-Württemberg,Esslingen am Neckar,73728,9.300578149,48.73854148,3,2607241602,,2607241603,,,,,,,,,,,1.0,1.0
-1095345854786785458-2607241605-9,19238,2607241655,2607241655,7,,RE,MEX12,Tübingen Hbf|Reutlingen Hbf|Metzingen(Württ)|Bempflingen|Nürtingen|Oberboihingen|Wendlingen(Neckar)|Plochingen,8001920,Esslingen (Neckar),Baden-Württemberg,Esslingen am Neckar,73728,9.300578149,48.73854148,3,2607241711,,2607241712,,h,2,Störung,,,,,,,16.0,17.0
6798270359717880545-2607241548-14,19154,2607241640,2607241640,3,,ARV,MEX16,Geislingen(Steige)|Geislingen(Steige)West|Kuchen|Gingen(Fils)|Süßen|Salach|Eislingen(Fils)|Göppingen|Faurndau|Uhingen|Ebersbach(Fils)|Reichenbach(Fils)|Plochingen,8001920,Esslingen (Neckar),Baden-Württemberg,Esslingen am Neckar,73728,9.300578149,48.73854148,3,2607241640,,2607241642,,,,,,,,,,,0.0,2.0
-6869650552962585885-2607241502-5,562,2607241658,2607241701,2,,ICE,,München Hbf|München-Pasing|Augsburg Hbf|Ulm Hbf,8001920,Esslingen (Neckar),Baden-Württemberg,Esslingen am Neckar,73728,9.300578149,48.73854148,3,2607241657,3,2607241701,3,,,,,,,,,,-1.0,0.0
6037772526634891708-2607241555-7,7144,2607241612,2607241613,8,,S,S1,Stuttgart Hbf|Stuttgart-Bad Cannstatt|Stuttgart Neckarpark|Stuttgart-Untertürkheim|Stuttgart-Obertürkheim|Esslingen-Mettingen,8001920,Esslingen (Neckar),Baden-Württemberg,Esslingen am Neckar,73728,9.300578149,48.73854148,3,2607241619,,2607241621,,h,1,Störung,,,,,,,7.0,8.0
5995165262498243987-2607241604-3,19155,2607241615,2607241615,5,,ARV,MEX16,Stuttgart Hbf|Stuttgart-Bad Cannstatt,8001920,Esslingen (Neckar),Baden-Württemberg,Esslingen am Neckar,73728,9.300578149,48.73854148,3,2607241620,,2607241621,,,,,,,,,,,5.0,6.0
6107646079787836440-2607241411-6,1095,2607241558,2607241600,5,,ICE,,Frankfurt(Main)Hbf|Darmstadt Hbf|Bensheim|Weinheim(Bergstr)Hbf|Heidelberg Hbf,8001920,Esslingen (Neckar),Baden-Württemberg,Esslingen am Neckar,73728,9.300578149,48.73854148,3,2607241600,,2607241602,,h,2,Information,,,,,,,2.0,2.0
9072809401414477062-2607241550-10,7147,2607241619,2607241620,3,,S,S1,Kirchheim(Teck)|Kirchheim(Teck)-Ötlingen|Wendlingen(Neckar)|Wernau(Neckar)|Plochingen|Altbach|Esslingen-Zell|Oberesslingen|Esslingen(Neckar),8001921,Esslingen-Mettingen,Baden-Württemberg,Esslingen am Neckar,73733,9.275799007,48.74696655,3,2607241623,,2607241624,,h,1,Störung,,,,,,,4.0,4.0
-7851813684664054699-2607241620-10,7149,2607241649,2607241650,3,,S,S1,Kirchheim(Teck)|Kirchheim(Teck)-Ötlingen|Wendlingen(Neckar)|Wernau(Neckar)|Plochingen|Altbach|Esslingen-Zell|Oberesslingen|Esslingen(Neckar),8001921,Esslingen-Mettingen,Baden-Württemberg,Esslingen am Neckar,73733,9.275799007,48.74696655,3,2607241659,,2607241659,,h,1,Störung,,,,,,,10.0,9.0
1890742567431507346-2607241625-6,7146,2607241639,2607241639,4,,S,S1,Stuttgart Hbf|Stuttgart-Bad Cannstatt|Stuttgart Neckarpark|Stuttgart-Untertürkheim|Stuttgart-Obertürkheim,8001921,Esslingen-Mettingen,Baden-Württemberg,Esslingen am Neckar,73733,9.275799007,48.74696655,3,2607241641,,2607241642,,h,1,Störung,,,,,,,2.0,3.0
6037772526634891708-2607241555-6,7144,2607241609,2607241609,4,,S,S1,Stuttgart Hbf|Stuttgart-Bad Cannstatt|Stuttgart Neckarpark|Stuttgart-Untertürkheim|Stuttgart-Obertürkheim,8001921,Esslingen-Mettingen,Baden-Württemberg,Esslingen am Neckar,73733,9.275799007,48.74696655,3,2607241616,,2607241617,,h,1,Störung,,,,,,,7.0,8.0
9072809401414477062-2607241550-7,7147,2607241612,2607241612,3,,S,S1,Kirchheim(Teck)|Kirchheim(Teck)-Ötlingen|Wendlingen(Neckar)|Wernau(Neckar)|Plochingen|Altbach,8006642,Esslingen-Zell,Baden-Württemberg,Esslingen am Neckar,73730,9.359739507,48.72436142,3,2607241615,,2607241616,,h,1,Störung,,,,,,,3.0,4.0
-7851813684664054699-2607241620-7,7149,2607241642,2607241642,3,,S,S1,Kirchheim(Teck)|Kirchheim(Teck)-Ötlingen|Wendlingen(Neckar)|Wernau(Neckar)|Plochingen|Altbach,8006642,Esslingen-Zell,Baden-Württemberg,Esslingen am Neckar,73730,9.359739507,48.72436142,3,2607241651,,2607241651,,h,1,Störung,,,,,,,9.0,9.0
1890742567431507346-2607241625-9,7146,2607241647,2607241648,4,,S,S1,Stuttgart Hbf|Stuttgart-Bad Cannstatt|Stuttgart Neckarpark|Stuttgart-Untertürkheim|Stuttgart-Obertürkheim|Esslingen-Mettingen|Esslingen(Neckar)|Oberesslingen,8006642,Esslingen-Zell,Baden-Württemberg,Esslingen am Neckar,73730,9.359739507,48.72436142,3,2607241648,,2607241649,,h,1,Störung,,,,,,,1.0,1.0
6037772526634891708-2607241555-9,7144,2607241617,2607241618,4,,S,S1,Stuttgart Hbf|Stuttgart-Bad Cannstatt|Stuttgart Neckarpark|Stuttgart-Untertürkheim|Stuttgart-Obertürkheim|Esslingen-Mettingen|Esslingen(Neckar)|Oberesslingen,8006642,Esslingen-Zell,Baden-Württemberg,Esslingen am Neckar,73730,9.359739507,48.72436142,3,2607241626,,2607241627,,h,1,Störung,,,,,,,9.0,9.0
-7748732492772087501-2607241607-7,7442,2607241626,2607241626,1,,S,S4,Stuttgart Hbf|Stuttgart Nordbahnhof|Stuttgart-Feuerbach|Stuttgart-Zuffenhausen|Kornwestheim Pbf|Ludwigsburg,8001967,Favoritepark,Baden-Württemberg,Ludwigsburg,71634,9.180574277,48.90948451,5,2607241626,,2607241627,,h,1,Bauarbeiten,,,,,,,0.0,1.0
-6219625233208101975-2607241545-6,7445,2607241603,2607241604,2,,S,S4,Kirchberg(Murr)|Erdmannhausen|Marbach(Neckar)|Benningen(Neckar)|Freiberg(Neckar),8001967,Favoritepark,Baden-Württemberg,Ludwigsburg,71634,9.180574277,48.90948451,5,2607241604,,2607241605,,h,1,Bauarbeiten,,,,,,,1.0,1.0
6027149644914886165-2607241637-7,7444,2607241656,2607241656,1,,S,S4,Stuttgart Hbf|Stuttgart Nordbahnhof|Stuttgart-Feuerbach|Stuttgart-Zuffenhausen|Kornwestheim Pbf|Ludwigsburg,8001967,Favoritepark,Baden-Württemberg,Ludwigsburg,71634,9.180574277,48.90948451,5,2607241658,,2607241659,,h,1,Bauarbeiten,,,,,,,2.0,3.0
-7316032691190328672-2607241615-6,7447,2607241633,2607241634,2,,S,S4,Kirchberg(Murr)|Erdmannhausen|Marbach(Neckar)|Benningen(Neckar)|Freiberg(Neckar),8001967,Favoritepark,Baden-Württemberg,Ludwigsburg,71634,9.180574277,48.90948451,5,2607241634,,2607241635,,h,1,Bauarbeiten,,,,,,,1.0,1.0
-3924626970669458370-2607241541-8,7345,2607241602,2607241603,4,,S,S3,Backnang|Maubach|Nellmersbach|Winnenden|Schwaikheim|Neustadt-Hohenacker|Waiblingen,8001974,Fellbach,Baden-Württemberg,Fellbach,70736,9.270645988,48.8202936,3,2607241602,,2607241603,,,,,,,,,,,0.0,0.0
6086544143608493018-2607241633-11,7249,2607241657,2607241658,4,,S,S2,Schorndorf|Weiler(Rems)|Winterbach(b Schorndorf)|Geradstetten|Grunbach|Beutelsbach|Endersbach|Stetten-Beinstein|Rommelshausen|Waiblingen,8001974,Fellbach,Baden-Württemberg,Fellbach,70736,9.270645988,48.8202936,3,2607241657,,2607241658,,,,,,,,,,,0.0,0.0
-6739253170809320051-2607241642-5,7346,2607241656,2607241657,1,,S,S3,Stuttgart Hbf|Stuttgart-Bad Cannstatt|Stuttgart Nürnberger Str.|Stuttgart-Sommerrain,8001974,Fellbach,Baden-Württemberg,Fellbach,70736,9.270645988,48.8202936,3,2607241658,,2607241659,,,,,,,,,,,2.0,2.0
-4004274244229684776-2607241612-5,7344,2607241626,2607241627,1,,S,S3,Stuttgart Hbf|Stuttgart-Bad Cannstatt|Stuttgart Nürnberger Str.|Stuttgart-Sommerrain,8001974,Fellbach,Baden-Württemberg,Fellbach,70736,9.270645988,48.8202936,3,2607241635,,2607241638,,,,,,,,,,,9.0,11.0
60204090947316905-2607241620-5,7244,2607241631,2607241632,1,,S,S2,Stuttgart Hbf|Stuttgart-Bad Cannstatt|Stuttgart Nürnberger Str.|Stuttgart-Sommerrain,8001974,Fellbach,Baden-Württemberg,Fellbach,70736,9.270645988,48.8202936,3,2607241631,,2607241632,,,,,,,,,,,0.0,0.0
-5445906738201891339-2607241603-11,7247,2607241627,2607241628,4,,S,S2,Schorndorf|Weiler(Rems)|Winterbach(b Schorndorf)|Geradstetten|Grunbach|Beutelsbach|Endersbach|Stetten-Beinstein|Rommelshausen|Waiblingen,8001974,Fellbach,Baden-Württemberg,Fellbach,70736,9.270645988,48.8202936,3,2607241627,,2607241628,,,,,,,,,,,0.0,0.0
-2983041268716826074-2607241611-8,7347,2607241632,2607241633,4,,S,S3,Backnang|Maubach|Nellmersbach|Winnenden|Schwaikheim|Neustadt-Hohenacker|Waiblingen,8001974,Fellbach,Baden-Württemberg,Fellbach,70736,9.270645988,48.8202936,3,2607241634,,2607241634,,,,,,,,,,,2.0,1.0
1014763779494518341-2607241550-5,7242,2607241601,2607241602,1,,S,S2,Stuttgart Hbf|Stuttgart-Bad Cannstatt|Stuttgart Nürnberger Str.|Stuttgart-Sommerrain,8001974,Fellbach,Baden-Württemberg,Fellbach,70736,9.270645988,48.8202936,3,2607241606,,2607241607,,,,,,,,,,,5.0,5.0
-7890265662573644504-2607241605-6,7945,2607241622,2607241623,1,,S,S2,Stuttgart-Vaihingen|Stuttgart-Rohr|Oberaichen|Leinfelden|Echterdingen,8005768,Stuttgart Flughafen/Messe,Baden-Württemberg,Leinfelden-Echterdingen,70629,9.193411574,48.69075193,4,2607241623,,2607241623,,,,,,,,,,,1.0,0.0
378305189179015240-2607241635-6,7947,2607241652,2607241653,1,,S,S2,Stuttgart-Vaihingen|Stuttgart-Rohr|Oberaichen|Leinfelden|Echterdingen,8005768,Stuttgart Flughafen/Messe,Baden-Württemberg,Leinfelden-Echterdingen,70629,9.193411574,48.69075193,4,2607241653,,2607241653,,,,,,,,,,,1.0,0.0
7145149212361785028-2607241603-2,7944,2607241607,2607241608,2,,S,S2,Filderstadt,8005768,Stuttgart Flughafen/Messe,Baden-Württemberg,Leinfelden-Echterdingen,70629,9.193411574,48.69075193,4,2607241607,,2607241608,,,,,,,,,,,0.0,0.0
1877783574861069288-2607241633-2,7946,2607241637,2607241638,2,,S,S2,Filderstadt,8005768,Stuttgart Flughafen/Messe,Baden-Württemberg,Leinfelden-Echterdingen,70629,9.193411574,48.69075193,4,2607241637,,2607241638,,,,,,,,,,,0.0,0.0
-7748732492772087501-2607241607-8,7442,2607241629,2607241629,3,,S,S4,Stuttgart Hbf|Stuttgart Nordbahnhof|Stuttgart-Feuerbach|Stuttgart-Zuffenhausen|Kornwestheim Pbf|Ludwigsburg|Favoritepark,8002065,Freiberg (Neckar),Baden-Württemberg,Freiberg am Neckar,71691,9.197530085,48.92994974,5,2607241629,,2607241630,,h,1,Bauarbeiten,,,,,,,0.0,1.0
-6219625233208101975-2607241545-5,7445,2607241600,2607241601,2,,S,S4,Kirchberg(Murr)|Erdmannhausen|Marbach(Neckar)|Benningen(Neckar),8002065,Freiberg (Neckar),Baden-Württemberg,Freiberg am Neckar,71691,9.197530085,48.92994974,5,2607241600,,2607241601,,h,1,Bauarbeiten,,,,,,,0.0,0.0
6027149644914886165-2607241637-8,7444,2607241659,2607241659,3,,S,S4,Stuttgart Hbf|Stuttgart Nordbahnhof|Stuttgart-Feuerbach|Stuttgart-Zuffenhausen|Kornwestheim Pbf|Ludwigsburg|Favoritepark,8002065,Freiberg (Neckar),Baden-Württemberg,Freiberg am Neckar,71691,9.197530085,48.92994974,5,2607241701,,2607241702,,h,1,Bauarbeiten,,,,,,,2.0,3.0
-7316032691190328672-2607241615-5,7447,2607241630,2607241631,2,,S,S4,Kirchberg(Murr)|Erdmannhausen|Marbach(Neckar)|Benningen(Neckar),8002065,Freiberg (Neckar),Baden-Württemberg,Freiberg am Neckar,71691,9.197530085,48.92994974,5,2607241631,,2607241631,,h,1,Bauarbeiten,,,,,,,1.0,0.0
-700744146323234249-2607241616-3,7748,2607241622,2607241622,2,,S,S1,Herrenberg|Nufringen,8002165,Gärtringen,Baden-Württemberg,Gärtringen,71116,8.908864487,48.64080021,5,2607241623,,2607241623,,,,,,,,,,,1.0,1.0
-3536192323965020429-2607241616-7,7745,2607241638,2607241638,1,,S,S1,Stuttgart-Vaihingen|Stuttgart-Rohr|Goldberg(Württ)|Böblingen|Hulb|Ehningen(b Böblingen),8002165,Gärtringen,Baden-Württemberg,Gärtringen,71116,8.908864487,48.64080021,5,2607241638,,2607241639,,,,,,,,,,,0.0,1.0
-7101481629715291400-2607241646-3,7750,2607241652,2607241652,2,,S,S1,Herrenberg|Nufringen,8002165,Gärtringen,Baden-Württemberg,Gärtringen,71116,8.908864487,48.64080021,5,2607241652,,2607241653,,,,,,,,,,,0.0,1.0
6036503238720280244-2607241546-7,7743,2607241608,2607241608,1,,S,S1,Stuttgart-Vaihingen|Stuttgart-Rohr|Goldberg(Württ)|Böblingen|Hulb|Ehningen(b Böblingen),8002165,Gärtringen,Baden-Württemberg,Gärtringen,71116,8.908864487,48.64080021,5,2607241610,,2607241611,,,,,,,,,,,2.0,3.0
6086544143608493018-2607241633-4,7249,2607241640,2607241641,1,,S,S2,Schorndorf|Weiler(Rems)|Winterbach(b Schorndorf),8002240,Geradstetten,Baden-Württemberg,Remshalden,73630,9.439522346,48.80527689,5,2607241640,,2607241641,,,,,,,,,,,0.0,0.0
60204090947316905-2607241620-12,7244,2607241647,2607241647,2,,S,S2,Stuttgart Hbf|Stuttgart-Bad Cannstatt|Stuttgart Nürnberger Str.|Stuttgart-Sommerrain|Fellbach|Waiblingen|Rommelshausen|Stetten-Beinstein|Endersbach|Beutelsbach|Grunbach,8002240,Geradstetten,Baden-Württemberg,Remshalden,73630,9.439522346,48.80527689,5,2607241647,,2607241648,,,,,,,,,,,0.0,1.0
-5445906738201891339-2607241603-4,7247,2607241610,2607241611,1,,S,S2,Schorndorf|Weiler(Rems)|Winterbach(b Schorndorf),8002240,Geradstetten,Baden-Württemberg,Remshalden,73630,9.439522346,48.80527689,5,2607241610,,2607241611,,,,,,,,,,,0.0,0.0
1014763779494518341-2607241550-12,7242,2607241617,2607241617,2,,S,S2,Stuttgart Hbf|Stuttgart-Bad Cannstatt|Stuttgart Nürnberger Str.|Stuttgart-Sommerrain|Fellbach|Waiblingen|Rommelshausen|Stetten-Beinstein|Endersbach|Beutelsbach|Grunbach,8002240,Geradstetten,Baden-Württemberg,Remshalden,73630,9.439522346,48.80527689,5,2607241622,,2607241623,,,,,,,,,,,5.0,6.0
4046308478119658372-2607241546-7,7746,2607241602,2607241602,2,,S,S1,Herrenberg|Nufringen|Gärtringen|Ehningen(b Böblingen)|Hulb|Böblingen,8005201,Goldberg,Baden-Württemberg,Böblingen,71032,9.019733387,48.69651581,5,2607241605,,2607241605,,,,,,,,,,,3.0,3.0
-700744146323234249-2607241616-7,7748,2607241632,2607241632,2,,S,S1,Herrenberg|Nufringen|Gärtringen|Ehningen(b Böblingen)|Hulb|Böblingen,8005201,Goldberg,Baden-Württemberg,Böblingen,71032,9.019733387,48.69651581,5,2607241634,,2607241634,,,,,,,,,,,2.0,2.0
6295831457013207177-2607241646-3,7747,2607241658,2607241658,1,,S,S1,Stuttgart-Vaihingen|Stuttgart-Rohr,8005201,Goldberg,Baden-Württemberg,Böblingen,71032,9.019733387,48.69651581,5,2607241658,,2607241659,,,,,,,,,,,0.0,1.0
-3536192323965020429-2607241616-3,7745,2607241628,2607241628,1,,S,S1,Stuttgart-Vaihingen|Stuttgart-Rohr,8005201,Goldberg,Baden-Württemberg,Böblingen,71032,9.019733387,48.69651581,5,2607241628,,2607241628,,,,,,,,,,,0.0,0.0
6086544143608493018-2607241633-5,7249,2607241642,2607241643,2,,S,S2,Schorndorf|Weiler(Rems)|Winterbach(b Schorndorf)|Geradstetten,8002448,Grunbach,Baden-Württemberg,Remshalden,73630,9.419580601,48.810414,4,2607241642,,2607241643,,,,,,,,,,,0.0,0.0
60204090947316905-2607241620-11,7244,2607241645,2607241645,3,,S,S2,Stuttgart Hbf|Stuttgart-Bad Cannstatt|Stuttgart Nürnberger Str.|Stuttgart-Sommerrain|Fellbach|Waiblingen|Rommelshausen|Stetten-Beinstein|Endersbach|Beutelsbach,8002448,Grunbach,Baden-Württemberg,Remshalden,73630,9.419580601,48.810414,4,2607241645,,2607241646,,,,,,,,,,,0.0,1.0
-5445906738201891339-2607241603-5,7247,2607241612,2607241613,2,,S,S2,Schorndorf|Weiler(Rems)|Winterbach(b Schorndorf)|Geradstetten,8002448,Grunbach,Baden-Württemberg,Remshalden,73630,9.419580601,48.810414,4,2607241612,,2607241613,,,,,,,,,,,0.0,0.0
1014763779494518341-2607241550-11,7242,2607241615,2607241615,3,,S,S2,Stuttgart Hbf|Stuttgart-Bad Cannstatt|Stuttgart Nürnberger Str.|Stuttgart-Sommerrain|Fellbach|Waiblingen|Rommelshausen|Stetten-Beinstein|Endersbach|Beutelsbach,8002448,Grunbach,Baden-Württemberg,Remshalden,73630,9.419580601,48.810414,4,2607241620,,2607241621,,,,,,,,,,,5.0,6.0
-5010270753819630786-2607241541-10,22815,2607241611,,102,,RB,,Tübingen Hbf|Tübingen West|Unterjesingen Sandäcker|Unterjesingen Mitte|Pfäffingen|Entringen|Altingen(Württ)|Gültstein|Herrenberg Zwerchweg,8002785,Herrenberg,Baden-Württemberg,Herrenberg,71083,8.862625253,48.59395697,3,2607241611,,,,,,,,,,,,,0.0,0.0
-700744146323234249-2607241616-1,7748,,2607241616,,,S,S1,,8002785,Herrenberg,Baden-Württemberg,Herrenberg,71083,8.862625253,48.59395697,3,,,2607241616,,,,,,,,,,,0.0,0.0
1686074082172148857-2607241649-1,22822,,2607241649,,,RB,RB63,,8002785,Herrenberg,Baden-Württemberg,Herrenberg,71083,8.862625253,48.59395697,3,,,2607241650,,,,,,,,,,,0.0,1.0
-1087968732323724490-2607241459-9,50486,2607241611,2607241611,1,,RE,IC87,Tuttlingen|Spaichingen|Rottweil|Oberndorf(Neckar)|Sulz(Neckar)|Horb|Bondorf(b Herrenberg)|Gäufelden,8002785,Herrenberg,Baden-Württemberg,Herrenberg,71083,8.862625253,48.59395697,3,2607241611,,2607241612,,h,2,Information,,,,,,,0.0,1.0
-4971194463444983518-2607241641-5,17660,2607241656,2607241656,1,,RE,RE14a,Eutingen im Gäu|Ergenzingen|Bondorf(b Herrenberg)|Gäufelden,8002785,Herrenberg,Baden-Württemberg,Herrenberg,71083,8.862625253,48.59395697,3,2607241656,,2607241656,,,,,,,,,,,0.0,0.0
-3536192323965020429-2607241616-9,7745,2607241645,,3,,S,,Stuttgart-Vaihingen|Stuttgart-Rohr|Goldberg(Württ)|Böblingen|Hulb|Ehningen(b Böblingen)|Gärtringen|Nufringen,8002785,Herrenberg,Baden-Württemberg,Herrenberg,71083,8.862625253,48.59395697,3,2607241645,,,,,,,,,,,,,0.0,0.0
-8351377194669505707-2607241612-4,17653,2607241648,2607241648,4,,RE,RE14b,Stuttgart Hbf|Stuttgart-Vaihingen|Böblingen,8002785,Herrenberg,Baden-Württemberg,Herrenberg,71083,8.862625253,48.59395697,3,2607241648,,2607241649,,,,,,,,,,,0.0,1.0
-7101481629715291400-2607241646-1,7750,,2607241646,,,S,S1,,8002785,Herrenberg,Baden-Württemberg,Herrenberg,71083,8.862625253,48.59395697,3,,,2607241646,,,,,,,,,,,0.0,0.0
2623969724242618233-2607241612-4,17655,2607241648,2607241648,4,,RE,RE14a,Stuttgart Hbf|Stuttgart-Vaihingen|Böblingen,8002785,Herrenberg,Baden-Württemberg,Herrenberg,71083,8.862625253,48.59395697,3,2607241648,,2607241649,,,,,,,,,,,0.0,1.0
6036503238720280244-2607241546-9,7743,2607241615,,3,,S,,Stuttgart-Vaihingen|Stuttgart-Rohr|Goldberg(Württ)|Böblingen|Hulb|Ehningen(b Böblingen)|Gärtringen|Nufringen,8002785,Herrenberg,Baden-Württemberg,Herrenberg,71083,8.862625253,48.59395697,3,2607241617,,,,,,,,,,,,,2.0,0.0
-3098895725265062817-2607241610-2,17651,2607241619,2607241622,4,,RB,RB14a,Böblingen,8002785,Herrenberg,Baden-Württemberg,Herrenberg,71083,8.862625253,48.59395697,3,2607241620,,2607241622,,,,,,,,,,,1.0,0.0
-6747797313256785096-2607241611-10,22821,2607241641,,102,,RB,,Tübingen Hbf|Tübingen West|Unterjesingen Sandäcker|Unterjesingen Mitte|Pfäffingen|Entringen|Altingen(Württ)|Gültstein|Herrenberg Zwerchweg,8002785,Herrenberg,Baden-Württemberg,Herrenberg,71083,8.862625253,48.59395697,3,2607241641,,,,,,,,,,,,,0.0,0.0
6853798235631102006-2607241459-9,2586,2607241611,2607241611,1,,IC,,Tuttlingen|Spaichingen|Rottweil|Oberndorf(Neckar)|Sulz(Neckar)|Horb|Bondorf(b Herrenberg)|Gäufelden,8002785,Herrenberg,Baden-Württemberg,Herrenberg,71083,8.862625253,48.59395697,3,2607241611,,2607241612,,h,2,Information,,,,,,,0.0,1.0
9123239233010098794-2607241619-1,22816,,2607241619,,,RB,RB63,,8002785,Herrenberg,Baden-Württemberg,Herrenberg,71083,8.862625253,48.59395697,3,,,2607241619,,,,,,,,,,,0.0,0.0
-922318236278418485-2607241633-6,7649,2607241650,2607241651,1,,S,S6,Weil der Stadt|Malmsheim|Renningen|Rutesheim|Leonberg,8002892,Höfingen,Baden-Württemberg,Leonberg,71229,9.026180834,48.81503436,5,2607241650,,2607241651,,,,,,,,,,,0.0,0.0
924644417488732877-2607241617-9,7644,2607241639,2607241639,2,,S,S6,Stuttgart Hbf|Stuttgart Nordbahnhof|Stuttgart-Feuerbach|Stuttgart-Zuffenhausen|Neuwirtshaus(Porscheplatz)|Korntal|Weilimdorf|Ditzingen,8002892,Höfingen,Baden-Württemberg,Leonberg,71229,9.026180834,48.81503436,5,2607241639,,2607241640,,,,,,,,,,,0.0,1.0
7725913400382290286-2607241603-6,7647,2607241620,2607241621,1,,S,S6,Weil der Stadt|Malmsheim|Renningen|Rutesheim|Leonberg,8002892,Höfingen,Baden-Württemberg,Leonberg,71229,9.026180834,48.81503436,5,2607241621,,2607241622,,,,,,,,,,,1.0,1.0
-193680393512143758-2607241638-7,7050,2607241654,2607241654,2,,S,S60,Stuttgart-Feuerbach|Stuttgart-Zuffenhausen|Neuwirtshaus(Porscheplatz)|Korntal|Weilimdorf|Ditzingen,8002892,Höfingen,Baden-Württemberg,Leonberg,71229,9.026180834,48.81503436,5,2607241654,,2607241655,,,,,,,,,,,0.0,1.0
-434662733066569795-2607241547-9,7642,2607241609,2607241609,2,,S,S6,Stuttgart Hbf|Stuttgart Nordbahnhof|Stuttgart-Feuerbach|Stuttgart-Zuffenhausen|Neuwirtshaus(Porscheplatz)|Korntal|Weilimdorf|Ditzingen,8002892,Höfingen,Baden-Württemberg,Leonberg,71229,9.026180834,48.81503436,5,2607241610,,2607241611,,,,,,,,,,,1.0,2.0
-4320397447687881024-2607241604-10,7045,2607241635,2607241636,1,,S,S60,Böblingen|Sindelfingen|Maichingen|Maichingen Nord|Magstadt|Renningen Süd|Renningen|Rutesheim|Leonberg,8002892,Höfingen,Baden-Württemberg,Leonberg,71229,9.026180834,48.81503436,5,2607241635,,2607241636,,,,,,,,,,,0.0,0.0
-3938449558083296947-2607241608-7,7048,2607241624,2607241624,2,,S,S60,Stuttgart-Feuerbach|Stuttgart-Zuffenhausen|Neuwirtshaus(Porscheplatz)|Korntal|Weilimdorf|Ditzingen,8002892,Höfingen,Baden-Württemberg,Leonberg,71229,9.026180834,48.81503436,5,2607241624,,2607241624,,,,,,,,,,,0.0,0.0
-6317899099651385370-2607241534-10,7043,2607241605,2607241606,1,,S,S60,Böblingen|Sindelfingen|Maichingen|Maichingen Nord|Magstadt|Renningen Süd|Renningen|Rutesheim|Leonberg,8002892,Höfingen,Baden-Württemberg,Leonberg,71229,9.026180834,48.81503436,5,2607241605,,2607241606,,,,,,,,,,,0.0,0.0
-700744146323234249-2607241616-5,7748,2607241628,2607241628,2,,S,S1,Herrenberg|Nufringen|Gärtringen|Ehningen(b Böblingen),8003022,Hulb,Baden-Württemberg,Böblingen-Hulb,71032,8.982396429,48.67924173,5,2607241629,,2607241630,,,,,,,,,,,1.0,2.0
-3536192323965020429-2607241616-5,7745,2607241632,2607241632,1,,S,S1,Stuttgart-Vaihingen|Stuttgart-Rohr|Goldberg(Württ)|Böblingen,8003022,Hulb,Baden-Württemberg,Böblingen-Hulb,71032,8.982396429,48.67924173,5,2607241632,,2607241633,,,,,,,,,,,0.0,1.0
-7101481629715291400-2607241646-5,7750,2607241658,2607241658,2,,S,S1,Herrenberg|Nufringen|Gärtringen|Ehningen(b Böblingen),8003022,Hulb,Baden-Württemberg,Böblingen-Hulb,71032,8.982396429,48.67924173,5,2607241658,,2607241659,,,,,,,,,,,0.0,1.0
6036503238720280244-2607241546-5,7743,2607241602,2607241602,1,,S,S1,Stuttgart-Vaihingen|Stuttgart-Rohr|Goldberg(Württ)|Böblingen,8003022,Hulb,Baden-Württemberg,Böblingen-Hulb,71032,8.982396429,48.67924173,5,2607241604,,2607241604,,,,,,,,,,,2.0,2.0
-7890265662573644504-2607241605-7,7945,2607241627,,1,,S,,Stuttgart-Vaihingen|Stuttgart-Rohr|Oberaichen|Leinfelden|Echterdingen|Stuttgart Flughafen/Messe,8001984,Filderstadt,Baden-Württemberg,Filderstadt,70794,9.217581315,48.67649151,5,2607241627,,,,,,,,,,,,,0.0,0.0
378305189179015240-2607241635-7,7947,2607241657,,1,,S,,Stuttgart-Vaihingen|Stuttgart-Rohr|Oberaichen|Leinfelden|Echterdingen|Stuttgart Flughafen/Messe,8001984,Filderstadt,Baden-Württemberg,Filderstadt,70794,9.217581315,48.67649151,5,2607241657,,,,,,,,,,,,,0.0,0.0
7145149212361785028-2607241603-1,7944,,2607241603,,,S,S2,,8001984,Filderstadt,Baden-Württemberg,Filderstadt,70794,9.217581315,48.67649151,5,,,2607241603,,,,,,,,,,,0.0,0.0
1877783574861069288-2607241633-1,7946,,2607241633,,,S,S2,,8001984,Filderstadt,Baden-Württemberg,Filderstadt,70794,9.217581315,48.67649151,5,,,2607241633,,,,,,,,,,,0.0,0.0
-7748732492772087501-2607241607-12,7442,2607241643,,1,,S,,Stuttgart Hbf|Stuttgart Nordbahnhof|Stuttgart-Feuerbach|Stuttgart-Zuffenhausen|Kornwestheim Pbf|Ludwigsburg|Favoritepark|Freiberg(Neckar)|Benningen(Neckar)|Marbach(Neckar)|Erdmannhausen,8003266,Kirchberg (Murr),Baden-Württemberg,Kirchberg an der Murr,71737,9.328210283,48.93928182,6,2607241644,,,,h,1,Bauarbeiten,,,,,,,1.0,0.0
-2365839264405796350-2607241537-12,7440,2607241613,,2,,S,,Stuttgart Hbf|Stuttgart Nordbahnhof|Stuttgart-Feuerbach|Stuttgart-Zuffenhausen|Kornwestheim Pbf|Ludwigsburg|Favoritepark|Freiberg(Neckar)|Benningen(Neckar)|Marbach(Neckar)|Erdmannhausen,8003266,Kirchberg (Murr),Baden-Württemberg,Kirchberg an der Murr,71737,9.328210283,48.93928182,6,2607241613,,,,h,1,Bauarbeiten,,,,,,,0.0,0.0
5327947684497269441-2607241645-1,7449,,2607241645,,,S,S4,,8003266,Kirchberg (Murr),Baden-Württemberg,Kirchberg an der Murr,71737,9.328210283,48.93928182,6,,,2607241645,,h,1,Bauarbeiten,,,,,,,0.0,0.0
-7316032691190328672-2607241615-1,7447,,2607241615,,,S,S4,,8003266,Kirchberg (Murr),Baden-Württemberg,Kirchberg an der Murr,71737,9.328210283,48.93928182,6,,,2607241615,,h,1,Bauarbeiten,,,,,,,0.0,0.0
-7851813684664054699-2607241620-1,7149,,2607241620,,,S,S1,,8003280,Kirchheim (Teck),Baden-Württemberg,Kirchheim unter Teck,73230,9.443872422,48.64415981,4,,,2607241628,,h,1,Störung,,,,,,,0.0,8.0
2843277745933048156-2607241617-1,37973,,2607241617,,,RB,RB64,,8003280,Kirchheim (Teck),Baden-Württemberg,Kirchheim unter Teck,73230,9.443872422,48.64415981,4,,,2607241617,,,,,,,,,,,0.0,0.0
713199971080468435-2607241650-1,7151,,2607241650,,,S,S1,,8003280,Kirchheim (Teck),Baden-Württemberg,Kirchheim unter Teck,73230,9.443872422,48.64415981,4,,,2607241650,,h,1,Störung,,,,,,c,0.0,0.0
-6176428807824195191-2607241525-15,7142,2607241609,,2,,S,,Stuttgart Hbf|Stuttgart-Bad Cannstatt|Stuttgart Neckarpark|Stuttgart-Untertürkheim|Stuttgart-Obertürkheim|Esslingen-Mettingen|Esslingen(Neckar)|Oberesslingen|Esslingen-Zell|Altbach|Plochingen|Wernau(Neckar)|Wendlingen(Neckar)|Kirchheim(Teck)-Ötlingen,8003280,Kirchheim (Teck),Baden-Württemberg,Kirchheim unter Teck,73230,9.443872422,48.64415981,4,2607241624,,,,h,1,Störung,,,,,,,15.0,0.0
6037772526634891708-2607241555-15,7144,2607241639,,2,,S,,Stuttgart Hbf|Stuttgart-Bad Cannstatt|Stuttgart Neckarpark|Stuttgart-Untertürkheim|Stuttgart-Obertürkheim|Esslingen-Mettingen|Esslingen(Neckar)|Oberesslingen|Esslingen-Zell|Altbach|Plochingen|Wernau(Neckar)|Wendlingen(Neckar)|Kirchheim(Teck)-Ötlingen,8003280,Kirchheim (Teck),Baden-Württemberg,Kirchheim unter Teck,73230,9.443872422,48.64415981,4,2607241646,,,,h,1,Störung,,,,,c,,7.0,0.0
-3318893360509076190-2607241554-7,37972,2607241612,,1,,RB,,Oberlenningen|Unterlenningen|Brucken|Owen(Teck)|Dettingen(Teck)|Kirchheim(Teck)Süd,8003280,Kirchheim (Teck),Baden-Württemberg,Kirchheim unter Teck,73230,9.443872422,48.64415981,4,2607241612,,,,,,,,,,,,,0.0,0.0
-7851813684664054699-2607241620-2,7149,2607241623,2607241623,1,,S,S1,Kirchheim(Teck),8003282,Kirchheim (Teck)-Ötlingen,Baden-Württemberg,Kirchheim unter Teck,73230,9.416261302,48.65782388,5,2607241633,,2607241634,,h,1,Störung,,,,,,,10.0,11.0
713199971080468435-2607241650-2,7151,2607241653,2607241653,1,,S,S1,Kirchheim(Teck),8003282,Kirchheim (Teck)-Ötlingen,Baden-Württemberg,Kirchheim unter Teck,73230,9.416261302,48.65782388,5,2607241653,,2607241654,,h,1,Störung,,,,,c,c,0.0,1.0
-6176428807824195191-2607241525-14,7142,2607241606,2607241607,1,,S,S1,Stuttgart Hbf|Stuttgart-Bad Cannstatt|Stuttgart Neckarpark|Stuttgart-Untertürkheim|Stuttgart-Obertürkheim|Esslingen-Mettingen|Esslingen(Neckar)|Oberesslingen|Esslingen-Zell|Altbach|Plochingen|Wernau(Neckar)|Wendlingen(Neckar),8003282,Kirchheim (Teck)-Ötlingen,Baden-Württemberg,Kirchheim unter Teck,73230,9.416261302,48.65782388,5,2607241608,2,2607241622,2,h,1,Störung,,,,,,,2.0,15.0
6037772526634891708-2607241555-14,7144,2607241636,2607241637,1,,S,S1,Stuttgart Hbf|Stuttgart-Bad Cannstatt|Stuttgart Neckarpark|Stuttgart-Untertürkheim|Stuttgart-Obertürkheim|Esslingen-Mettingen|Esslingen(Neckar)|Oberesslingen|Esslingen-Zell|Altbach|Plochingen|Wernau(Neckar)|Wendlingen(Neckar),8003282,Kirchheim (Teck)-Ötlingen,Baden-Württemberg,Kirchheim unter Teck,73230,9.416261302,48.65782388,5,2607241643,,2607241643,,h,1,Störung,,,,,c,c,7.0,6.0
-922318236278418485-2607241633-9,7649,2607241658,2607241659,3,,S,S6,Weil der Stadt|Malmsheim|Renningen|Rutesheim|Leonberg|Höfingen|Ditzingen|Weilimdorf,8003409,Korntal,Baden-Württemberg,Korntal,70825,9.121099128,48.82640246,4,2607241659,,2607241659,,,,,,,,,,,1.0,0.0
924644417488732877-2607241617-6,7644,2607241631,2607241631,1,,S,S6,Stuttgart Hbf|Stuttgart Nordbahnhof|Stuttgart-Feuerbach|Stuttgart-Zuffenhausen|Neuwirtshaus(Porscheplatz),8003409,Korntal,Baden-Württemberg,Korntal,70825,9.121099128,48.82640246,4,2607241631,,2607241631,,,,,,,,,,,0.0,0.0
-5340157616503979662-2607241601-7,1193,2607241624,,7,,WEG,,Heimerdingen|Hemmingen|Schwieberdingen|Münchingen|Münchingen Rührberg|Korntal Gymnasium,8003409,Korntal,Baden-Württemberg,Korntal,70825,9.121099128,48.82640246,4,2607241624,,,,,,,,,,,,,0.0,0.0
-7551061035899038142-2607241635-1,1198,,2607241635,,,WEG,RB47,,8003409,Korntal,Baden-Württemberg,Korntal,70825,9.121099128,48.82640246,4,,,2607241639,,,,,,,,,,,0.0,4.0
7725913400382290286-2607241603-9,7647,2607241628,2607241629,3,,S,S6,Weil der Stadt|Malmsheim|Renningen|Rutesheim|Leonberg|Höfingen|Ditzingen|Weilimdorf,8003409,Korntal,Baden-Württemberg,Korntal,70825,9.121099128,48.82640246,4,2607241629,,2607241630,,,,,,,,,,,1.0,1.0
-193680393512143758-2607241638-4,7050,2607241646,2607241646,1,,S,S60,Stuttgart-Feuerbach|Stuttgart-Zuffenhausen|Neuwirtshaus(Porscheplatz),8003409,Korntal,Baden-Württemberg,Korntal,70825,9.121099128,48.82640246,4,2607241646,,2607241646,,,,,,,,,,,0.0,0.0
4487797687304659892-2607241631-7,1199,2607241654,,7,,WEG,,Heimerdingen|Hemmingen|Schwieberdingen|Münchingen|Münchingen Rührberg|Korntal Gymnasium,8003409,Korntal,Baden-Württemberg,Korntal,70825,9.121099128,48.82640246,4,2607241655,,,,,,,,,,,,,1.0,0.0
-434662733066569795-2607241547-6,7642,2607241601,2607241601,1,,S,S6,Stuttgart Hbf|Stuttgart Nordbahnhof|Stuttgart-Feuerbach|Stuttgart-Zuffenhausen|Neuwirtshaus(Porscheplatz),8003409,Korntal,Baden-Württemberg,Korntal,70825,9.121099128,48.82640246,4,2607241602,,2607241603,,,,,,,,,,,1.0,2.0
-7009205134762395417-2607241605-1,1192,,2607241605,,,WEG,RB47,,8003409,Korntal,Baden-Württemberg,Korntal,70825,9.121099128,48.82640246,4,,,2607241606,,,,,,,,,,,0.0,1.0
-4320397447687881024-2607241604-13,7045,2607241643,2607241644,3,,S,S60,Böblingen|Sindelfingen|Maichingen|Maichingen Nord|Magstadt|Renningen Süd|Renningen|Rutesheim|Leonberg|Höfingen|Ditzingen|Weilimdorf,8003409,Korntal,Baden-Württemberg,Korntal,70825,9.121099128,48.82640246,4,2607241643,,2607241644,,,,,,,,,,,0.0,0.0
-3938449558083296947-2607241608-4,7048,2607241616,2607241616,1,,S,S60,Stuttgart-Feuerbach|Stuttgart-Zuffenhausen|Neuwirtshaus(Porscheplatz),8003409,Korntal,Baden-Württemberg,Korntal,70825,9.121099128,48.82640246,4,2607241616,,2607241616,,,,,,,,,,,0.0,0.0
-6317899099651385370-2607241534-13,7043,2607241613,2607241614,3,,S,S60,Böblingen|Sindelfingen|Maichingen|Maichingen Nord|Magstadt|Renningen Süd|Renningen|Rutesheim|Leonberg|Höfingen|Ditzingen|Weilimdorf,8003409,Korntal,Baden-Württemberg,Korntal,70825,9.121099128,48.82640246,4,2607241613,,2607241614,,,,,,,,,,,0.0,0.0
-4827015275996172889-2607241637-5,7549,2607241649,2607241650,3,,S,S5,Bietigheim-Bissingen|Tamm(Württ)|Asperg|Ludwigsburg,8003411,Kornwestheim Pbf,Baden-Württemberg,Kornwestheim,70806,9.179967278,48.86215948,3,2607241651,,2607241652,,,,,,,,,,,2.0,2.0
-2011080657640237201-2607241612-3,19326,2607241642,2607241649,6,,RE,MEX18,Plochingen|Esslingen(Neckar),8003411,Kornwestheim Pbf,Baden-Württemberg,Kornwestheim,70806,9.179967278,48.86215948,3,2607241639,5,2607241650,5,h,2,Störung,,,,,,,-3.0,1.0
-7748732492772087501-2607241607-5,7442,2607241620,2607241620,4,,S,S4,Stuttgart Hbf|Stuttgart Nordbahnhof|Stuttgart-Feuerbach|Stuttgart-Zuffenhausen,8003411,Kornwestheim Pbf,Baden-Württemberg,Kornwestheim,70806,9.179967278,48.86215948,3,2607241620,,2607241620,,h,1,Bauarbeiten,,,,,,,0.0,0.0
-4628505577045451249-2607241557-5,7544,2607241610,2607241610,4,,S,S5,Stuttgart Hbf|Stuttgart Nordbahnhof|Stuttgart-Feuerbach|Stuttgart-Zuffenhausen,8003411,Kornwestheim Pbf,Baden-Württemberg,Kornwestheim,70806,9.179967278,48.86215948,3,2607241611,,2607241612,,,,,,,,,,,1.0,2.0
4626892396658662892-2607241627-5,7546,2607241640,2607241640,4,,S,S5,Stuttgart Hbf|Stuttgart Nordbahnhof|Stuttgart-Feuerbach|Stuttgart-Zuffenhausen,8003411,Kornwestheim Pbf,Baden-Württemberg,Kornwestheim,70806,9.179967278,48.86215948,3,2607241642,,2607241643,,,,,,,,,,,2.0,3.0
2703177460350059682-2607241505-10,19278,2607241609,2607241628,6,,RE,MEX12,Tübingen Hbf|Reutlingen Hbf|Metzingen(Württ)|Bempflingen|Nürtingen|Oberboihingen|Wendlingen(Neckar)|Plochingen|Esslingen(Neckar),8003411,Kornwestheim Pbf,Baden-Württemberg,Kornwestheim,70806,9.179967278,48.86215948,3,2607241623,,2607241629,,h,2,Information,,,,,,,14.0,1.0
3550462619255367417-2607241607-5,7547,2607241619,2607241620,3,,S,S5,Bietigheim-Bissingen|Tamm(Württ)|Asperg|Ludwigsburg,8003411,Kornwestheim Pbf,Baden-Württemberg,Kornwestheim,70806,9.179967278,48.86215948,3,2607241620,,2607241621,,,,,,,,,,,1.0,1.0
-706211857508750217-2607241505-10,19324,2607241609,2607241628,6,,RE,MEX18,Tübingen Hbf|Reutlingen Hbf|Metzingen(Württ)|Bempflingen|Nürtingen|Oberboihingen|Wendlingen(Neckar)|Plochingen|Esslingen(Neckar),8003411,Kornwestheim Pbf,Baden-Württemberg,Kornwestheim,70806,9.179967278,48.86215948,3,2607241623,,2607241629,,h,2,Information,,,,,,,14.0,1.0
-6219625233208101975-2607241545-8,7445,2607241610,2607241610,3,,S,S4,Kirchberg(Murr)|Erdmannhausen|Marbach(Neckar)|Benningen(Neckar)|Freiberg(Neckar)|Favoritepark|Ludwigsburg,8003411,Kornwestheim Pbf,Baden-Württemberg,Kornwestheim,70806,9.179967278,48.86215948,3,2607241611,,2607241611,,h,1,Bauarbeiten,,,,,,,1.0,1.0
-378341590922543993-2607241436-22,19325,2607241613,2607241620,7,,RE,MEX18,Osterburken|Adelsheim Ost|Sennfeld|Roigheim|Möckmühl|Züttlingen|Siglingen|Neudenau|Herbolzheim(Jagst)|Untergriesheim|Bad Friedrichshall Hbf|Neckarsulm|Heilbronn Sülmertor|Heilbronn Hbf|Nordheim(Württ)|Lauffen(Neckar)|Kirchheim(Neckar)|Walheim(Württ)|Besigheim|Bietigheim-Bissingen|Ludwigsburg,8003411,Kornwestheim Pbf,Baden-Württemberg,Kornwestheim,70806,9.179967278,48.86215948,3,2607241625,,2607241627,,h,2,Störung,,,,,,,12.0,7.0
6027149644914886165-2607241637-5,7444,2607241650,2607241650,4,,S,S4,Stuttgart Hbf|Stuttgart Nordbahnhof|Stuttgart-Feuerbach|Stuttgart-Zuffenhausen,8003411,Kornwestheim Pbf,Baden-Württemberg,Kornwestheim,70806,9.179967278,48.86215948,3,2607241650,,2607241651,,h,1,Bauarbeiten,,,,,,,0.0,1.0
-7316032691190328672-2607241615-8,7447,2607241640,2607241640,3,,S,S4,Kirchberg(Murr)|Erdmannhausen|Marbach(Neckar)|Benningen(Neckar)|Freiberg(Neckar)|Favoritepark|Ludwigsburg,8003411,Kornwestheim Pbf,Baden-Württemberg,Kornwestheim,70806,9.179967278,48.86215948,3,2607241640,,2607241641,,h,1,Bauarbeiten,,,,,,,0.0,1.0
-7890265662573644504-2607241605-4,7945,2607241616,2607241617,1,,S,S2,Stuttgart-Vaihingen|Stuttgart-Rohr|Oberaichen,8003622,Leinfelden,Baden-Württemberg,Leinfelden-Echterdingen,70771,9.142859698,48.6964193,4,2607241617,,2607241618,,,,,,,,,,,1.0,1.0
378305189179015240-2607241635-4,7947,2607241646,2607241647,1,,S,S2,Stuttgart-Vaihingen|Stuttgart-Rohr|Oberaichen,8003622,Leinfelden,Baden-Württemberg,Leinfelden-Echterdingen,70771,9.142859698,48.6964193,4,2607241646,,2607241647,,,,,,,,,,,0.0,0.0
7145149212361785028-2607241603-4,7944,2607241612,2607241613,2,,S,S2,Filderstadt|Stuttgart Flughafen/Messe|Echterdingen,8003622,Leinfelden,Baden-Württemberg,Leinfelden-Echterdingen,70771,9.142859698,48.6964193,4,2607241612,,2607241613,,,,,,,,,,,0.0,0.0
1877783574861069288-2607241633-4,7946,2607241642,2607241643,2,,S,S2,Filderstadt|Stuttgart Flughafen/Messe|Echterdingen,8003622,Leinfelden,Baden-Württemberg,Leinfelden-Echterdingen,70771,9.142859698,48.6964193,4,2607241642,,2607241643,,,,,,,,,,,0.0,0.0
-922318236278418485-2607241633-5,7649,2607241647,2607241647,1,,S,S6,Weil der Stadt|Malmsheim|Renningen|Rutesheim,8003652,Leonberg,Baden-Württemberg,Leonberg,71229,9.004025993,48.79970547,3,2607241647,,2607241647,,,,,,,,,,,0.0,0.0
924644417488732877-2607241617-10,7644,2607241643,2607241643,2,,S,S6,Stuttgart Hbf|Stuttgart Nordbahnhof|Stuttgart-Feuerbach|Stuttgart-Zuffenhausen|Neuwirtshaus(Porscheplatz)|Korntal|Weilimdorf|Ditzingen|Höfingen,8003652,Leonberg,Baden-Württemberg,Leonberg,71229,9.004025993,48.79970547,3,2607241643,,2607241643,,,,,,,,,,,0.0,0.0
7725913400382290286-2607241603-5,7647,2607241617,2607241617,1,,S,S6,Weil der Stadt|Malmsheim|Renningen|Rutesheim,8003652,Leonberg,Baden-Württemberg,Leonberg,71229,9.004025993,48.79970547,3,2607241617,,2607241617,,,,,,,,,,,0.0,0.0
-193680393512143758-2607241638-8,7050,2607241658,2607241658,2,,S,S60,Stuttgart-Feuerbach|Stuttgart-Zuffenhausen|Neuwirtshaus(Porscheplatz)|Korntal|Weilimdorf|Ditzingen|Höfingen,8003652,Leonberg,Baden-Württemberg,Leonberg,71229,9.004025993,48.79970547,3,2607241658,,2607241658,,,,,,,,,,,0.0,0.0
-434662733066569795-2607241547-10,7642,2607241613,2607241613,2,,S,S6,Stuttgart Hbf|Stuttgart Nordbahnhof|Stuttgart-Feuerbach|Stuttgart-Zuffenhausen|Neuwirtshaus(Porscheplatz)|Korntal|Weilimdorf|Ditzingen|Höfingen,8003652,Leonberg,Baden-Württemberg,Leonberg,71229,9.004025993,48.79970547,3,2607241614,,2607241614,,,,,,,,,,,1.0,1.0
-4320397447687881024-2607241604-9,7045,2607241632,2607241632,1,,S,S60,Böblingen|Sindelfingen|Maichingen|Maichingen Nord|Magstadt|Renningen Süd|Renningen|Rutesheim,8003652,Leonberg,Baden-Württemberg,Leonberg,71229,9.004025993,48.79970547,3,2607241632,,2607241632,,,,,,,,,,,0.0,0.0
-3938449558083296947-2607241608-8,7048,2607241628,2607241628,2,,S,S60,Stuttgart-Feuerbach|Stuttgart-Zuffenhausen|Neuwirtshaus(Porscheplatz)|Korntal|Weilimdorf|Ditzingen|Höfingen,8003652,Leonberg,Baden-Württemberg,Leonberg,71229,9.004025993,48.79970547,3,2607241628,,2607241628,,,,,,,,,,,0.0,0.0
-6317899099651385370-2607241534-9,7043,2607241602,2607241602,1,,S,S60,Böblingen|Sindelfingen|Maichingen|Maichingen Nord|Magstadt|Renningen Süd|Renningen|Rutesheim,8003652,Leonberg,Baden-Württemberg,Leonberg,71229,9.004025993,48.79970547,3,2607241602,,2607241602,,,,,,,,,,,0.0,0.0
-4827015275996172889-2607241637-4,7549,2607241646,2607241646,3,,S,S5,Bietigheim-Bissingen|Tamm(Württ)|Asperg,8000235,Ludwigsburg,Baden-Württemberg,Ludwigsburg,71638,9.185229823,48.89208622,3,2607241648,,2607241649,,,,,,,,,,,2.0,3.0
821086877842718349-2607241617-2,19522,2607241627,2607241628,1,,RE,MEX17a,Stuttgart Hbf,8000235,Ludwigsburg,Baden-Württemberg,Ludwigsburg,71638,9.185229823,48.89208622,3,2607241630,,2607241631,,h,2,Information,,,,,,,3.0,3.0
-2011080657640237201-2607241612-4,19326,2607241652,2607241654,1,,RE,MEX18,Plochingen|Esslingen(Neckar)|Kornwestheim Pbf,8000235,Ludwigsburg,Baden-Württemberg,Ludwigsburg,71638,9.185229823,48.89208622,3,2607241653,,2607241655,,h,2,Störung,,,,,,,1.0,1.0
-7748732492772087501-2607241607-6,7442,2607241623,2607241624,2,,S,S4,Stuttgart Hbf|Stuttgart Nordbahnhof|Stuttgart-Feuerbach|Stuttgart-Zuffenhausen|Kornwestheim Pbf,8000235,Ludwigsburg,Baden-Württemberg,Ludwigsburg,71638,9.185229823,48.89208622,3,2607241623,,2607241624,,h,1,Bauarbeiten,,,,,,,0.0,0.0
-4628505577045451249-2607241557-6,7544,2607241613,2607241614,2,,S,S5,Stuttgart Hbf|Stuttgart Nordbahnhof|Stuttgart-Feuerbach|Stuttgart-Zuffenhausen|Kornwestheim Pbf,8000235,Ludwigsburg,Baden-Württemberg,Ludwigsburg,71638,9.185229823,48.89208622,3,2607241615,,2607241616,,,,,,,,,,,2.0,2.0
-7374615005335437929-2607241614-13,19527,2607241657,2607241657,4,,RE,MEX17,Pforzheim Hbf|Eutingen(Baden)|Niefern|Enzberg|Mühlacker|Mühlacker Rößlesweg|Illingen(Württ)|Vaihingen(Enz)|Sersheim|Sachsenheim|Ellental|Bietigheim-Bissingen,8000235,Ludwigsburg,Baden-Württemberg,Ludwigsburg,71638,9.185229823,48.89208622,3,2607241658,,2607241700,,h,2,Information,,,,,,,1.0,3.0
4626892396658662892-2607241627-6,7546,2607241643,2607241644,2,,S,S5,Stuttgart Hbf|Stuttgart Nordbahnhof|Stuttgart-Feuerbach|Stuttgart-Zuffenhausen|Kornwestheim Pbf,8000235,Ludwigsburg,Baden-Württemberg,Ludwigsburg,71638,9.185229823,48.89208622,3,2607241645,,2607241646,,,,,,,,,,,2.0,2.0
2703177460350059682-2607241505-11,19278,2607241631,2607241632,1,,RE,MEX12,Tübingen Hbf|Reutlingen Hbf|Metzingen(Württ)|Bempflingen|Nürtingen|Oberboihingen|Wendlingen(Neckar)|Plochingen|Esslingen(Neckar)|Kornwestheim Pbf,8000235,Ludwigsburg,Baden-Württemberg,Ludwigsburg,71638,9.185229823,48.89208622,3,2607241633,,2607241635,,h,2,Information,,,,,,,2.0,3.0
3550462619255367417-2607241607-4,7547,2607241616,2607241616,3,,S,S5,Bietigheim-Bissingen|Tamm(Württ)|Asperg,8000235,Ludwigsburg,Baden-Württemberg,Ludwigsburg,71638,9.185229823,48.89208622,3,2607241616,,2607241617,,,,,,,,,,,0.0,1.0
-706211857508750217-2607241505-11,19324,2607241631,2607241632,1,,RE,MEX18,Tübingen Hbf|Reutlingen Hbf|Metzingen(Württ)|Bempflingen|Nürtingen|Oberboihingen|Wendlingen(Neckar)|Plochingen|Esslingen(Neckar)|Kornwestheim Pbf,8000235,Ludwigsburg,Baden-Württemberg,Ludwigsburg,71638,9.185229823,48.89208622,3,2607241633,,2607241635,,h,2,Information,,,,,,,2.0,3.0
850856536630072674-2607241512-16,19525,2607241635,2607241636,4,,RE,MEX17,Karlsruhe Hbf|Karlsruhe-Durlach|Wilferdingen-Singen|Pforzheim Hbf|Eutingen(Baden)|Niefern|Enzberg|Mühlacker|Mühlacker Rößlesweg|Illingen(Württ)|Vaihingen(Enz)|Sersheim|Sachsenheim|Ellental|Bietigheim-Bissingen,8000235,Ludwigsburg,Baden-Württemberg,Ludwigsburg,71638,9.185229823,48.89208622,3,2607241635,,2607241636,,h,2,Information,,,,,,,0.0,0.0
-8726739109013782304-2607241557-8,19231,2607241631,2607241632,4,,RE,MEX12,Heilbronn Hbf|Nordheim(Württ)|Lauffen(Neckar)|Kirchheim(Neckar)|Walheim(Württ)|Besigheim|Bietigheim-Bissingen,8000235,Ludwigsburg,Baden-Württemberg,Ludwigsburg,71638,9.185229823,48.89208622,3,2607241638,,2607241639,,h,2,Störung,,,,,,,7.0,7.0
-6219625233208101975-2607241545-7,7445,2607241606,2607241607,3,,S,S4,Kirchberg(Murr)|Erdmannhausen|Marbach(Neckar)|Benningen(Neckar)|Freiberg(Neckar)|Favoritepark,8000235,Ludwigsburg,Baden-Württemberg,Ludwigsburg,71638,9.185229823,48.89208622,3,2607241607,,2607241608,,h,1,Bauarbeiten,,,,,,,1.0,1.0
4714350108446430975-2607241617-2,19622,2607241627,2607241628,1,,RE,MEX17c,Stuttgart Hbf,8000235,Ludwigsburg,Baden-Württemberg,Ludwigsburg,71638,9.185229823,48.89208622,3,2607241630,,2607241631,,,,,,,,,,,3.0,3.0
-378341590922543993-2607241436-21,19325,2607241604,2607241607,4,,RE,MEX18,Osterburken|Adelsheim Ost|Sennfeld|Roigheim|Möckmühl|Züttlingen|Siglingen|Neudenau|Herbolzheim(Jagst)|Untergriesheim|Bad Friedrichshall Hbf|Neckarsulm|Heilbronn Sülmertor|Heilbronn Hbf|Nordheim(Württ)|Lauffen(Neckar)|Kirchheim(Neckar)|Walheim(Württ)|Besigheim|Bietigheim-Bissingen,8000235,Ludwigsburg,Baden-Württemberg,Ludwigsburg,71638,9.185229823,48.89208622,3,2607241616,,2607241618,,h,2,Störung,,,,,,,12.0,11.0
6027149644914886165-2607241637-6,7444,2607241653,2607241654,2,,S,S4,Stuttgart Hbf|Stuttgart Nordbahnhof|Stuttgart-Feuerbach|Stuttgart-Zuffenhausen|Kornwestheim Pbf,8000235,Ludwigsburg,Baden-Württemberg,Ludwigsburg,71638,9.185229823,48.89208622,3,2607241654,,2607241655,,h,1,Bauarbeiten,,,,,,,1.0,1.0
2675563307769271121-2607241437-9,19073,2607241639,,4,,ARV,,Würzburg Hbf|Lauda|Osterburken|Möckmühl|Bad Friedrichshall Hbf|Neckarsulm|Heilbronn Hbf|Bietigheim-Bissingen,8000235,Ludwigsburg,Baden-Württemberg,Ludwigsburg,71638,9.185229823,48.89208622,3,2607241653,,,,,,,,,,,,,14.0,0.0
-7316032691190328672-2607241615-7,7447,2607241636,2607241637,3,,S,S4,Kirchberg(Murr)|Erdmannhausen|Marbach(Neckar)|Benningen(Neckar)|Freiberg(Neckar)|Favoritepark,8000235,Ludwigsburg,Baden-Württemberg,Ludwigsburg,71638,9.185229823,48.89208622,3,2607241636,,2607241637,,h,1,Bauarbeiten,,,,,,,0.0,0.0
-922318236278418485-2607241633-2,7649,2607241635,2607241635,2,,S,S6,Weil der Stadt,8003831,Malmsheim,Baden-Württemberg,Renningen,71272,8.905105557,48.77183564,5,2607241636,,2607241637,,,,,,,,,,,1.0,2.0
924644417488732877-2607241617-13,7644,2607241654,2607241654,1,,S,S6,Stuttgart Hbf|Stuttgart Nordbahnhof|Stuttgart-Feuerbach|Stuttgart-Zuffenhausen|Neuwirtshaus(Porscheplatz)|Korntal|Weilimdorf|Ditzingen|Höfingen|Leonberg|Rutesheim|Renningen,8003831,Malmsheim,Baden-Württemberg,Renningen,71272,8.905105557,48.77183564,5,2607241655,,2607241655,,,,,,,,,,,1.0,1.0
7725913400382290286-2607241603-2,7647,2607241605,2607241605,2,,S,S6,Weil der Stadt,8003831,Malmsheim,Baden-Württemberg,Renningen,71272,8.905105557,48.77183564,5,2607241606,,2607241606,,,,,,,,,,,1.0,1.0
-434662733066569795-2607241547-13,7642,2607241624,2607241624,1,,S,S6,Stuttgart Hbf|Stuttgart Nordbahnhof|Stuttgart-Feuerbach|Stuttgart-Zuffenhausen|Neuwirtshaus(Porscheplatz)|Korntal|Weilimdorf|Ditzingen|Höfingen|Leonberg|Rutesheim|Renningen,8003831,Malmsheim,Baden-Württemberg,Renningen,71272,8.905105557,48.77183564,5,2607241624,,2607241624,,,,,,,,,,,0.0,0.0
-7748732492772087501-2607241607-10,7442,2607241635,2607241638,1,,S,S4,Stuttgart Hbf|Stuttgart Nordbahnhof|Stuttgart-Feuerbach|Stuttgart-Zuffenhausen|Kornwestheim Pbf|Ludwigsburg|Favoritepark|Freiberg(Neckar)|Benningen(Neckar),8003853,Marbach (Neckar),Baden-Württemberg,Marbach am Neckar,71672,9.264611825,48.9437708,3,2607241636,,2607241638,,h,1,Bauarbeiten,,,,,,,1.0,0.0
-2365839264405796350-2607241537-10,7440,2607241605,2607241608,1,,S,S4,Stuttgart Hbf|Stuttgart Nordbahnhof|Stuttgart-Feuerbach|Stuttgart-Zuffenhausen|Kornwestheim Pbf|Ludwigsburg|Favoritepark|Freiberg(Neckar)|Benningen(Neckar),8003853,Marbach (Neckar),Baden-Württemberg,Marbach am Neckar,71672,9.264611825,48.9437708,3,2607241605,,2607241608,,h,1,Bauarbeiten,,,,,,,0.0,0.0
5327947684497269441-2607241645-3,7449,2607241651,2607241655,,,S,S4,Kirchberg(Murr)|Erdmannhausen,8003853,Marbach (Neckar),Baden-Württemberg,Marbach am Neckar,71672,9.264611825,48.9437708,3,2607241651,1,2607241655,1,h,1,Bauarbeiten,,,,,,,0.0,0.0
-7316032691190328672-2607241615-3,7447,2607241621,2607241625,,,S,S4,Kirchberg(Murr)|Erdmannhausen,8003853,Marbach (Neckar),Baden-Württemberg,Marbach am Neckar,71672,9.264611825,48.9437708,3,2607241621,1,2607241625,1,h,1,Bauarbeiten,,,,,,,0.0,0.0
-7819160470553148770-2607241641-2,7349,2607241643,2607241644,1,,S,S3,Backnang,8003913,Maubach,Baden-Württemberg,Backnang,71522,9.419487062,48.92623463,4,2607241643,,2607241644,,,,,,,,,,,0.0,0.0
-4004274244229684776-2607241612-11,7344,2607241644,2607241645,2,,S,S3,Stuttgart Hbf|Stuttgart-Bad Cannstatt|Stuttgart Nürnberger Str.|Stuttgart-Sommerrain|Fellbach|Waiblingen|Neustadt-Hohenacker|Schwaikheim|Winnenden|Nellmersbach,8003913,Maubach,Baden-Württemberg,Backnang,71522,9.419487062,48.92623463,4,2607241658,,2607241659,,,,,,,,,,,14.0,14.0
-2983041268716826074-2607241611-2,7347,2607241613,2607241614,1,,S,S3,Backnang,8003913,Maubach,Baden-Württemberg,Backnang,71522,9.419487062,48.92623463,4,2607241614,,2607241615,,,,,,,,,,,1.0,1.0
-1516279282303081361-2607241542-11,7342,2607241614,2607241615,2,,S,S3,Stuttgart Hbf|Stuttgart-Bad Cannstatt|Stuttgart Nürnberger Str.|Stuttgart-Sommerrain|Fellbach|Waiblingen|Neustadt-Hohenacker|Schwaikheim|Winnenden|Nellmersbach,8003913,Maubach,Baden-Württemberg,Backnang,71522,9.419487062,48.92623463,4,2607241620,,2607241621,,,,,,,,,,,6.0,6.0
-7819160470553148770-2607241641-3,7349,2607241646,2607241646,1,,S,S3,Backnang|Maubach,8004233,Nellmersbach,Baden-Württemberg,Leutenbach,71397,9.415421538,48.90336425,5,2607241646,,2607241647,,,,,,,,,,,0.0,1.0
-4004274244229684776-2607241612-10,7344,2607241641,2607241642,2,,S,S3,Stuttgart Hbf|Stuttgart-Bad Cannstatt|Stuttgart Nürnberger Str.|Stuttgart-Sommerrain|Fellbach|Waiblingen|Neustadt-Hohenacker|Schwaikheim|Winnenden,8004233,Nellmersbach,Baden-Württemberg,Leutenbach,71397,9.415421538,48.90336425,5,2607241655,,2607241656,,,,,,,,,,,14.0,14.0
-2983041268716826074-2607241611-3,7347,2607241616,2607241616,1,,S,S3,Backnang|Maubach,8004233,Nellmersbach,Baden-Württemberg,Leutenbach,71397,9.415421538,48.90336425,5,2607241617,,2607241618,,,,,,,,,,,1.0,2.0
-1516279282303081361-2607241542-10,7342,2607241611,2607241612,2,,S,S3,Stuttgart Hbf|Stuttgart-Bad Cannstatt|Stuttgart Nürnberger Str.|Stuttgart-Sommerrain|Fellbach|Waiblingen|Neustadt-Hohenacker|Schwaikheim|Winnenden,8004233,Nellmersbach,Baden-Württemberg,Leutenbach,71397,9.415421538,48.90336425,5,2607241618,,2607241618,,,,,,,,,,,7.0,6.0
-7819160470553148770-2607241641-6,7349,2607241655,2607241655,2,,S,S3,Backnang|Maubach|Nellmersbach|Winnenden|Schwaikheim,8004333,Neustadt-Hohenacker,Baden-Württemberg,Waiblingen,71336,9.32455106,48.85921668,5,2607241655,,2607241656,,,,,,,,,,,0.0,1.0
-4004274244229684776-2607241612-7,7344,2607241633,2607241633,1,,S,S3,Stuttgart Hbf|Stuttgart-Bad Cannstatt|Stuttgart Nürnberger Str.|Stuttgart-Sommerrain|Fellbach|Waiblingen,8004333,Neustadt-Hohenacker,Baden-Württemberg,Waiblingen,71336,9.32455106,48.85921668,5,2607241646,,2607241647,,,,,,,,,,,13.0,14.0
-2983041268716826074-2607241611-6,7347,2607241625,2607241625,2,,S,S3,Backnang|Maubach|Nellmersbach|Winnenden|Schwaikheim,8004333,Neustadt-Hohenacker,Baden-Württemberg,Waiblingen,71336,9.32455106,48.85921668,5,2607241626,,2607241627,,,,,,,,,,,1.0,2.0
-1516279282303081361-2607241542-7,7342,2607241603,2607241603,1,,S,S3,Stuttgart Hbf|Stuttgart-Bad Cannstatt|Stuttgart Nürnberger Str.|Stuttgart-Sommerrain|Fellbach|Waiblingen,8004333,Neustadt-Hohenacker,Baden-Württemberg,Waiblingen,71336,9.32455106,48.85921668,5,2607241610,,2607241610,,,,,,,,,,,7.0,7.0
-3211478262182188991-2607241533-10,7645,2607241601,2607241601,2,,S,S6,Weil der Stadt|Malmsheim|Renningen|Rutesheim|Leonberg|Höfingen|Ditzingen|Weilimdorf|Korntal,8004338,Neuwirtshaus (Porscheplatz),Baden-Württemberg,Stuttgart,70435,9.151955614,48.83384734,4,2607241620,,2607241623,,,,,,,,,,,19.0,22.0
924644417488732877-2607241617-5,7644,2607241628,2607241629,1,,S,S6,Stuttgart Hbf|Stuttgart Nordbahnhof|Stuttgart-Feuerbach|Stuttgart-Zuffenhausen,8004338,Neuwirtshaus (Porscheplatz),Baden-Württemberg,Stuttgart,70435,9.151955614,48.83384734,4,2607241628,,2607241629,,,,,,,,,,,0.0,0.0
7725913400382290286-2607241603-10,7647,2607241631,2607241631,2,,S,S6,Weil der Stadt|Malmsheim|Renningen|Rutesheim|Leonberg|Höfingen|Ditzingen|Weilimdorf|Korntal,8004338,Neuwirtshaus (Porscheplatz),Baden-Württemberg,Stuttgart,70435,9.151955614,48.83384734,4,2607241632,,2607241633,,,,,,,,,,,1.0,2.0
-193680393512143758-2607241638-3,7050,2607241643,2607241643,1,,S,S60,Stuttgart-Feuerbach|Stuttgart-Zuffenhausen,8004338,Neuwirtshaus (Porscheplatz),Baden-Württemberg,Stuttgart,70435,9.151955614,48.83384734,4,2607241643,,2607241644,,,,,,,,,,,0.0,1.0
-3086228637643871650-2607241647-5,7646,2607241658,2607241659,1,,S,S6,Stuttgart Hbf|Stuttgart Nordbahnhof|Stuttgart-Feuerbach|Stuttgart-Zuffenhausen,8004338,Neuwirtshaus (Porscheplatz),Baden-Württemberg,Stuttgart,70435,9.151955614,48.83384734,4,2607241658,,2607241659,,,,,,,,,,,0.0,0.0
-4320397447687881024-2607241604-14,7045,2607241646,2607241646,2,,S,S60,Böblingen|Sindelfingen|Maichingen|Maichingen Nord|Magstadt|Renningen Süd|Renningen|Rutesheim|Leonberg|Höfingen|Ditzingen|Weilimdorf|Korntal,8004338,Neuwirtshaus (Porscheplatz),Baden-Württemberg,Stuttgart,70435,9.151955614,48.83384734,4,2607241646,,2607241647,,,,,,,,,,,0.0,1.0
-3938449558083296947-2607241608-3,7048,2607241613,2607241613,1,,S,S60,Stuttgart-Feuerbach|Stuttgart-Zuffenhausen,8004338,Neuwirtshaus (Porscheplatz),Baden-Württemberg,Stuttgart,70435,9.151955614,48.83384734,4,2607241613,,2607241614,,,,,,,,,,,0.0,1.0
-6317899099651385370-2607241534-14,7043,2607241616,2607241616,2,,S,S60,Böblingen|Sindelfingen|Maichingen|Maichingen Nord|Magstadt|Renningen Süd|Renningen|Rutesheim|Leonberg|Höfingen|Ditzingen|Weilimdorf|Korntal,8004338,Neuwirtshaus (Porscheplatz),Baden-Württemberg,Stuttgart,70435,9.151955614,48.83384734,4,2607241616,,2607241617,,,,,,,,,,,0.0,1.0
-700744146323234249-2607241616-2,7748,2607241619,2607241619,2,,S,S1,Herrenberg,8004490,Nufringen,Baden-Württemberg,Nufringen,71154,8.889817485,48.62010967,5,2607241620,,2607241620,,,,,,,,,,,1.0,1.0
-3536192323965020429-2607241616-8,7745,2607241641,2607241641,1,,S,S1,Stuttgart-Vaihingen|Stuttgart-Rohr|Goldberg(Württ)|Böblingen|Hulb|Ehningen(b Böblingen)|Gärtringen,8004490,Nufringen,Baden-Württemberg,Nufringen,71154,8.889817485,48.62010967,5,2607241641,,2607241641,,,,,,,,,,,0.0,0.0
-7101481629715291400-2607241646-2,7750,2607241649,2607241649,2,,S,S1,Herrenberg,8004490,Nufringen,Baden-Württemberg,Nufringen,71154,8.889817485,48.62010967,5,2607241649,,2607241650,,,,,,,,,,,0.0,1.0
6036503238720280244-2607241546-8,7743,2607241611,2607241611,1,,S,S1,Stuttgart-Vaihingen|Stuttgart-Rohr|Goldberg(Württ)|Böblingen|Hulb|Ehningen(b Böblingen)|Gärtringen,8004490,Nufringen,Baden-Württemberg,Nufringen,71154,8.889817485,48.62010967,5,2607241613,,2607241613,,,,,,,,,,,2.0,2.0
-7890265662573644504-2607241605-3,7945,2607241614,2607241614,1,,S,S2,Stuttgart-Vaihingen|Stuttgart-Rohr,8004496,Oberaichen,Baden-Württemberg,Leinfelden-Echterdingen,70771,9.12743664,48.70512422,5,2607241614,,2607241615,,,,,,,,,,,0.0,1.0
378305189179015240-2607241635-3,7947,2607241644,2607241644,1,,S,S2,Stuttgart-Vaihingen|Stuttgart-Rohr,8004496,Oberaichen,Baden-Württemberg,Leinfelden-Echterdingen,70771,9.12743664,48.70512422,5,2607241644,,2607241644,,,,,,,,,,,0.0,0.0
7145149212361785028-2607241603-5,7944,2607241615,2607241615,2,,S,S2,Filderstadt|Stuttgart Flughafen/Messe|Echterdingen|Leinfelden,8004496,Oberaichen,Baden-Württemberg,Leinfelden-Echterdingen,70771,9.12743664,48.70512422,5,2607241615,,2607241616,,,,,,,,,,,0.0,1.0
1877783574861069288-2607241633-5,7946,2607241645,2607241645,2,,S,S2,Filderstadt|Stuttgart Flughafen/Messe|Echterdingen|Leinfelden,8004496,Oberaichen,Baden-Württemberg,Leinfelden-Echterdingen,70771,9.12743664,48.70512422,5,2607241645,,2607241645,,,,,,,,,,,0.0,0.0
9072809401414477062-2607241550-8,7147,2607241614,2607241615,3,,S,S1,Kirchheim(Teck)|Kirchheim(Teck)-Ötlingen|Wendlingen(Neckar)|Wernau(Neckar)|Plochingen|Altbach|Esslingen-Zell,8004528,Oberesslingen,Baden-Württemberg,Esslingen am Neckar,73730,9.327277435,48.72983585,3,2607241618,,2607241618,,h,1,Störung,,,,,,,4.0,3.0
-7851813684664054699-2607241620-8,7149,2607241644,2607241645,3,,S,S1,Kirchheim(Teck)|Kirchheim(Teck)-Ötlingen|Wendlingen(Neckar)|Wernau(Neckar)|Plochingen|Altbach|Esslingen-Zell,8004528,Oberesslingen,Baden-Württemberg,Esslingen am Neckar,73730,9.327277435,48.72983585,3,2607241653,,2607241654,,h,1,Störung,,,,,,,9.0,9.0
1890742567431507346-2607241625-8,7146,2607241645,2607241645,4,,S,S1,Stuttgart Hbf|Stuttgart-Bad Cannstatt|Stuttgart Neckarpark|Stuttgart-Untertürkheim|Stuttgart-Obertürkheim|Esslingen-Mettingen|Esslingen(Neckar),8004528,Oberesslingen,Baden-Württemberg,Esslingen am Neckar,73730,9.327277435,48.72983585,3,2607241645,,2607241646,,h,1,Störung,,,,,,,0.0,1.0
6037772526634891708-2607241555-8,7144,2607241615,2607241615,4,,S,S1,Stuttgart Hbf|Stuttgart-Bad Cannstatt|Stuttgart Neckarpark|Stuttgart-Untertürkheim|Stuttgart-Obertürkheim|Esslingen-Mettingen|Esslingen(Neckar),8004528,Oberesslingen,Baden-Württemberg,Esslingen am Neckar,73730,9.327277435,48.72983585,3,2607241623,,2607241624,,h,1,Störung,,,,,,,8.0,9.0
-2011080657640237201-2607241612-1,19326,,2607241612,,,RE,MEX18,,8000302,Plochingen,Baden-Württemberg,Plochingen,73207,9.411294578,48.71293906,2,,,2607241612,6,h,2,Störung,,,,,,,0.0,0.0
907907202764772803-2607241546-19,19156,2607241656,2607241657,1,,ARV,MEX16,Ulm Hbf|Beimerstetten|Westerstetten|Lonsee|Urspring|Amstetten(Württ)|Geislingen(Steige)|Geislingen(Steige)West|Kuchen|Gingen(Fils)|Süßen|Salach|Eislingen(Fils)|Göppingen|Faurndau|Uhingen|Ebersbach(Fils)|Reichenbach(Fils),8000302,Plochingen,Baden-Württemberg,Plochingen,73207,9.411294578,48.71293906,2,2607241656,,2607241657,,,,,,,,,,,0.0,0.0
9072809401414477062-2607241550-5,7147,2607241605,2607241607,9,,S,S1,Kirchheim(Teck)|Kirchheim(Teck)-Ötlingen|Wendlingen(Neckar)|Wernau(Neckar),8000302,Plochingen,Baden-Württemberg,Plochingen,73207,9.411294578,48.71293906,2,2607241610,,2607241610,,h,1,Störung,,,,,,,5.0,3.0
-7851813684664054699-2607241620-5,7149,2607241635,2607241637,9,,S,S1,Kirchheim(Teck)|Kirchheim(Teck)-Ötlingen|Wendlingen(Neckar)|Wernau(Neckar),8000302,Plochingen,Baden-Württemberg,Plochingen,73207,9.411294578,48.71293906,2,2607241646,,2607241646,,h,1,Störung,,,,,,,11.0,9.0
1890742567431507346-2607241625-11,7146,2607241653,2607241655,9,,S,S1,Stuttgart Hbf|Stuttgart-Bad Cannstatt|Stuttgart Neckarpark|Stuttgart-Untertürkheim|Stuttgart-Obertürkheim|Esslingen-Mettingen|Esslingen(Neckar)|Oberesslingen|Esslingen-Zell|Altbach,8000302,Plochingen,Baden-Württemberg,Plochingen,73207,9.411294578,48.71293906,2,2607241654,,2607241655,,h,1,Störung,,,,,,,1.0,0.0
2152293342088146683-2607241403-11,4220,2607241602,2607241606,1,,RE,RE5,Friedrichshafen Stadt|Meckenbeuren|Ravensburg|Aulendorf|Bad Schussenried|Biberach(Riß)|Laupheim West|Ulm Hbf|Geislingen(Steige)|Göppingen,8000302,Plochingen,Baden-Württemberg,Plochingen,73207,9.411294578,48.71293906,2,2607241603,,2607241607,,,,,,,,,,,1.0,1.0
7941696835731553601-2607241457-12,19229,2607241611,2607241612,9,,RE,MEX12,Heilbronn Hbf|Nordheim(Württ)|Lauffen(Neckar)|Kirchheim(Neckar)|Walheim(Württ)|Besigheim|Bietigheim-Bissingen|Ludwigsburg|Stuttgart Hbf|Stuttgart-Bad Cannstatt|Esslingen(Neckar),8000302,Plochingen,Baden-Württemberg,Plochingen,73207,9.411294578,48.71293906,2,2607241620,,2607241622,,h,2,Störung,,,,,,,9.0,10.0
-8415102531932798272-2607241639-3,4225,2607241654,2607241656,4,,RE,RE5,Stuttgart Hbf|Esslingen(Neckar),8000302,Plochingen,Baden-Württemberg,Plochingen,73207,9.411294578,48.71293906,2,2607241657,,2607241659,,,,,,,,,,,3.0,3.0
-4114242842381462175-2607241542-4,19153,2607241600,2607241600,4,,ARV,MEX16,Stuttgart Hbf|Stuttgart-Bad Cannstatt|Esslingen(Neckar),8000302,Plochingen,Baden-Württemberg,Plochingen,73207,9.411294578,48.71293906,2,2607241603,,2607241605,,,,,,,,,,,3.0,5.0
-378341590922543993-2607241436-24,19325,2607241642,,6,,RE,,Osterburken|Adelsheim Ost|Sennfeld|Roigheim|Möckmühl|Züttlingen|Siglingen|Neudenau|Herbolzheim(Jagst)|Untergriesheim|Bad Friedrichshall Hbf|Neckarsulm|Heilbronn Sülmertor|Heilbronn Hbf|Nordheim(Württ)|Lauffen(Neckar)|Kirchheim(Neckar)|Walheim(Württ)|Besigheim|Bietigheim-Bissingen|Ludwigsburg|Kornwestheim Pbf|Esslingen(Neckar),8000302,Plochingen,Baden-Württemberg,Plochingen,73207,9.411294578,48.71293906,2,2607241650,6,,,h,2,Störung,,,,,,,8.0,0.0
-1095345854786785458-2607241605-8,19238,2607241646,2607241647,7,,RE,MEX12,Tübingen Hbf|Reutlingen Hbf|Metzingen(Württ)|Bempflingen|Nürtingen|Oberboihingen|Wendlingen(Neckar),8000302,Plochingen,Baden-Württemberg,Plochingen,73207,9.411294578,48.71293906,2,2607241700,9,2607241705,9,h,2,Störung,,,,,,,14.0,18.0
6798270359717880545-2607241548-13,19154,2607241628,2607241634,1,,ARV,MEX16,Geislingen(Steige)|Geislingen(Steige)West|Kuchen|Gingen(Fils)|Süßen|Salach|Eislingen(Fils)|Göppingen|Faurndau|Uhingen|Ebersbach(Fils)|Reichenbach(Fils),8000302,Plochingen,Baden-Württemberg,Plochingen,73207,9.411294578,48.71293906,2,2607241629,,2607241635,,,,,,,,,,,1.0,1.0
6037772526634891708-2607241555-11,7144,2607241623,2607241625,9,,S,S1,Stuttgart Hbf|Stuttgart-Bad Cannstatt|Stuttgart Neckarpark|Stuttgart-Untertürkheim|Stuttgart-Obertürkheim|Esslingen-Mettingen|Esslingen(Neckar)|Oberesslingen|Esslingen-Zell|Altbach,8000302,Plochingen,Baden-Württemberg,Plochingen,73207,9.411294578,48.71293906,2,2607241632,,2607241632,,h,1,Störung,,,,,,,9.0,7.0
5995165262498243987-2607241604-4,19155,2607241623,2607241633,6,,ARV,MEX16,Stuttgart Hbf|Stuttgart-Bad Cannstatt|Esslingen(Neckar),8000302,Plochingen,Baden-Württemberg,Plochingen,73207,9.411294578,48.71293906,2,2607241627,,2607241635,,,,,,,,,,,4.0,2.0
-922318236278418485-2607241633-3,7649,2607241637,2607241641,2,,S,S6,Weil der Stadt|Malmsheim,8000313,Renningen,Baden-Württemberg,Renningen,71272,8.932650148,48.77515509,3,2607241639,,2607241641,,,,,,,,,,,2.0,0.0
-4934377407582477101-2607241538-10,7046,2607241604,2607241609,3,,S,S60,Stuttgart-Feuerbach|Stuttgart-Zuffenhausen|Neuwirtshaus(Porscheplatz)|Korntal|Weilimdorf|Ditzingen|Höfingen|Leonberg|Rutesheim,8000313,Renningen,Baden-Württemberg,Renningen,71272,8.932650148,48.77515509,3,2607241606,,2607241609,,,,,,,,,,,2.0,0.0
924644417488732877-2607241617-12,7644,2607241649,2607241652,3,,S,S6,Stuttgart Hbf|Stuttgart Nordbahnhof|Stuttgart-Feuerbach|Stuttgart-Zuffenhausen|Neuwirtshaus(Porscheplatz)|Korntal|Weilimdorf|Ditzingen|Höfingen|Leonberg|Rutesheim,8000313,Renningen,Baden-Württemberg,Renningen,71272,8.932650148,48.77515509,3,2607241649,,2607241652,,,,,,,,,,,0.0,0.0
7725913400382290286-2607241603-3,7647,2607241607,2607241611,2,,S,S6,Weil der Stadt|Malmsheim,8000313,Renningen,Baden-Württemberg,Renningen,71272,8.932650148,48.77515509,3,2607241608,,2607241611,,,,,,,,,,,1.0,0.0
3052355004880075210-2607241634-7,7047,2607241650,2607241656,2,,S,S60,Böblingen|Sindelfingen|Maichingen|Maichingen Nord|Magstadt|Renningen Süd,8000313,Renningen,Baden-Württemberg,Renningen,71272,8.932650148,48.77515509,3,2607241652,,2607241656,,,,,,,,,,,2.0,0.0
-434662733066569795-2607241547-12,7642,2607241619,2607241622,3,,S,S6,Stuttgart Hbf|Stuttgart Nordbahnhof|Stuttgart-Feuerbach|Stuttgart-Zuffenhausen|Neuwirtshaus(Porscheplatz)|Korntal|Weilimdorf|Ditzingen|Höfingen|Leonberg|Rutesheim,8000313,Renningen,Baden-Württemberg,Renningen,71272,8.932650148,48.77515509,3,2607241620,,2607241622,,,,,,,,,,,1.0,0.0
-4320397447687881024-2607241604-7,7045,2607241620,2607241626,2,,S,S60,Böblingen|Sindelfingen|Maichingen|Maichingen Nord|Magstadt|Renningen Süd,8000313,Renningen,Baden-Württemberg,Renningen,71272,8.932650148,48.77515509,3,2607241623,2,2607241626,2,,,,,,,,,,3.0,0.0
-3938449558083296947-2607241608-10,7048,2607241634,2607241639,3,,S,S60,Stuttgart-Feuerbach|Stuttgart-Zuffenhausen|Neuwirtshaus(Porscheplatz)|Korntal|Weilimdorf|Ditzingen|Höfingen|Leonberg|Rutesheim,8000313,Renningen,Baden-Württemberg,Renningen,71272,8.932650148,48.77515509,3,2607241635,,2607241640,,,,,,,,,,,1.0,1.0
6086544143608493018-2607241633-9,7249,2607241651,2607241652,2,,S,S2,Schorndorf|Weiler(Rems)|Winterbach(b Schorndorf)|Geradstetten|Grunbach|Beutelsbach|Endersbach|Stetten-Beinstein,8005157,Rommelshausen,Baden-Württemberg,Kernen,71394,9.319175885,48.81552017,4,2607241651,,2607241652,,,,,,,,,,,0.0,0.0
60204090947316905-2607241620-7,7244,2607241637,2607241637,1,,S,S2,Stuttgart Hbf|Stuttgart-Bad Cannstatt|Stuttgart Nürnberger Str.|Stuttgart-Sommerrain|Fellbach|Waiblingen,8005157,Rommelshausen,Baden-Württemberg,Kernen,71394,9.319175885,48.81552017,4,2607241637,,2607241637,,,,,,,,,,,0.0,0.0
-5445906738201891339-2607241603-9,7247,2607241621,2607241622,2,,S,S2,Schorndorf|Weiler(Rems)|Winterbach(b Schorndorf)|Geradstetten|Grunbach|Beutelsbach|Endersbach|Stetten-Beinstein,8005157,Rommelshausen,Baden-Württemberg,Kernen,71394,9.319175885,48.81552017,4,2607241621,,2607241622,,,,,,,,,,,0.0,0.0
1014763779494518341-2607241550-7,7242,2607241607,2607241607,1,,S,S2,Stuttgart Hbf|Stuttgart-Bad Cannstatt|Stuttgart Nürnberger Str.|Stuttgart-Sommerrain|Fellbach|Waiblingen,8005157,Rommelshausen,Baden-Württemberg,Kernen,71394,9.319175885,48.81552017,4,2607241611,,2607241612,,,,,,,,,,,4.0,5.0
-922318236278418485-2607241633-4,7649,2607241643,2607241644,1,,S,S6,Weil der Stadt|Malmsheim|Renningen,8005236,Rutesheim,Baden-Württemberg,Leonberg,71229,8.960325242,48.79031093,5,2607241643,,2607241644,,,,,,,,,,,0.0,0.0
-4934377407582477101-2607241538-9,7046,2607241601,2607241601,2,,S,S60,Stuttgart-Feuerbach|Stuttgart-Zuffenhausen|Neuwirtshaus(Porscheplatz)|Korntal|Weilimdorf|Ditzingen|Höfingen|Leonberg,8005236,Rutesheim,Baden-Württemberg,Leonberg,71229,8.960325242,48.79031093,5,2607241602,,2607241603,,,,,,,,,,,1.0,2.0
924644417488732877-2607241617-11,7644,2607241646,2607241646,2,,S,S6,Stuttgart Hbf|Stuttgart Nordbahnhof|Stuttgart-Feuerbach|Stuttgart-Zuffenhausen|Neuwirtshaus(Porscheplatz)|Korntal|Weilimdorf|Ditzingen|Höfingen|Leonberg,8005236,Rutesheim,Baden-Württemberg,Leonberg,71229,8.960325242,48.79031093,5,2607241646,,2607241647,,,,,,,,,,,0.0,1.0
7725913400382290286-2607241603-4,7647,2607241613,2607241614,1,,S,S6,Weil der Stadt|Malmsheim|Renningen,8005236,Rutesheim,Baden-Württemberg,Leonberg,71229,8.960325242,48.79031093,5,2607241614,,2607241614,,,,,,,,,,,1.0,0.0
3052355004880075210-2607241634-8,7047,2607241658,2607241659,1,,S,S60,Böblingen|Sindelfingen|Maichingen|Maichingen Nord|Magstadt|Renningen Süd|Renningen,8005236,Rutesheim,Baden-Württemberg,Leonberg,71229,8.960325242,48.79031093,5,2607241659,,2607241659,,,,,,,,,,,1.0,0.0
-434662733066569795-2607241547-11,7642,2607241616,2607241616,2,,S,S6,Stuttgart Hbf|Stuttgart Nordbahnhof|Stuttgart-Feuerbach|Stuttgart-Zuffenhausen|Neuwirtshaus(Porscheplatz)|Korntal|Weilimdorf|Ditzingen|Höfingen|Leonberg,8005236,Rutesheim,Baden-Württemberg,Leonberg,71229,8.960325242,48.79031093,5,2607241618,,2607241618,,,,,,,,,,,2.0,2.0
-4320397447687881024-2607241604-8,7045,2607241628,2607241629,1,,S,S60,Böblingen|Sindelfingen|Maichingen|Maichingen Nord|Magstadt|Renningen Süd|Renningen,8005236,Rutesheim,Baden-Württemberg,Leonberg,71229,8.960325242,48.79031093,5,2607241628,,2607241629,,,,,,,,,,,0.0,0.0
-3938449558083296947-2607241608-9,7048,2607241631,2607241631,2,,S,S60,Stuttgart-Feuerbach|Stuttgart-Zuffenhausen|Neuwirtshaus(Porscheplatz)|Korntal|Weilimdorf|Ditzingen|Höfingen|Leonberg,8005236,Rutesheim,Baden-Württemberg,Leonberg,71229,8.960325242,48.79031093,5,2607241631,,2607241632,,,,,,,,,,,0.0,1.0
-6396384465199611007-2607241546-4,19423,2607241613,2607241614,2,,ARV,MEX13,Stuttgart Hbf|Stuttgart-Bad Cannstatt|Waiblingen,8005424,Schorndorf,Baden-Württemberg,Schorndorf,73614,9.525686251,48.80693898,3,2607241613,,2607241614,,,,,,,,,,,0.0,0.0
6086544143608493018-2607241633-1,7249,,2607241633,,,S,S2,,8005424,Schorndorf,Baden-Württemberg,Schorndorf,73614,9.525686251,48.80693898,3,,,2607241633,,,,,,,,,,,0.0,0.0
-273547766285307951-2607241511-15,19476,2607241613,2607241614,3,,ARV,MEX13,Ellwangen|Schrezheim|Schwabsberg|Goldshöfe|Hofen(b Aalen)|Wasseralfingen|Aalen Hbf|Mögglingen(Gmünd)|Böbingen(Rems)|Schwäbisch Gmünd|Lorch(Württ)|Waldhausen(b Schorndorf)|Plüderhausen|Urbach(b Schorndorf),8005424,Schorndorf,Baden-Württemberg,Schorndorf,73614,9.525686251,48.80693898,3,2607241615,,2607241616,,,,,,,,,,,2.0,2.0
60204090947316905-2607241620-15,7244,2607241655,,1,,S,,Stuttgart Hbf|Stuttgart-Bad Cannstatt|Stuttgart Nürnberger Str.|Stuttgart-Sommerrain|Fellbach|Waiblingen|Rommelshausen|Stetten-Beinstein|Endersbach|Beutelsbach|Grunbach|Geradstetten|Winterbach(b Schorndorf)|Weiler(Rems),8005424,Schorndorf,Baden-Württemberg,Schorndorf,73614,9.525686251,48.80693898,3,2607241656,,,,,,,,,,,,,1.0,0.0
-5445906738201891339-2607241603-1,7247,,2607241603,,,S,S2,,8005424,Schorndorf,Baden-Württemberg,Schorndorf,73614,9.525686251,48.80693898,3,,,2607241603,,,,,,,,,,,0.0,0.0
7739469546965709297-2607241511-5,19680,2607241628,2607241629,3,,ARV,RE1,Crailsheim|Ellwangen|Aalen Hbf|Schwäbisch Gmünd,8005424,Schorndorf,Baden-Württemberg,Schorndorf,73614,9.525686251,48.80693898,3,2607241628,,2607241629,,,,,,,,,,,0.0,0.0
1014763779494518341-2607241550-15,7242,2607241625,,14,,S,,Stuttgart Hbf|Stuttgart-Bad Cannstatt|Stuttgart Nürnberger Str.|Stuttgart-Sommerrain|Fellbach|Waiblingen|Rommelshausen|Stetten-Beinstein|Endersbach|Beutelsbach|Grunbach|Geradstetten|Winterbach(b Schorndorf)|Weiler(Rems),8005424,Schorndorf,Baden-Württemberg,Schorndorf,73614,9.525686251,48.80693898,3,2607241631,,,,,,,,,,,,,6.0,0.0
-5168618100041663203-2607241620-4,19475,2607241643,2607241644,2,,ARV,MEX13,Stuttgart Hbf|Stuttgart-Bad Cannstatt|Waiblingen,8005424,Schorndorf,Baden-Württemberg,Schorndorf,73614,9.525686251,48.80693898,3,2607241657,,2607241659,,,,,,,,,,,14.0,15.0
-7555129147761723302-2607241607-9,19428,2607241643,2607241644,3,,ARV,MEX13,Aalen Hbf|Mögglingen(Gmünd)|Böbingen(Rems)|Schwäbisch Gmünd|Lorch(Württ)|Waldhausen(b Schorndorf)|Plüderhausen|Urbach(b Schorndorf),8005424,Schorndorf,Baden-Württemberg,Schorndorf,73614,9.525686251,48.80693898,3,2607241644,,2607241645,,,,,,,,,,,1.0,1.0
-7819160470553148770-2607241641-5,7349,2607241652,2607241653,1,,S,S3,Backnang|Maubach|Nellmersbach|Winnenden,8005454,Schwaikheim,Baden-Württemberg,Schwaikheim,71409,9.354747358,48.86832665,4,2607241652,,2607241653,,,,,,,,,,,0.0,0.0
-4004274244229684776-2607241612-8,7344,2607241636,2607241636,2,,S,S3,Stuttgart Hbf|Stuttgart-Bad Cannstatt|Stuttgart Nürnberger Str.|Stuttgart-Sommerrain|Fellbach|Waiblingen|Neustadt-Hohenacker,8005454,Schwaikheim,Baden-Württemberg,Schwaikheim,71409,9.354747358,48.86832665,4,2607241649,,2607241650,,,,,,,,,,,13.0,14.0
-2983041268716826074-2607241611-5,7347,2607241622,2607241623,1,,S,S3,Backnang|Maubach|Nellmersbach|Winnenden,8005454,Schwaikheim,Baden-Württemberg,Schwaikheim,71409,9.354747358,48.86832665,4,2607241624,,2607241625,,,,,,,,,,,2.0,2.0
-1516279282303081361-2607241542-8,7342,2607241606,2607241606,2,,S,S3,Stuttgart Hbf|Stuttgart-Bad Cannstatt|Stuttgart Nürnberger Str.|Stuttgart-Sommerrain|Fellbach|Waiblingen|Neustadt-Hohenacker,8005454,Schwaikheim,Baden-Württemberg,Schwaikheim,71409,9.354747358,48.86832665,4,2607241612,,2607241613,,,,,,,,,,,6.0,7.0
-4934377407582477101-2607241538-15,7046,2607241622,2607241623,1,,S,S60,Stuttgart-Feuerbach|Stuttgart-Zuffenhausen|Neuwirtshaus(Porscheplatz)|Korntal|Weilimdorf|Ditzingen|Höfingen|Leonberg|Rutesheim|Renningen|Renningen Süd|Magstadt|Maichingen Nord|Maichingen,8005574,Sindelfingen,Baden-Württemberg,Sindelfingen,71063,8.999262079,48.70387346,6,2607241624,,2607241625,,,,,,,,,,,2.0,2.0
3052355004880075210-2607241634-2,7047,2607241636,2607241637,1,,S,S60,Böblingen,8005574,Sindelfingen,Baden-Württemberg,Sindelfingen,71063,8.999262079,48.70387346,6,2607241637,,2607241637,,,,,,,,,,,1.0,0.0
-4320397447687881024-2607241604-2,7045,2607241606,2607241607,1,,S,S60,Böblingen,8005574,Sindelfingen,Baden-Württemberg,Sindelfingen,71063,8.999262079,48.70387346,6,2607241607,,2607241607,,,,,,,,,,,1.0,0.0
-3938449558083296947-2607241608-15,7048,2607241652,2607241653,1,,S,S60,Stuttgart-Feuerbach|Stuttgart-Zuffenhausen|Neuwirtshaus(Porscheplatz)|Korntal|Weilimdorf|Ditzingen|Höfingen|Leonberg|Rutesheim|Renningen|Renningen Süd|Magstadt|Maichingen Nord|Maichingen,8005574,Sindelfingen,Baden-Württemberg,Sindelfingen,71063,8.999262079,48.70387346,6,2607241653,,2607241654,,,,,,,,,,,1.0,1.0
6086544143608493018-2607241633-8,7249,2607241649,2607241649,2,,S,S2,Schorndorf|Weiler(Rems)|Winterbach(b Schorndorf)|Geradstetten|Grunbach|Beutelsbach|Endersbach,8005726,Stetten-Beinstein,Baden-Württemberg,Weinstadt,71384,9.352769725,48.81199601,5,2607241649,,2607241649,,,,,,,,,,,0.0,0.0
60204090947316905-2607241620-8,7244,2607241639,2607241639,1,,S,S2,Stuttgart Hbf|Stuttgart-Bad Cannstatt|Stuttgart Nürnberger Str.|Stuttgart-Sommerrain|Fellbach|Waiblingen|Rommelshausen,8005726,Stetten-Beinstein,Baden-Württemberg,Weinstadt,71384,9.352769725,48.81199601,5,2607241639,,2607241640,,,,,,,,,,,0.0,1.0
-5445906738201891339-2607241603-8,7247,2607241619,2607241619,2,,S,S2,Schorndorf|Weiler(Rems)|Winterbach(b Schorndorf)|Geradstetten|Grunbach|Beutelsbach|Endersbach,8005726,Stetten-Beinstein,Baden-Württemberg,Weinstadt,71384,9.352769725,48.81199601,5,2607241619,,2607241619,,,,,,,,,,,0.0,0.0
1014763779494518341-2607241550-8,7242,2607241609,2607241609,1,,S,S2,Stuttgart Hbf|Stuttgart-Bad Cannstatt|Stuttgart Nürnberger Str.|Stuttgart-Sommerrain|Fellbach|Waiblingen|Rommelshausen,8005726,Stetten-Beinstein,Baden-Württemberg,Weinstadt,71384,9.352769725,48.81199601,5,2607241614,,2607241614,,,,,,,,,,,5.0,5.0
821086877842718349-2607241617-1,19522,,2607241617,,,RE,MEX17a,,8000096,Stuttgart Hbf,Baden-Württemberg,Stuttgart,70173,9.183172973,48.78473069,1,,,2607241618,,h,2,Information,,,,,,,0.0,1.0
-3924626970669458370-2607241541-12,7345,2607241617,,4,,S,,Backnang|Maubach|Nellmersbach|Winnenden|Schwaikheim|Neustadt-Hohenacker|Waiblingen|Fellbach|Stuttgart-Sommerrain|Stuttgart Nürnberger Str.|Stuttgart-Bad Cannstatt,8000096,Stuttgart Hbf,Baden-Württemberg,Stuttgart,70173,9.183172973,48.78473069,1,2607241619,,,,,,,,,,,,,2.0,0.0
-7748732492772087501-2607241607-1,7442,,2607241607,,,S,S4,,8000096,Stuttgart Hbf,Baden-Württemberg,Stuttgart,70173,9.183172973,48.78473069,1,,,2607241608,,h,1,Bauarbeiten,,,,,,,0.0,1.0
6801304589286144337-2607241537-9,7545,2607241605,,1,,S,,Bietigheim-Bissingen|Tamm(Württ)|Asperg|Ludwigsburg|Kornwestheim Pbf|Stuttgart-Zuffenhausen|Stuttgart-Feuerbach|Stuttgart Nordbahnhof,8000096,Stuttgart Hbf,Baden-Württemberg,Stuttgart,70173,9.183172973,48.78473069,1,2607241608,,,,,,,,,,,,,3.0,0.0
-8550986694392326164-2607241657-1,89687,,2607241657,,,ARV,RE90,,8000096,Stuttgart Hbf,Baden-Württemberg,Stuttgart,70173,9.183172973,48.78473069,1,,,2607241706,,h,2,Information,,,,,,,0.0,9.0
-3211478262182188991-2607241533-14,7645,2607241615,,2,,S,,Weil der Stadt|Malmsheim|Renningen|Rutesheim|Leonberg|Höfingen|Ditzingen|Weilimdorf|Korntal|Neuwirtshaus(Porscheplatz)|Stuttgart-Zuffenhausen|Stuttgart-Feuerbach|Stuttgart Nordbahnhof,8000096,Stuttgart Hbf,Baden-Württemberg,Stuttgart,70173,9.183172973,48.78473069,1,2607241626,,,,,,,,,,,c,,11.0,0.0
4438230868556249097-2607241657-1,7548,,2607241657,,,S,S5,,8000096,Stuttgart Hbf,Baden-Württemberg,Stuttgart,70173,9.183172973,48.78473069,1,,,2607241657,,,,,,,,,,,0.0,0.0
4626892396658662892-2607241627-1,7546,,2607241627,,,S,S5,,8000096,Stuttgart Hbf,Baden-Württemberg,Stuttgart,70173,9.183172973,48.78473069,1,,,,,,,,,,,,,c,0.0,0.0
9072809401414477062-2607241550-15,7147,2607241635,,4,,S,,Kirchheim(Teck)|Kirchheim(Teck)-Ötlingen|Wendlingen(Neckar)|Wernau(Neckar)|Plochingen|Altbach|Esslingen-Zell|Oberesslingen|Esslingen(Neckar)|Esslingen-Mettingen|Stuttgart-Obertürkheim|Stuttgart-Untertürkheim|Stuttgart Neckarpark|Stuttgart-Bad Cannstatt,8000096,Stuttgart Hbf,Baden-Württemberg,Stuttgart,70173,9.183172973,48.78473069,1,2607241641,,,,h,1,Störung,,,,,,,6.0,0.0
-6739253170809320051-2607241642-1,7346,,2607241642,,,S,S3,,8000096,Stuttgart Hbf,Baden-Württemberg,Stuttgart,70173,9.183172973,48.78473069,1,,,2607241646,,,,,,,,,,,0.0,4.0
-4004274244229684776-2607241612-1,7344,,2607241612,,,S,S3,,8000096,Stuttgart Hbf,Baden-Württemberg,Stuttgart,70173,9.183172973,48.78473069,1,,,2607241622,6,,,,,,,,,,0.0,10.0
-7734078232361227040-2607241655-1,7148,,2607241655,,,S,S1,,8000096,Stuttgart Hbf,Baden-Württemberg,Stuttgart,70173,9.183172973,48.78473069,1,,,2607241656,,h,1,Störung,,,,,,,0.0,1.0
924644417488732877-2607241617-1,7644,,2607241617,,,S,S6,,8000096,Stuttgart Hbf,Baden-Württemberg,Stuttgart,70173,9.183172973,48.78473069,1,,,2607241617,,,,,,,,,,,0.0,0.0
3550462619255367417-2607241607-9,7547,2607241635,,2,,S,,Bietigheim-Bissingen|Tamm(Württ)|Asperg|Ludwigsburg|Kornwestheim Pbf|Stuttgart-Zuffenhausen|Stuttgart-Feuerbach|Stuttgart Nordbahnhof,8000096,Stuttgart Hbf,Baden-Württemberg,Stuttgart,70173,9.183172973,48.78473069,1,2607241635,,,,,,,,,,,,,0.0,0.0
-273547766285307951-2607241511-18,19476,2607241639,,13,,ARV,,Ellwangen|Schrezheim|Schwabsberg|Goldshöfe|Hofen(b Aalen)|Wasseralfingen|Aalen Hbf|Mögglingen(Gmünd)|Böbingen(Rems)|Schwäbisch Gmünd|Lorch(Württ)|Waldhausen(b Schorndorf)|Plüderhausen|Urbach(b Schorndorf)|Schorndorf|Waiblingen|Stuttgart-Bad Cannstatt,8000096,Stuttgart Hbf,Baden-Württemberg,Stuttgart,70173,9.183172973,48.78473069,1,2607241641,,,,,,,,,,,,,2.0,0.0
850856536630072674-2607241512-17,19525,2607241646,,7,,RE,,Karlsruhe Hbf|Karlsruhe-Durlach|Wilferdingen-Singen|Pforzheim Hbf|Eutingen(Baden)|Niefern|Enzberg|Mühlacker|Mühlacker Rößlesweg|Illingen(Württ)|Vaihingen(Enz)|Sersheim|Sachsenheim|Ellental|Bietigheim-Bissingen|Ludwigsburg,8000096,Stuttgart Hbf,Baden-Württemberg,Stuttgart,70173,9.183172973,48.78473069,1,2607241650,,,,h,2,Information,,,,,,,4.0,0.0
-1087968732323724490-2607241459-10,50486,2607241643,,6,,RE,,Tuttlingen|Spaichingen|Rottweil|Oberndorf(Neckar)|Sulz(Neckar)|Horb|Bondorf(b Herrenberg)|Gäufelden|Herrenberg,8000096,Stuttgart Hbf,Baden-Württemberg,Stuttgart,70173,9.183172973,48.78473069,1,2607241642,,,,h,2,Information,,,,,,,-1.0,0.0
1140779865956290650-2607241445-5,594,2607241643,2607241649,9,,ICE,,München Hbf|München-Pasing|Augsburg Hbf|Ulm Hbf,8000096,Stuttgart Hbf,Baden-Württemberg,Stuttgart,70173,9.183172973,48.78473069,1,2607241646,10,2607241652,10,h,1,Information,,,,,,,3.0,3.0
-8726739109013782304-2607241557-9,19231,2607241642,2607241651,14,,RE,MEX12,Heilbronn Hbf|Nordheim(Württ)|Lauffen(Neckar)|Kirchheim(Neckar)|Walheim(Württ)|Besigheim|Bietigheim-Bissingen|Ludwigsburg,8000096,Stuttgart Hbf,Baden-Württemberg,Stuttgart,70173,9.183172973,48.78473069,1,2607241654,,2607241702,,h,2,Störung,,,,,,,12.0,11.0
1890742567431507346-2607241625-1,7146,,2607241625,,,S,S1,,8000096,Stuttgart Hbf,Baden-Württemberg,Stuttgart,70173,9.183172973,48.78473069,1,,,2607241625,,h,1,Störung,,,,,,,0.0,0.0
-2627319502414886509-2607240900-12,579,2607241638,,10,,ICE,,Kiel Hbf|Neumünster|Hamburg Hbf|Uelzen|Hannover Hbf|Göttingen|Kassel-Wilhelmshöhe|Fulda|Hanau Hbf|Frankfurt(Main)Hbf|Mannheim Hbf,8000096,Stuttgart Hbf,Baden-Württemberg,Stuttgart,70173,9.183172973,48.78473069,1,2607241657,9,,,h,1,Störung,,,,,,,19.0,0.0
-1785536974042890929-2607241605-6,19681,2607241659,2607241706,15,,ARV,RE1,Karlsruhe Hbf|Karlsruhe-Durlach|Pforzheim Hbf|Mühlacker|Vaihingen(Enz),8000096,Stuttgart Hbf,Baden-Württemberg,Stuttgart,70173,9.183172973,48.78473069,1,2607241714,,2607241723,,,,,,,,,,,15.0,17.0
2152293342088146683-2607241403-13,4220,2607241622,,11,,RE,,Friedrichshafen Stadt|Meckenbeuren|Ravensburg|Aulendorf|Bad Schussenried|Biberach(Riß)|Laupheim West|Ulm Hbf|Geislingen(Steige)|Göppingen|Plochingen|Esslingen(Neckar),8000096,Stuttgart Hbf,Baden-Württemberg,Stuttgart,70173,9.183172973,48.78473069,1,2607241629,,,,,,,,,,,,,7.0,0.0
60204090947316905-2607241620-1,7244,,2607241620,,,S,S2,,8000096,Stuttgart Hbf,Baden-Württemberg,Stuttgart,70173,9.183172973,48.78473069,1,,,2607241620,,,,,,,,,,,0.0,0.0
-6219625233208101975-2607241545-12,7445,2607241625,,1,,S,,Kirchberg(Murr)|Erdmannhausen|Marbach(Neckar)|Benningen(Neckar)|Freiberg(Neckar)|Favoritepark|Ludwigsburg|Kornwestheim Pbf|Stuttgart-Zuffenhausen|Stuttgart-Feuerbach|Stuttgart Nordbahnhof,8000096,Stuttgart Hbf,Baden-Württemberg,Stuttgart,70173,9.183172973,48.78473069,1,2607241626,,,,h,1,Bauarbeiten,,,,,,,1.0,0.0
-5445906738201891339-2607241603-15,7247,2607241640,,3,,S,,Schorndorf|Weiler(Rems)|Winterbach(b Schorndorf)|Geradstetten|Grunbach|Beutelsbach|Endersbach|Stetten-Beinstein|Rommelshausen|Waiblingen|Fellbach|Stuttgart-Sommerrain|Stuttgart Nürnberger Str.|Stuttgart-Bad Cannstatt,8000096,Stuttgart Hbf,Baden-Württemberg,Stuttgart,70173,9.183172973,48.78473069,1,2607241643,,,,,,,,,,,,,3.0,0.0
-1234334257982250897-2607241614-1,1246,,2607241614,,,FLX,10,,8000096,Stuttgart Hbf,Baden-Württemberg,Stuttgart,70173,9.183172973,48.78473069,1,,,,,,,,,,,,,c,0.0,0.0
-3574262159782319876-2607241533-15,7245,2607241610,,3,,S,,Schorndorf|Weiler(Rems)|Winterbach(b Schorndorf)|Geradstetten|Grunbach|Beutelsbach|Endersbach|Stetten-Beinstein|Rommelshausen|Waiblingen|Fellbach|Stuttgart-Sommerrain|Stuttgart Nürnberger Str.|Stuttgart-Bad Cannstatt,8000096,Stuttgart Hbf,Baden-Württemberg,Stuttgart,70173,9.183172973,48.78473069,1,2607241612,,,,,,,,,,,,,2.0,0.0
-8415102531932798272-2607241639-1,4225,,2607241639,,,RE,RE5,,8000096,Stuttgart Hbf,Baden-Württemberg,Stuttgart,70173,9.183172973,48.78473069,1,,,2607241641,,,,,,,,,,,0.0,2.0
-3857587200421256648-2607241633-3,28488,2607241655,,5,,RE,,Böblingen|Stuttgart-Vaihingen,8000096,Stuttgart Hbf,Baden-Württemberg,Stuttgart,70173,9.183172973,48.78473069,1,2607241700,,,,,,,,,,,,,5.0,0.0
7739469546965709297-2607241511-6,19680,2607241650,2607241658,11,,ARV,RE1,Crailsheim|Ellwangen|Aalen Hbf|Schwäbisch Gmünd|Schorndorf,8000096,Stuttgart Hbf,Baden-Württemberg,Stuttgart,70173,9.183172973,48.78473069,1,2607241650,,2607241658,,,,,,,,,,,0.0,0.0
4970266801288472002-2607241532-7,19021,2607241625,,7,,ARV,,Karlsruhe Hbf|Karlsruhe-Durlach|Wilferdingen-Singen|Pforzheim Hbf|Mühlacker|Vaihingen(Enz),8000096,Stuttgart Hbf,Baden-Württemberg,Stuttgart,70173,9.183172973,48.78473069,1,2607241634,,,,,,,,,,,,,9.0,0.0
4714350108446430975-2607241617-1,19622,,2607241617,,,RE,MEX17c,,8000096,Stuttgart Hbf,Baden-Württemberg,Stuttgart,70173,9.183172973,48.78473069,1,,,2607241618,,,,,,,,,,,0.0,1.0
6027149644914886165-2607241637-1,7444,,2607241637,,,S,S4,,8000096,Stuttgart Hbf,Baden-Württemberg,Stuttgart,70173,9.183172973,48.78473069,1,,,2607241637,,h,1,Bauarbeiten,,,,,,,0.0,0.0
-7952168138612223160-2607241507-12,19426,2607241609,,14,,ARV,,Aalen Hbf|Mögglingen(Gmünd)|Böbingen(Rems)|Schwäbisch Gmünd|Lorch(Württ)|Waldhausen(b Schorndorf)|Plüderhausen|Urbach(b Schorndorf)|Schorndorf|Waiblingen|Stuttgart-Bad Cannstatt,8000096,Stuttgart Hbf,Baden-Württemberg,Stuttgart,70173,9.183172973,48.78473069,1,2607241619,,,,,,,,,,,,,10.0,0.0
-9143870870247414014-2607241604-1,1092,,2607241604,,,ICE,,,8000096,Stuttgart Hbf,Baden-Württemberg,Stuttgart,70173,9.183172973,48.78473069,1,,,2607241606,,,,,,,,,,,0.0,2.0
7725913400382290286-2607241603-14,7647,2607241645,,1,,S,,Weil der Stadt|Malmsheim|Renningen|Rutesheim|Leonberg|Höfingen|Ditzingen|Weilimdorf|Korntal|Neuwirtshaus(Porscheplatz)|Stuttgart-Zuffenhausen|Stuttgart-Feuerbach|Stuttgart Nordbahnhof,8000096,Stuttgart Hbf,Baden-Württemberg,Stuttgart,70173,9.183172973,48.78473069,1,2607241646,,,,,,,,,,,,,1.0,0.0
-2983041268716826074-2607241611-12,7347,2607241647,,4,,S,,Backnang|Maubach|Nellmersbach|Winnenden|Schwaikheim|Neustadt-Hohenacker|Waiblingen|Fellbach|Stuttgart-Sommerrain|Stuttgart Nürnberger Str.|Stuttgart-Bad Cannstatt,8000096,Stuttgart Hbf,Baden-Württemberg,Stuttgart,70173,9.183172973,48.78473069,1,2607241650,,,,,,,,,,,,,3.0,0.0
5506469601342734593-2607241642-1,19157,,2607241642,,,ARV,MEX16,,8000096,Stuttgart Hbf,Baden-Württemberg,Stuttgart,70173,9.183172973,48.78473069,1,,,2607241644,,,,,,,,,,,0.0,2.0
-8351377194669505707-2607241612-1,17653,,2607241612,,,RE,RE14b,,8000096,Stuttgart Hbf,Baden-Württemberg,Stuttgart,70173,9.183172973,48.78473069,1,,,2607241612,,,,,,,,,,,0.0,0.0
7369273237182260533-2607241650-1,7246,,2607241650,,,S,S2,,8000096,Stuttgart Hbf,Baden-Württemberg,Stuttgart,70173,9.183172973,48.78473069,1,,,2607241651,,,,,,,,,,,0.0,1.0
-4518036593443333600-2607241436-22,19152,2607241616,,13,,ARV,,Ulm Hbf|Beimerstetten|Westerstetten|Lonsee|Urspring|Amstetten(Württ)|Geislingen(Steige)|Geislingen(Steige)West|Kuchen|Gingen(Fils)|Süßen|Salach|Eislingen(Fils)|Göppingen|Faurndau|Uhingen|Ebersbach(Fils)|Reichenbach(Fils)|Plochingen|Esslingen(Neckar)|Stuttgart-Bad Cannstatt,8000096,Stuttgart Hbf,Baden-Württemberg,Stuttgart,70173,9.183172973,48.78473069,1,2607241616,,,,,,,,,,,,,0.0,0.0
2623969724242618233-2607241612-1,17655,,2607241612,,,RE,RE14a,,8000096,Stuttgart Hbf,Baden-Württemberg,Stuttgart,70173,9.183172973,48.78473069,1,,,2607241612,,,,,,,,,,,0.0,0.0
3675320541711482357-2607241506-5,2163,2607241603,2607241609,16,,IC,,Karlsruhe Hbf|Pforzheim Hbf|Mühlacker|Vaihingen(Enz),8000096,Stuttgart Hbf,Baden-Württemberg,Stuttgart,70173,9.183172973,48.78473069,1,2607241609,,2607241613,,c,,,,,,,,,6.0,4.0
-1771999902519035233-2607241503-10,17544,2607241602,,12,,RE,,Schwäbisch Hall-Hessental|Gaildorf West|Murrhardt|Sulzbach(Murr)|Oppenweiler(Württ)|Backnang|Winnenden|Waiblingen|Stuttgart-Bad Cannstatt,8000096,Stuttgart Hbf,Baden-Württemberg,Stuttgart,70173,9.183172973,48.78473069,1,2607241606,,,,,,,,,,,,,4.0,0.0
-5168618100041663203-2607241620-1,19475,,2607241620,,,ARV,MEX13,,8000096,Stuttgart Hbf,Baden-Württemberg,Stuttgart,70173,9.183172973,48.78473069,1,,,2607241632,,,,,,,,,,,0.0,12.0
-2070584927266405083-2607240945-13,519,2607241611,2607241617,15,,ICE,,Hamburg Hbf|Hamburg-Harburg|Bremen Hbf|Osnabrück Hbf|Münster(Westf)Hbf|Dortmund Hbf|Hagen Hbf|Wuppertal Hbf|Solingen Hbf|Köln Hbf|Frankfurt(M) Flughafen Fernbf|Mannheim Hbf,8000096,Stuttgart Hbf,Baden-Württemberg,Stuttgart,70173,9.183172973,48.78473069,1,2607241651,,2607241655,,h,1,Störung,,,Hamburg Hbf|Hamburg-Harburg|Bremen Hbf|Osnabrück Hbf|Münster(Westf)Hbf|Dortmund Hbf|Hagen Hbf|Wuppertal Hbf|Solingen Hbf|Köln Hbf|Frankfurt(M) Flughafen Fernbf|Mannheim Hbf,Ulm Hbf|Augsburg Hbf|München-Pasing|München Hbf,,,40.0,38.0
6798270359717880545-2607241548-16,19154,2607241653,,12,,ARV,,Geislingen(Steige)|Geislingen(Steige)West|Kuchen|Gingen(Fils)|Süßen|Salach|Eislingen(Fils)|Göppingen|Faurndau|Uhingen|Ebersbach(Fils)|Reichenbach(Fils)|Plochingen|Esslingen(Neckar)|Stuttgart-Bad Cannstatt,8000096,Stuttgart Hbf,Baden-Württemberg,Stuttgart,70173,9.183172973,48.78473069,1,2607241654,,,,,,,,,,,,,1.0,0.0
5852218906535637124-2607241623-1,50281,,2607241623,,,RE,IC87,,8000096,Stuttgart Hbf,Baden-Württemberg,Stuttgart,70173,9.183172973,48.78473069,1,,,2607241624,,h,2,Information,,,,,,,0.0,1.0
4359145174899901492-2607241647-1,19425,,2607241647,,,ARV,MEX13,,8000096,Stuttgart Hbf,Baden-Württemberg,Stuttgart,70173,9.183172973,48.78473069,1,,,2607241651,,,,,,,,,,,0.0,4.0
-3086228637643871650-2607241647-1,7646,,2607241647,,,S,S6,,8000096,Stuttgart Hbf,Baden-Württemberg,Stuttgart,70173,9.183172973,48.78473069,1,,,2607241647,,,,,,,,,,,0.0,0.0
1385355651314404449-2607241603-1,28489,,2607241603,,,RE,RESB,,8000096,Stuttgart Hbf,Baden-Württemberg,Stuttgart,70173,9.183172973,48.78473069,1,,,2607241604,,,,,,,,,,,0.0,1.0
5995165262498243987-2607241604-1,19155,,2607241604,,,ARV,MEX16,,8000096,Stuttgart Hbf,Baden-Württemberg,Stuttgart,70173,9.183172973,48.78473069,1,,,2607241606,,,,,,,,,,,0.0,2.0
8256892323728512755-2607241626-1,17541,,2607241626,,,RB,MEX90,,8000096,Stuttgart Hbf,Baden-Württemberg,Stuttgart,70173,9.183172973,48.78473069,1,,,2607241626,,,,,,,,,,,0.0,0.0
6853798235631102006-2607241459-10,2586,2607241643,,6,,IC,,Tuttlingen|Spaichingen|Rottweil|Oberndorf(Neckar)|Sulz(Neckar)|Horb|Bondorf(b Herrenberg)|Gäufelden|Herrenberg,8000096,Stuttgart Hbf,Baden-Württemberg,Stuttgart,70173,9.183172973,48.78473069,1,2607241642,,,,h,2,Information,,,,,,,-1.0,0.0
-7316032691190328672-2607241615-12,7447,2607241655,,2,,S,,Kirchberg(Murr)|Erdmannhausen|Marbach(Neckar)|Benningen(Neckar)|Freiberg(Neckar)|Favoritepark|Ludwigsburg|Kornwestheim Pbf|Stuttgart-Zuffenhausen|Stuttgart-Feuerbach|Stuttgart Nordbahnhof,8000096,Stuttgart Hbf,Baden-Württemberg,Stuttgart,70173,9.183172973,48.78473069,1,2607241655,,,,h,1,Bauarbeiten,,,,,,,0.0,0.0
-4073049444847278216-2607241632-1,19022,,2607241632,,,ARV,RE1,,8000096,Stuttgart Hbf,Baden-Württemberg,Stuttgart,70173,9.183172973,48.78473069,1,,,2607241634,,,,,,,,,,,0.0,2.0
6830165283023982751-2607241520-15,7145,2607241605,,4,,S,,Kirchheim(Teck)|Kirchheim(Teck)-Ötlingen|Wendlingen(Neckar)|Wernau(Neckar)|Plochingen|Altbach|Esslingen-Zell|Oberesslingen|Esslingen(Neckar)|Esslingen-Mettingen|Stuttgart-Obertürkheim|Stuttgart-Untertürkheim|Stuttgart Neckarpark|Stuttgart-Bad Cannstatt,8000096,Stuttgart Hbf,Baden-Württemberg,Stuttgart,70173,9.183172973,48.78473069,1,2607241617,6,,,h,1,Störung,,,,,,,12.0,0.0
3553759530310615-2607241623-1,2561,,2607241623,,,IC,,,8000096,Stuttgart Hbf,Baden-Württemberg,Stuttgart,70173,9.183172973,48.78473069,1,,,2607241624,,h,2,Information,,,,,,,0.0,1.0
-1129910714640635902-2607241643-1,1696,,2607241643,,,ICE,,,8000096,Stuttgart Hbf,Baden-Württemberg,Stuttgart,70173,9.183172973,48.78473069,1,,,2607241643,,,,,,,,,,,0.0,0.0
9072809401414477062-2607241550-13,7147,2607241627,2607241627,1,,S,S1,Kirchheim(Teck)|Kirchheim(Teck)-Ötlingen|Wendlingen(Neckar)|Wernau(Neckar)|Plochingen|Altbach|Esslingen-Zell|Oberesslingen|Esslingen(Neckar)|Esslingen-Mettingen|Stuttgart-Obertürkheim|Stuttgart-Untertürkheim,8006743,Stuttgart Neckarpark,Baden-Württemberg,Stuttgart,70372,9.24106855,48.79194362,4,2607241631,,2607241632,,h,1,Störung,,,,,,,4.0,5.0
-7851813684664054699-2607241620-13,7149,2607241657,2607241657,1,,S,S1,Kirchheim(Teck)|Kirchheim(Teck)-Ötlingen|Wendlingen(Neckar)|Wernau(Neckar)|Plochingen|Altbach|Esslingen-Zell|Oberesslingen|Esslingen(Neckar)|Esslingen-Mettingen|Stuttgart-Obertürkheim|Stuttgart-Untertürkheim,8006743,Stuttgart Neckarpark,Baden-Württemberg,Stuttgart,70372,9.24106855,48.79194362,4,2607241706,,2607241707,,h,1,Störung,,,,,,,9.0,10.0
1890742567431507346-2607241625-3,7146,2607241632,2607241632,2,,S,S1,Stuttgart Hbf|Stuttgart-Bad Cannstatt,8006743,Stuttgart Neckarpark,Baden-Württemberg,Stuttgart,70372,9.24106855,48.79194362,4,2607241634,,2607241634,,h,1,Störung,,,,,,,2.0,2.0
6037772526634891708-2607241555-3,7144,2607241602,2607241602,2,,S,S1,Stuttgart Hbf|Stuttgart-Bad Cannstatt,8006743,Stuttgart Neckarpark,Baden-Württemberg,Stuttgart,70372,9.24106855,48.79194362,4,2607241608,,2607241609,,h,1,Störung,,,,,,,6.0,7.0
-4827015275996172889-2607241637-8,7549,2607241659,2607241701,4,,S,S5,Bietigheim-Bissingen|Tamm(Württ)|Asperg|Ludwigsburg|Kornwestheim Pbf|Stuttgart-Zuffenhausen|Stuttgart-Feuerbach,8005767,Stuttgart Nord,Baden-Württemberg,Stuttgard-Nord,70174,9.188061449,48.80374161,5,2607241659,,2607241701,,,,,,,,,,,0.0,0.0
-7748732492772087501-2607241607-2,7442,2607241610,2607241611,3,,S,S4,Stuttgart Hbf,8005767,Stuttgart Nord,Baden-Württemberg,Stuttgard-Nord,70174,9.188061449,48.80374161,5,2607241612,,2607241612,,h,1,Bauarbeiten,,,,,,,2.0,1.0
-4628505577045451249-2607241557-2,7544,2607241600,2607241601,3,,S,S5,Stuttgart Hbf,8005767,Stuttgart Nord,Baden-Württemberg,Stuttgard-Nord,70174,9.188061449,48.80374161,5,2607241603,,2607241604,,,,,,,,,,,3.0,3.0
6801304589286144337-2607241537-8,7545,2607241559,2607241601,4,,S,S5,Bietigheim-Bissingen|Tamm(Württ)|Asperg|Ludwigsburg|Kornwestheim Pbf|Stuttgart-Zuffenhausen|Stuttgart-Feuerbach,8005767,Stuttgart Nord,Baden-Württemberg,Stuttgard-Nord,70174,9.188061449,48.80374161,5,2607241600,,2607241602,,,,,,,,,,,1.0,1.0
-3211478262182188991-2607241533-13,7645,2607241609,2607241611,4,,S,S6,Weil der Stadt|Malmsheim|Renningen|Rutesheim|Leonberg|Höfingen|Ditzingen|Weilimdorf|Korntal|Neuwirtshaus(Porscheplatz)|Stuttgart-Zuffenhausen|Stuttgart-Feuerbach,8005767,Stuttgart Nord,Baden-Württemberg,Stuttgard-Nord,70174,9.188061449,48.80374161,5,2607241621,,2607241622,,,,,,,,,c,c,12.0,11.0
4626892396658662892-2607241627-2,7546,2607241630,2607241631,3,,S,S5,Stuttgart Hbf,8005767,Stuttgart Nord,Baden-Württemberg,Stuttgard-Nord,70174,9.188061449,48.80374161,5,,,,,,,,,,,,c,c,0.0,0.0
924644417488732877-2607241617-2,7644,2607241620,2607241622,3,,S,S6,Stuttgart Hbf,8005767,Stuttgart Nord,Baden-Württemberg,Stuttgard-Nord,70174,9.188061449,48.80374161,5,2607241621,,2607241622,,,,,,,,,,,1.0,0.0
3550462619255367417-2607241607-8,7547,2607241629,2607241631,4,,S,S5,Bietigheim-Bissingen|Tamm(Württ)|Asperg|Ludwigsburg|Kornwestheim Pbf|Stuttgart-Zuffenhausen|Stuttgart-Feuerbach,8005767,Stuttgart Nord,Baden-Württemberg,Stuttgard-Nord,70174,9.188061449,48.80374161,5,2607241629,,2607241631,,,,,,,,,,,0.0,0.0
-6219625233208101975-2607241545-11,7445,2607241619,2607241621,4,,S,S4,Kirchberg(Murr)|Erdmannhausen|Marbach(Neckar)|Benningen(Neckar)|Freiberg(Neckar)|Favoritepark|Ludwigsburg|Kornwestheim Pbf|Stuttgart-Zuffenhausen|Stuttgart-Feuerbach,8005767,Stuttgart Nord,Baden-Württemberg,Stuttgard-Nord,70174,9.188061449,48.80374161,5,2607241620,,2607241622,,h,1,Bauarbeiten,,,,,,,1.0,1.0
6027149644914886165-2607241637-2,7444,2607241640,2607241641,3,,S,S4,Stuttgart Hbf,8005767,Stuttgart Nord,Baden-Württemberg,Stuttgard-Nord,70174,9.188061449,48.80374161,5,2607241641,,2607241642,,h,1,Bauarbeiten,,,,,,,1.0,1.0
7725913400382290286-2607241603-13,7647,2607241639,2607241641,4,,S,S6,Weil der Stadt|Malmsheim|Renningen|Rutesheim|Leonberg|Höfingen|Ditzingen|Weilimdorf|Korntal|Neuwirtshaus(Porscheplatz)|Stuttgart-Zuffenhausen|Stuttgart-Feuerbach,8005767,Stuttgart Nord,Baden-Württemberg,Stuttgard-Nord,70174,9.188061449,48.80374161,5,2607241639,,2607241642,,,,,,,,,,,0.0,1.0
-3086228637643871650-2607241647-2,7646,2607241650,2607241652,3,,S,S6,Stuttgart Hbf,8005767,Stuttgart Nord,Baden-Württemberg,Stuttgard-Nord,70174,9.188061449,48.80374161,5,2607241651,,2607241653,,,,,,,,,,,1.0,1.0
-7316032691190328672-2607241615-11,7447,2607241649,2607241651,4,,S,S4,Kirchberg(Murr)|Erdmannhausen|Marbach(Neckar)|Benningen(Neckar)|Freiberg(Neckar)|Favoritepark|Ludwigsburg|Kornwestheim Pbf|Stuttgart-Zuffenhausen|Stuttgart-Feuerbach,8005767,Stuttgart Nord,Baden-Württemberg,Stuttgard-Nord,70174,9.188061449,48.80374161,5,2607241649,,2607241651,,h,1,Bauarbeiten,,,,,,,0.0,0.0
-3924626970669458370-2607241541-10,7345,2607241607,2607241608,1,,S,S3,Backnang|Maubach|Nellmersbach|Winnenden|Schwaikheim|Neustadt-Hohenacker|Waiblingen|Fellbach|Stuttgart-Sommerrain,8004357,Stuttgart Nürnberger Straße,Baden-Württemberg,Stuttgart,70374,9.234576905,48.80656062,5,2607241607,,2607241608,,,,,,,,,,,0.0,0.0
-6739253170809320051-2607241642-3,7346,2607241652,2607241652,4,,S,S3,Stuttgart Hbf|Stuttgart-Bad Cannstatt,8004357,Stuttgart Nürnberger Straße,Baden-Württemberg,Stuttgart,70374,9.234576905,48.80656062,5,2607241653,,2607241654,,,,,,,,,,,1.0,2.0
-4004274244229684776-2607241612-3,7344,2607241622,2607241622,4,,S,S3,Stuttgart Hbf|Stuttgart-Bad Cannstatt,8004357,Stuttgart Nürnberger Straße,Baden-Württemberg,Stuttgart,70374,9.234576905,48.80656062,5,2607241630,,2607241631,,,,,,,,,,,8.0,9.0
60204090947316905-2607241620-3,7244,2607241627,2607241627,4,,S,S2,Stuttgart Hbf|Stuttgart-Bad Cannstatt,8004357,Stuttgart Nürnberger Straße,Baden-Württemberg,Stuttgart,70374,9.234576905,48.80656062,5,2607241627,,2607241628,,,,,,,,,,,0.0,1.0
-5445906738201891339-2607241603-13,7247,2607241632,2607241633,1,,S,S2,Schorndorf|Weiler(Rems)|Winterbach(b Schorndorf)|Geradstetten|Grunbach|Beutelsbach|Endersbach|Stetten-Beinstein|Rommelshausen|Waiblingen|Fellbach|Stuttgart-Sommerrain,8004357,Stuttgart Nürnberger Straße,Baden-Württemberg,Stuttgart,70374,9.234576905,48.80656062,5,2607241632,,2607241633,,,,,,,,,,,0.0,0.0
-3574262159782319876-2607241533-13,7245,2607241602,2607241603,1,,S,S2,Schorndorf|Weiler(Rems)|Winterbach(b Schorndorf)|Geradstetten|Grunbach|Beutelsbach|Endersbach|Stetten-Beinstein|Rommelshausen|Waiblingen|Fellbach|Stuttgart-Sommerrain,8004357,Stuttgart Nürnberger Straße,Baden-Württemberg,Stuttgart,70374,9.234576905,48.80656062,5,2607241602,,2607241603,,,,,,,,,,,0.0,0.0
-2983041268716826074-2607241611-10,7347,2607241637,2607241638,1,,S,S3,Backnang|Maubach|Nellmersbach|Winnenden|Schwaikheim|Neustadt-Hohenacker|Waiblingen|Fellbach|Stuttgart-Sommerrain,8004357,Stuttgart Nürnberger Straße,Baden-Württemberg,Stuttgart,70374,9.234576905,48.80656062,5,2607241638,,2607241639,,,,,,,,,,,1.0,1.0
7369273237182260533-2607241650-3,7246,2607241657,2607241657,4,,S,S2,Stuttgart Hbf|Stuttgart-Bad Cannstatt,8004357,Stuttgart Nürnberger Straße,Baden-Württemberg,Stuttgart,70374,9.234576905,48.80656062,5,2607241658,,2607241658,,,,,,,,,,,1.0,1.0
-3924626970669458370-2607241541-11,7345,2607241611,2607241613,2,,S,S3,Backnang|Maubach|Nellmersbach|Winnenden|Schwaikheim|Neustadt-Hohenacker|Waiblingen|Fellbach|Stuttgart-Sommerrain|Stuttgart Nürnberger Str.,8005769,Stuttgart-Bad Cannstatt,Baden-Württemberg,Stuttgart,70372,9.217468636,48.80127978,3,2607241615,,2607241616,,,,,,,,,,,4.0,3.0
9072809401414477062-2607241550-14,7147,2607241630,2607241631,2,,S,S1,Kirchheim(Teck)|Kirchheim(Teck)-Ötlingen|Wendlingen(Neckar)|Wernau(Neckar)|Plochingen|Altbach|Esslingen-Zell|Oberesslingen|Esslingen(Neckar)|Esslingen-Mettingen|Stuttgart-Obertürkheim|Stuttgart-Untertürkheim|Stuttgart Neckarpark,8005769,Stuttgart-Bad Cannstatt,Baden-Württemberg,Stuttgart,70372,9.217468636,48.80127978,3,2607241635,,2607241637,,h,1,Störung,,,,,,,5.0,6.0
-6739253170809320051-2607241642-2,7346,2607241646,2607241649,3,,S,S3,Stuttgart Hbf,8005769,Stuttgart-Bad Cannstatt,Baden-Württemberg,Stuttgart,70372,9.217468636,48.80127978,3,2607241650,,2607241651,,,,,,,,,,,4.0,2.0
-4004274244229684776-2607241612-2,7344,2607241616,2607241619,3,,S,S3,Stuttgart Hbf,8005769,Stuttgart-Bad Cannstatt,Baden-Württemberg,Stuttgart,70372,9.217468636,48.80127978,3,2607241627,,2607241628,,,,,,,,,,,11.0,9.0
-7734078232361227040-2607241655-2,7148,2607241658,2607241659,3,,S,S1,Stuttgart Hbf,8005769,Stuttgart-Bad Cannstatt,Baden-Württemberg,Stuttgart,70372,9.217468636,48.80127978,3,2607241700,,2607241701,,h,1,Störung,,,,,,,2.0,2.0
-273547766285307951-2607241511-17,19476,2607241635,2607241635,6,,ARV,MEX13,Ellwangen|Schrezheim|Schwabsberg|Goldshöfe|Hofen(b Aalen)|Wasseralfingen|Aalen Hbf|Mögglingen(Gmünd)|Böbingen(Rems)|Schwäbisch Gmünd|Lorch(Württ)|Waldhausen(b Schorndorf)|Plüderhausen|Urbach(b Schorndorf)|Schorndorf|Waiblingen,8005769,Stuttgart-Bad Cannstatt,Baden-Württemberg,Stuttgart,70372,9.217468636,48.80127978,3,2607241635,,2607241635,,,,,,,,,,,0.0,0.0
-8726739109013782304-2607241557-10,19231,2607241654,2607241655,8,,RE,MEX12,Heilbronn Hbf|Nordheim(Württ)|Lauffen(Neckar)|Kirchheim(Neckar)|Walheim(Württ)|Besigheim|Bietigheim-Bissingen|Ludwigsburg|Stuttgart Hbf,8005769,Stuttgart-Bad Cannstatt,Baden-Württemberg,Stuttgart,70372,9.217468636,48.80127978,3,2607241709,4,2607241711,4,h,2,Störung,,,,,,,15.0,16.0
1890742567431507346-2607241625-2,7146,2607241628,2607241629,3,,S,S1,Stuttgart Hbf,8005769,Stuttgart-Bad Cannstatt,Baden-Württemberg,Stuttgart,70372,9.217468636,48.80127978,3,2607241630,,2607241631,,h,1,Störung,,,,,,,2.0,2.0
60204090947316905-2607241620-2,7244,2607241624,2607241624,3,,S,S2,Stuttgart Hbf,8005769,Stuttgart-Bad Cannstatt,Baden-Württemberg,Stuttgart,70372,9.217468636,48.80127978,3,2607241624,,2607241624,,,,,,,,,,,0.0,0.0
-5445906738201891339-2607241603-14,7247,2607241635,2607241636,2,,S,S2,Schorndorf|Weiler(Rems)|Winterbach(b Schorndorf)|Geradstetten|Grunbach|Beutelsbach|Endersbach|Stetten-Beinstein|Rommelshausen|Waiblingen|Fellbach|Stuttgart-Sommerrain|Stuttgart Nürnberger Str.,8005769,Stuttgart-Bad Cannstatt,Baden-Württemberg,Stuttgart,70372,9.217468636,48.80127978,3,2607241639,,2607241640,,,,,,,,,,,4.0,4.0
-3574262159782319876-2607241533-14,7245,2607241605,2607241606,2,,S,S2,Schorndorf|Weiler(Rems)|Winterbach(b Schorndorf)|Geradstetten|Grunbach|Beutelsbach|Endersbach|Stetten-Beinstein|Rommelshausen|Waiblingen|Fellbach|Stuttgart-Sommerrain|Stuttgart Nürnberger Str.,8005769,Stuttgart-Bad Cannstatt,Baden-Württemberg,Stuttgart,70372,9.217468636,48.80127978,3,2607241605,,2607241608,,,,,,,,,,,0.0,2.0
3420342321820958894-2607241438-19,88618,2607241658,2607241659,6,,ARV,RE90,Nürnberg Hbf|Roßtal|Heilsbronn|Wicklesgreuth|Ansbach|Leutershausen-Wiedersbach|Dombühl|Schnelldorf|Crailsheim|Eckartshausen-Ilshofen|Schwäbisch Hall-Hessental|Gaildorf West|Murrhardt|Sulzbach(Murr)|Oppenweiler(Württ)|Backnang|Winnenden|Waiblingen,8005769,Stuttgart-Bad Cannstatt,Baden-Württemberg,Stuttgart,70372,9.217468636,48.80127978,3,2607241726,,2607241727,,,,,,,,,,,28.0,28.0
-7952168138612223160-2607241507-11,19426,2607241605,2607241605,6,,ARV,MEX13,Aalen Hbf|Mögglingen(Gmünd)|Böbingen(Rems)|Schwäbisch Gmünd|Lorch(Württ)|Waldhausen(b Schorndorf)|Plüderhausen|Urbach(b Schorndorf)|Schorndorf|Waiblingen,8005769,Stuttgart-Bad Cannstatt,Baden-Württemberg,Stuttgart,70372,9.217468636,48.80127978,3,2607241615,,2607241616,,,,,,,,,,,10.0,11.0
-2983041268716826074-2607241611-11,7347,2607241641,2607241643,2,,S,S3,Backnang|Maubach|Nellmersbach|Winnenden|Schwaikheim|Neustadt-Hohenacker|Waiblingen|Fellbach|Stuttgart-Sommerrain|Stuttgart Nürnberger Str.,8005769,Stuttgart-Bad Cannstatt,Baden-Württemberg,Stuttgart,70372,9.217468636,48.80127978,3,2607241642,,2607241643,,,,,,,,,,,1.0,0.0
5506469601342734593-2607241642-2,19157,2607241645,2607241646,8,,ARV,MEX16,Stuttgart Hbf,8005769,Stuttgart-Bad Cannstatt,Baden-Württemberg,Stuttgart,70372,9.217468636,48.80127978,3,2607241647,,2607241648,,,,,,,,,,,2.0,2.0
7369273237182260533-2607241650-2,7246,2607241654,2607241654,3,,S,S2,Stuttgart Hbf,8005769,Stuttgart-Bad Cannstatt,Baden-Württemberg,Stuttgart,70372,9.217468636,48.80127978,3,2607241655,,2607241656,,,,,,,,,,,1.0,2.0
-4518036593443333600-2607241436-21,19152,2607241611,2607241612,5,,ARV,MEX16,Ulm Hbf|Beimerstetten|Westerstetten|Lonsee|Urspring|Amstetten(Württ)|Geislingen(Steige)|Geislingen(Steige)West|Kuchen|Gingen(Fils)|Süßen|Salach|Eislingen(Fils)|Göppingen|Faurndau|Uhingen|Ebersbach(Fils)|Reichenbach(Fils)|Plochingen|Esslingen(Neckar),8005769,Stuttgart-Bad Cannstatt,Baden-Württemberg,Stuttgart,70372,9.217468636,48.80127978,3,2607241611,,2607241612,,,,,,,,,,,0.0,0.0
-5168618100041663203-2607241620-2,19475,2607241624,2607241625,7,,ARV,MEX13,Stuttgart Hbf,8005769,Stuttgart-Bad Cannstatt,Baden-Württemberg,Stuttgart,70372,9.217468636,48.80127978,3,2607241635,,2607241636,,,,,,,,,,,11.0,11.0
6798270359717880545-2607241548-15,19154,2607241648,2607241649,5,,ARV,MEX16,Geislingen(Steige)|Geislingen(Steige)West|Kuchen|Gingen(Fils)|Süßen|Salach|Eislingen(Fils)|Göppingen|Faurndau|Uhingen|Ebersbach(Fils)|Reichenbach(Fils)|Plochingen|Esslingen(Neckar),8005769,Stuttgart-Bad Cannstatt,Baden-Württemberg,Stuttgart,70372,9.217468636,48.80127978,3,2607241649,,2607241650,,,,,,,,,,,1.0,1.0
4359145174899901492-2607241647-2,19425,2607241650,2607241652,7,,ARV,MEX13,Stuttgart Hbf,8005769,Stuttgart-Bad Cannstatt,Baden-Württemberg,Stuttgart,70372,9.217468636,48.80127978,3,2607241654,,2607241655,,,,,,,,,,,4.0,3.0
5995165262498243987-2607241604-2,19155,2607241607,2607241608,8,,ARV,MEX16,Stuttgart Hbf,8005769,Stuttgart-Bad Cannstatt,Baden-Württemberg,Stuttgart,70372,9.217468636,48.80127978,3,2607241610,,2607241611,,,,,,,,,,,3.0,3.0
8256892323728512755-2607241626-2,17541,2607241629,2607241630,7,,RB,MEX90,Stuttgart Hbf,8005769,Stuttgart-Bad Cannstatt,Baden-Württemberg,Stuttgart,70372,9.217468636,48.80127978,3,2607241630,,2607241632,,,,,,,,,,,1.0,2.0
6830165283023982751-2607241520-14,7145,2607241600,2607241601,2,,S,S1,Kirchheim(Teck)|Kirchheim(Teck)-Ötlingen|Wendlingen(Neckar)|Wernau(Neckar)|Plochingen|Altbach|Esslingen-Zell|Oberesslingen|Esslingen(Neckar)|Esslingen-Mettingen|Stuttgart-Obertürkheim|Stuttgart-Untertürkheim|Stuttgart Neckarpark,8005769,Stuttgart-Bad Cannstatt,Baden-Württemberg,Stuttgart,70372,9.217468636,48.80127978,3,2607241612,,2607241613,,h,1,Störung,,,,,,,12.0,12.0
-4827015275996172889-2607241637-7,7549,2607241656,2607241656,1,,S,S5,Bietigheim-Bissingen|Tamm(Württ)|Asperg|Ludwigsburg|Kornwestheim Pbf|Stuttgart-Zuffenhausen,8005770,Stuttgart-Feuerbach,Baden-Württemberg,Feuerbach,70469,9.169186287,48.81363554,3,2607241657,,2607241657,,,,,,,,,,,1.0,1.0
-7748732492772087501-2607241607-3,7442,2607241613,2607241614,2,,S,S4,Stuttgart Hbf|Stuttgart Nordbahnhof,8005770,Stuttgart-Feuerbach,Baden-Württemberg,Feuerbach,70469,9.169186287,48.81363554,3,2607241614,,2607241614,,h,1,Bauarbeiten,,,,,,,1.0,0.0
-4628505577045451249-2607241557-3,7544,2607241603,2607241604,2,,S,S5,Stuttgart Hbf|Stuttgart Nordbahnhof,8005770,Stuttgart-Feuerbach,Baden-Württemberg,Feuerbach,70469,9.169186287,48.81363554,3,2607241605,,2607241606,,,,,,,,,,,2.0,2.0
-3211478262182188991-2607241533-12,7645,2607241606,2607241606,1,,S,S6,Weil der Stadt|Malmsheim|Renningen|Rutesheim|Leonberg|Höfingen|Ditzingen|Weilimdorf|Korntal|Neuwirtshaus(Porscheplatz)|Stuttgart-Zuffenhausen,8005770,Stuttgart-Feuerbach,Baden-Württemberg,Feuerbach,70469,9.169186287,48.81363554,3,2607241619,,2607241619,,,,,,,,,c,c,13.0,13.0
4626892396658662892-2607241627-3,7546,2607241633,2607241634,2,,S,S5,Stuttgart Hbf|Stuttgart Nordbahnhof,8005770,Stuttgart-Feuerbach,Baden-Württemberg,Feuerbach,70469,9.169186287,48.81363554,3,,,,,,,,,,,,c,c,0.0,0.0
924644417488732877-2607241617-3,7644,2607241624,2607241624,2,,S,S6,Stuttgart Hbf|Stuttgart Nordbahnhof,8005770,Stuttgart-Feuerbach,Baden-Württemberg,Feuerbach,70469,9.169186287,48.81363554,3,2607241624,,2607241624,,,,,,,,,,,0.0,0.0
3550462619255367417-2607241607-7,7547,2607241626,2607241626,1,,S,S5,Bietigheim-Bissingen|Tamm(Württ)|Asperg|Ludwigsburg|Kornwestheim Pbf|Stuttgart-Zuffenhausen,8005770,Stuttgart-Feuerbach,Baden-Württemberg,Feuerbach,70469,9.169186287,48.81363554,3,2607241626,,2607241627,,,,,,,,,,,0.0,1.0
-6219625233208101975-2607241545-10,7445,2607241616,2607241617,1,,S,S4,Kirchberg(Murr)|Erdmannhausen|Marbach(Neckar)|Benningen(Neckar)|Freiberg(Neckar)|Favoritepark|Ludwigsburg|Kornwestheim Pbf|Stuttgart-Zuffenhausen,8005770,Stuttgart-Feuerbach,Baden-Württemberg,Feuerbach,70469,9.169186287,48.81363554,3,2607241618,,2607241618,,h,1,Bauarbeiten,,,,,,,2.0,1.0
6027149644914886165-2607241637-3,7444,2607241643,2607241644,2,,S,S4,Stuttgart Hbf|Stuttgart Nordbahnhof,8005770,Stuttgart-Feuerbach,Baden-Württemberg,Feuerbach,70469,9.169186287,48.81363554,3,2607241643,,2607241644,,h,1,Bauarbeiten,,,,,,,0.0,0.0
7725913400382290286-2607241603-12,7647,2607241636,2607241636,1,,S,S6,Weil der Stadt|Malmsheim|Renningen|Rutesheim|Leonberg|Höfingen|Ditzingen|Weilimdorf|Korntal|Neuwirtshaus(Porscheplatz)|Stuttgart-Zuffenhausen,8005770,Stuttgart-Feuerbach,Baden-Württemberg,Feuerbach,70469,9.169186287,48.81363554,3,2607241637,,2607241637,,,,,,,,,,,1.0,1.0
-193680393512143758-2607241638-1,7050,,2607241638,,,S,S60,,8005770,Stuttgart-Feuerbach,Baden-Württemberg,Feuerbach,70469,9.169186287,48.81363554,3,,,2607241638,,,,,,,,,,,0.0,0.0
-3086228637643871650-2607241647-3,7646,2607241654,2607241654,2,,S,S6,Stuttgart Hbf|Stuttgart Nordbahnhof,8005770,Stuttgart-Feuerbach,Baden-Württemberg,Feuerbach,70469,9.169186287,48.81363554,3,2607241654,,2607241655,,,,,,,,,,,0.0,1.0
-4320397447687881024-2607241604-16,7045,2607241651,,1a,,S,,Böblingen|Sindelfingen|Maichingen|Maichingen Nord|Magstadt|Renningen Süd|Renningen|Rutesheim|Leonberg|Höfingen|Ditzingen|Weilimdorf|Korntal|Neuwirtshaus(Porscheplatz)|Stuttgart-Zuffenhausen,8005770,Stuttgart-Feuerbach,Baden-Württemberg,Feuerbach,70469,9.169186287,48.81363554,3,2607241651,,,,,,,,,,,,,0.0,0.0
-7316032691190328672-2607241615-10,7447,2607241646,2607241647,1,,S,S4,Kirchberg(Murr)|Erdmannhausen|Marbach(Neckar)|Benningen(Neckar)|Freiberg(Neckar)|Favoritepark|Ludwigsburg|Kornwestheim Pbf|Stuttgart-Zuffenhausen,8005770,Stuttgart-Feuerbach,Baden-Württemberg,Feuerbach,70469,9.169186287,48.81363554,3,2607241647,,2607241647,,h,1,Bauarbeiten,,,,,,,1.0,0.0
-3938449558083296947-2607241608-1,7048,,2607241608,,,S,S60,,8005770,Stuttgart-Feuerbach,Baden-Württemberg,Feuerbach,70469,9.169186287,48.81363554,3,,,2607241609,,,,,,,,,,,0.0,1.0
-6317899099651385370-2607241534-16,7043,2607241621,,1a,,S,,Böblingen|Sindelfingen|Maichingen|Maichingen Nord|Magstadt|Renningen Süd|Renningen|Rutesheim|Leonberg|Höfingen|Ditzingen|Weilimdorf|Korntal|Neuwirtshaus(Porscheplatz)|Stuttgart-Zuffenhausen,8005770,Stuttgart-Feuerbach,Baden-Württemberg,Feuerbach,70469,9.169186287,48.81363554,3,2607241621,,,,,,,,,,,,,0.0,0.0
9072809401414477062-2607241550-11,7147,2607241622,2607241622,5,,S,S1,Kirchheim(Teck)|Kirchheim(Teck)-Ötlingen|Wendlingen(Neckar)|Wernau(Neckar)|Plochingen|Altbach|Esslingen-Zell|Oberesslingen|Esslingen(Neckar)|Esslingen-Mettingen,8005772,Stuttgart-Obertürkheim,Baden-Württemberg,Stuttgart,70329,9.268167932,48.76175015,4,2607241625,,2607241627,,h,1,Störung,,,,,,,3.0,5.0
-7851813684664054699-2607241620-11,7149,2607241652,2607241652,5,,S,S1,Kirchheim(Teck)|Kirchheim(Teck)-Ötlingen|Wendlingen(Neckar)|Wernau(Neckar)|Plochingen|Altbach|Esslingen-Zell|Oberesslingen|Esslingen(Neckar)|Esslingen-Mettingen,8005772,Stuttgart-Obertürkheim,Baden-Württemberg,Stuttgart,70329,9.268167932,48.76175015,4,2607241701,,2607241702,,h,1,Störung,,,,,,,9.0,10.0
1890742567431507346-2607241625-5,7146,2607241637,2607241637,6,,S,S1,Stuttgart Hbf|Stuttgart-Bad Cannstatt|Stuttgart Neckarpark|Stuttgart-Untertürkheim,8005772,Stuttgart-Obertürkheim,Baden-Württemberg,Stuttgart,70329,9.268167932,48.76175015,4,2607241639,,2607241639,,h,1,Störung,,,,,,,2.0,2.0
6037772526634891708-2607241555-5,7144,2607241607,2607241607,6,,S,S1,Stuttgart Hbf|Stuttgart-Bad Cannstatt|Stuttgart Neckarpark|Stuttgart-Untertürkheim,8005772,Stuttgart-Obertürkheim,Baden-Württemberg,Stuttgart,70329,9.268167932,48.76175015,4,2607241613,,2607241614,,h,1,Störung,,,,,,,6.0,7.0
4046308478119658372-2607241546-8,7746,2607241607,2607241608,3,,S,S1,Herrenberg|Nufringen|Gärtringen|Ehningen(b Böblingen)|Hulb|Böblingen|Goldberg(Württ),8005773,Stuttgart-Rohr,Baden-Württemberg,Stuttgart,70565,9.108158025,48.71799427,4,2607241610,,2607241611,,,,,,,,,,,3.0,3.0
-700744146323234249-2607241616-8,7748,2607241637,2607241638,3,,S,S1,Herrenberg|Nufringen|Gärtringen|Ehningen(b Böblingen)|Hulb|Böblingen|Goldberg(Württ),8005773,Stuttgart-Rohr,Baden-Württemberg,Stuttgart,70565,9.108158025,48.71799427,4,2607241639,,2607241641,,,,,,,,,,,2.0,3.0
-7890265662573644504-2607241605-2,7945,2607241606,2607241612,2,,S,S2,Stuttgart-Vaihingen,8005773,Stuttgart-Rohr,Baden-Württemberg,Stuttgart,70565,9.108158025,48.71799427,4,2607241607,,2607241612,,,,,,,,,,,1.0,0.0
6295831457013207177-2607241646-2,7747,2607241647,2607241653,2,,S,S1,Stuttgart-Vaihingen,8005773,Stuttgart-Rohr,Baden-Württemberg,Stuttgart,70565,9.108158025,48.71799427,4,2607241648,,2607241653,,,,,,,,,,,1.0,0.0
-3536192323965020429-2607241616-2,7745,2607241617,2607241623,2,,S,S1,Stuttgart-Vaihingen,8005773,Stuttgart-Rohr,Baden-Württemberg,Stuttgart,70565,9.108158025,48.71799427,4,2607241618,,2607241623,,,,,,,,,,,1.0,0.0
378305189179015240-2607241635-2,7947,2607241636,2607241642,2,,S,S2,Stuttgart-Vaihingen,8005773,Stuttgart-Rohr,Baden-Württemberg,Stuttgart,70565,9.108158025,48.71799427,4,2607241637,,2607241642,,,,,,,,,,,1.0,0.0
7145149212361785028-2607241603-6,7944,2607241618,2607241619,3,,S,S2,Filderstadt|Stuttgart Flughafen/Messe|Echterdingen|Leinfelden|Oberaichen,8005773,Stuttgart-Rohr,Baden-Württemberg,Stuttgart,70565,9.108158025,48.71799427,4,2607241618,,2607241621,,,,,,,,,,,0.0,2.0
1877783574861069288-2607241633-6,7946,2607241648,2607241649,3,,S,S2,Filderstadt|Stuttgart Flughafen/Messe|Echterdingen|Leinfelden|Oberaichen,8005773,Stuttgart-Rohr,Baden-Württemberg,Stuttgart,70565,9.108158025,48.71799427,4,2607241648,,2607241649,,,,,,,,,,,0.0,0.0
-3924626970669458370-2607241541-9,7345,2607241605,2607241605,1,,S,S3,Backnang|Maubach|Nellmersbach|Winnenden|Schwaikheim|Neustadt-Hohenacker|Waiblingen|Fellbach,8005774,Stuttgart-Sommerrain,Baden-Württemberg,Stuttgart,70374,9.248369749,48.81521824,5,2607241605,,2607241605,,,,,,,,,,,0.0,0.0
-6739253170809320051-2607241642-4,7346,2607241654,2607241654,4,,S,S3,Stuttgart Hbf|Stuttgart-Bad Cannstatt|Stuttgart Nürnberger Str.,8005774,Stuttgart-Sommerrain,Baden-Württemberg,Stuttgart,70374,9.248369749,48.81521824,5,2607241655,,2607241656,,,,,,,,,,,1.0,2.0
-4004274244229684776-2607241612-4,7344,2607241624,2607241624,4,,S,S3,Stuttgart Hbf|Stuttgart-Bad Cannstatt|Stuttgart Nürnberger Str.,8005774,Stuttgart-Sommerrain,Baden-Württemberg,Stuttgart,70374,9.248369749,48.81521824,5,2607241632,,2607241634,,,,,,,,,,,8.0,10.0
60204090947316905-2607241620-4,7244,2607241629,2607241629,4,,S,S2,Stuttgart Hbf|Stuttgart-Bad Cannstatt|Stuttgart Nürnberger Str.,8005774,Stuttgart-Sommerrain,Baden-Württemberg,Stuttgart,70374,9.248369749,48.81521824,5,2607241629,,2607241630,,,,,,,,,,,0.0,1.0
-5445906738201891339-2607241603-12,7247,2607241630,2607241630,1,,S,S2,Schorndorf|Weiler(Rems)|Winterbach(b Schorndorf)|Geradstetten|Grunbach|Beutelsbach|Endersbach|Stetten-Beinstein|Rommelshausen|Waiblingen|Fellbach,8005774,Stuttgart-Sommerrain,Baden-Württemberg,Stuttgart,70374,9.248369749,48.81521824,5,2607241630,,2607241630,,,,,,,,,,,0.0,0.0
-3574262159782319876-2607241533-12,7245,2607241600,2607241600,1,,S,S2,Schorndorf|Weiler(Rems)|Winterbach(b Schorndorf)|Geradstetten|Grunbach|Beutelsbach|Endersbach|Stetten-Beinstein|Rommelshausen|Waiblingen|Fellbach,8005774,Stuttgart-Sommerrain,Baden-Württemberg,Stuttgart,70374,9.248369749,48.81521824,5,2607241600,,2607241600,,,,,,,,,,,0.0,0.0
-2983041268716826074-2607241611-9,7347,2607241635,2607241635,1,,S,S3,Backnang|Maubach|Nellmersbach|Winnenden|Schwaikheim|Neustadt-Hohenacker|Waiblingen|Fellbach,8005774,Stuttgart-Sommerrain,Baden-Württemberg,Stuttgart,70374,9.248369749,48.81521824,5,2607241636,,2607241637,,,,,,,,,,,1.0,2.0
7369273237182260533-2607241650-4,7246,2607241659,2607241659,4,,S,S2,Stuttgart Hbf|Stuttgart-Bad Cannstatt|Stuttgart Nürnberger Str.,8005774,Stuttgart-Sommerrain,Baden-Württemberg,Stuttgart,70374,9.248369749,48.81521824,5,2607241700,,2607241701,,,,,,,,,,,1.0,2.0
9072809401414477062-2607241550-12,7147,2607241625,2607241625,5,,S,S1,Kirchheim(Teck)|Kirchheim(Teck)-Ötlingen|Wendlingen(Neckar)|Wernau(Neckar)|Plochingen|Altbach|Esslingen-Zell|Oberesslingen|Esslingen(Neckar)|Esslingen-Mettingen|Stuttgart-Obertürkheim,8005775,Stuttgart-Untertürkheim Pbf,Baden-Württemberg,Stuttgart,70327,9.250467074,48.77984679,3,2607241629,,2607241630,,h,1,Störung,,,,,,,4.0,5.0
-7851813684664054699-2607241620-12,7149,2607241655,2607241655,5,,S,S1,Kirchheim(Teck)|Kirchheim(Teck)-Ötlingen|Wendlingen(Neckar)|Wernau(Neckar)|Plochingen|Altbach|Esslingen-Zell|Oberesslingen|Esslingen(Neckar)|Esslingen-Mettingen|Stuttgart-Obertürkheim,8005775,Stuttgart-Untertürkheim Pbf,Baden-Württemberg,Stuttgart,70327,9.250467074,48.77984679,3,2607241704,,2607241704,,h,1,Störung,,,,,,,9.0,9.0
1890742567431507346-2607241625-4,7146,2607241634,2607241634,6,,S,S1,Stuttgart Hbf|Stuttgart-Bad Cannstatt|Stuttgart Neckarpark,8005775,Stuttgart-Untertürkheim Pbf,Baden-Württemberg,Stuttgart,70327,9.250467074,48.77984679,3,2607241636,,2607241636,,h,1,Störung,,,,,,,2.0,2.0
6037772526634891708-2607241555-4,7144,2607241604,2607241604,6,,S,S1,Stuttgart Hbf|Stuttgart-Bad Cannstatt|Stuttgart Neckarpark,8005775,Stuttgart-Untertürkheim Pbf,Baden-Württemberg,Stuttgart,70327,9.250467074,48.77984679,3,2607241610,,2607241611,,h,1,Störung,,,,,,,6.0,7.0
4046308478119658372-2607241546-9,7746,2607241610,,3,,S,,Herrenberg|Nufringen|Gärtringen|Ehningen(b Böblingen)|Hulb|Böblingen|Goldberg(Württ)|Stuttgart-Rohr,8005776,Stuttgart-Vaihingen,Baden-Württemberg,Stuttgart,70563,9.113913368,48.72698116,3,2607241612,,,,,,,,,,,,,2.0,0.0
-700744146323234249-2607241616-9,7748,2607241640,,3,,S,,Herrenberg|Nufringen|Gärtringen|Ehningen(b Böblingen)|Hulb|Böblingen|Goldberg(Württ)|Stuttgart-Rohr,8005776,Stuttgart-Vaihingen,Baden-Württemberg,Stuttgart,70563,9.113913368,48.72698116,3,2607241642,,,,,,,,,,,,,2.0,0.0
-7890265662573644504-2607241605-1,7945,,2607241605,,,S,S2,,8005776,Stuttgart-Vaihingen,Baden-Württemberg,Stuttgart,70563,9.113913368,48.72698116,3,,,2607241605,,,,,,,,,,,0.0,0.0
-3857587200421256648-2607241633-2,28488,2607241641,2607241641,4,,RE,RESB,Böblingen,8005776,Stuttgart-Vaihingen,Baden-Württemberg,Stuttgart,70563,9.113913368,48.72698116,3,2607241645,6,2607241646,6,,,,,,,,,,4.0,5.0
6295831457013207177-2607241646-1,7747,,2607241646,,,S,S1,,8005776,Stuttgart-Vaihingen,Baden-Württemberg,Stuttgart,70563,9.113913368,48.72698116,3,,,2607241646,,,,,,,,,,,0.0,0.0
-3536192323965020429-2607241616-1,7745,,2607241616,,,S,S1,,8005776,Stuttgart-Vaihingen,Baden-Württemberg,Stuttgart,70563,9.113913368,48.72698116,3,,,2607241617,,,,,,,,,,,0.0,1.0
378305189179015240-2607241635-1,7947,,2607241635,,,S,S2,,8005776,Stuttgart-Vaihingen,Baden-Württemberg,Stuttgart,70563,9.113913368,48.72698116,3,,,2607241635,,,,,,,,,,,0.0,0.0
-8351377194669505707-2607241612-2,17653,2607241629,2607241629,1,,RE,RE14b,Stuttgart Hbf,8005776,Stuttgart-Vaihingen,Baden-Württemberg,Stuttgart,70563,9.113913368,48.72698116,3,2607241627,,2607241629,,,,,,,,,,,-2.0,0.0
2623969724242618233-2607241612-2,17655,2607241629,2607241629,1,,RE,RE14a,Stuttgart Hbf,8005776,Stuttgart-Vaihingen,Baden-Württemberg,Stuttgart,70563,9.113913368,48.72698116,3,2607241627,,2607241629,,,,,,,,,,,-2.0,0.0
5852218906535637124-2607241623-2,50281,2607241638,2607241641,6,,RE,IC87,Stuttgart Hbf,8005776,Stuttgart-Vaihingen,Baden-Württemberg,Stuttgart,70563,9.113913368,48.72698116,3,2607241638,4,2607241644,4,h,2,Information,,,,,,,0.0,3.0
1385355651314404449-2607241603-2,28489,2607241618,2607241618,4,,RE,RESB,Stuttgart Hbf,8005776,Stuttgart-Vaihingen,Baden-Württemberg,Stuttgart,70563,9.113913368,48.72698116,3,2607241618,,2607241619,,,,,,,,,,,0.0,1.0
7145149212361785028-2607241603-7,7944,2607241620,,2,,S,,Filderstadt|Stuttgart Flughafen/Messe|Echterdingen|Leinfelden|Oberaichen|Stuttgart-Rohr,8005776,Stuttgart-Vaihingen,Baden-Württemberg,Stuttgart,70563,9.113913368,48.72698116,3,2607241623,,,,,,,,,,,,,3.0,0.0
3553759530310615-2607241623-2,2561,2607241638,2607241641,6,,IC,,Stuttgart Hbf,8005776,Stuttgart-Vaihingen,Baden-Württemberg,Stuttgart,70563,9.113913368,48.72698116,3,2607241638,4,2607241644,4,h,2,Information,,,,,,,0.0,3.0
1877783574861069288-2607241633-7,7946,2607241650,,2,,S,,Filderstadt|Stuttgart Flughafen/Messe|Echterdingen|Leinfelden|Oberaichen|Stuttgart-Rohr,8005776,Stuttgart-Vaihingen,Baden-Württemberg,Stuttgart,70563,9.113913368,48.72698116,3,2607241651,,,,,,,,,,,,,1.0,0.0
-922318236278418485-2607241633-8,7649,2607241656,2607241656,2,,S,S6,Weil der Stadt|Malmsheim|Renningen|Rutesheim|Leonberg|Höfingen|Ditzingen,8006268,Stuttgart-Weilimdorf,Baden-Württemberg,Stuttgart,70499,9.094370086,48.82208429,5,2607241656,,2607241657,,,,,,,,,,,0.0,1.0
924644417488732877-2607241617-7,7644,2607241633,2607241634,1,,S,S6,Stuttgart Hbf|Stuttgart Nordbahnhof|Stuttgart-Feuerbach|Stuttgart-Zuffenhausen|Neuwirtshaus(Porscheplatz)|Korntal,8006268,Stuttgart-Weilimdorf,Baden-Württemberg,Stuttgart,70499,9.094370086,48.82208429,5,2607241633,,2607241634,,,,,,,,,,,0.0,0.0
7725913400382290286-2607241603-8,7647,2607241626,2607241626,2,,S,S6,Weil der Stadt|Malmsheim|Renningen|Rutesheim|Leonberg|Höfingen|Ditzingen,8006268,Stuttgart-Weilimdorf,Baden-Württemberg,Stuttgart,70499,9.094370086,48.82208429,5,2607241627,,2607241628,,,,,,,,,,,1.0,2.0
-193680393512143758-2607241638-5,7050,2607241648,2607241648,1,,S,S60,Stuttgart-Feuerbach|Stuttgart-Zuffenhausen|Neuwirtshaus(Porscheplatz)|Korntal,8006268,Stuttgart-Weilimdorf,Baden-Württemberg,Stuttgart,70499,9.094370086,48.82208429,5,2607241648,,2607241648,,,,,,,,,,,0.0,0.0
-434662733066569795-2607241547-7,7642,2607241603,2607241604,1,,S,S6,Stuttgart Hbf|Stuttgart Nordbahnhof|Stuttgart-Feuerbach|Stuttgart-Zuffenhausen|Neuwirtshaus(Porscheplatz)|Korntal,8006268,Stuttgart-Weilimdorf,Baden-Württemberg,Stuttgart,70499,9.094370086,48.82208429,5,2607241604,,2607241605,,,,,,,,,,,1.0,1.0
-4320397447687881024-2607241604-12,7045,2607241641,2607241641,2,,S,S60,Böblingen|Sindelfingen|Maichingen|Maichingen Nord|Magstadt|Renningen Süd|Renningen|Rutesheim|Leonberg|Höfingen|Ditzingen,8006268,Stuttgart-Weilimdorf,Baden-Württemberg,Stuttgart,70499,9.094370086,48.82208429,5,2607241641,,2607241642,,,,,,,,,,,0.0,1.0
-3938449558083296947-2607241608-5,7048,2607241618,2607241618,1,,S,S60,Stuttgart-Feuerbach|Stuttgart-Zuffenhausen|Neuwirtshaus(Porscheplatz)|Korntal,8006268,Stuttgart-Weilimdorf,Baden-Württemberg,Stuttgart,70499,9.094370086,48.82208429,5,2607241618,,2607241619,,,,,,,,,,,0.0,1.0
-6317899099651385370-2607241534-12,7043,2607241611,2607241611,2,,S,S60,Böblingen|Sindelfingen|Maichingen|Maichingen Nord|Magstadt|Renningen Süd|Renningen|Rutesheim|Leonberg|Höfingen|Ditzingen,8006268,Stuttgart-Weilimdorf,Baden-Württemberg,Stuttgart,70499,9.094370086,48.82208429,5,2607241611,,2607241612,,,,,,,,,,,0.0,1.0
-4827015275996172889-2607241637-6,7549,2607241653,2607241654,2,,S,S5,Bietigheim-Bissingen|Tamm(Württ)|Asperg|Ludwigsburg|Kornwestheim Pbf,8005778,Stuttgart-Zuffenhausen,Baden-Württemberg,Stuttgart,70435,9.167156375,48.82960884,3,2607241655,,2607241655,,,,,,,,,,,2.0,1.0
-7748732492772087501-2607241607-4,7442,2607241616,2607241617,4,,S,S4,Stuttgart Hbf|Stuttgart Nordbahnhof|Stuttgart-Feuerbach,8005778,Stuttgart-Zuffenhausen,Baden-Württemberg,Stuttgart,70435,9.167156375,48.82960884,3,2607241616,,2607241617,,h,1,Bauarbeiten,,,,,,,0.0,0.0
-4628505577045451249-2607241557-4,7544,2607241606,2607241607,4,,S,S5,Stuttgart Hbf|Stuttgart Nordbahnhof|Stuttgart-Feuerbach,8005778,Stuttgart-Zuffenhausen,Baden-Württemberg,Stuttgart,70435,9.167156375,48.82960884,3,2607241608,,2607241609,,,,,,,,,,,2.0,2.0
-3211478262182188991-2607241533-11,7645,2607241603,2607241604,12,,S,S6,Weil der Stadt|Malmsheim|Renningen|Rutesheim|Leonberg|Höfingen|Ditzingen|Weilimdorf|Korntal|Neuwirtshaus(Porscheplatz),8005778,Stuttgart-Zuffenhausen,Baden-Württemberg,Stuttgart,70435,9.167156375,48.82960884,3,2607241624,,2607241617,,,,,,,,,,c,21.0,13.0
4626892396658662892-2607241627-4,7546,2607241636,2607241637,4,,S,S5,Stuttgart Hbf|Stuttgart Nordbahnhof|Stuttgart-Feuerbach,8005778,Stuttgart-Zuffenhausen,Baden-Württemberg,Stuttgart,70435,9.167156375,48.82960884,3,,,2607241638,12,,,,,,,,c,,0.0,1.0
924644417488732877-2607241617-4,7644,2607241626,2607241627,11,,S,S6,Stuttgart Hbf|Stuttgart Nordbahnhof|Stuttgart-Feuerbach,8005778,Stuttgart-Zuffenhausen,Baden-Württemberg,Stuttgart,70435,9.167156375,48.82960884,3,2607241626,,2607241627,,,,,,,,,,,0.0,0.0
3550462619255367417-2607241607-6,7547,2607241623,2607241624,2,,S,S5,Bietigheim-Bissingen|Tamm(Württ)|Asperg|Ludwigsburg|Kornwestheim Pbf,8005778,Stuttgart-Zuffenhausen,Baden-Württemberg,Stuttgart,70435,9.167156375,48.82960884,3,2607241624,,2607241624,,,,,,,,,,,1.0,0.0
-6219625233208101975-2607241545-9,7445,2607241613,2607241614,2,,S,S4,Kirchberg(Murr)|Erdmannhausen|Marbach(Neckar)|Benningen(Neckar)|Freiberg(Neckar)|Favoritepark|Ludwigsburg|Kornwestheim Pbf,8005778,Stuttgart-Zuffenhausen,Baden-Württemberg,Stuttgart,70435,9.167156375,48.82960884,3,2607241615,,2607241616,,h,1,Bauarbeiten,,,,,,,2.0,2.0
6027149644914886165-2607241637-4,7444,2607241646,2607241647,4,,S,S4,Stuttgart Hbf|Stuttgart Nordbahnhof|Stuttgart-Feuerbach,8005778,Stuttgart-Zuffenhausen,Baden-Württemberg,Stuttgart,70435,9.167156375,48.82960884,3,2607241646,,2607241647,,h,1,Bauarbeiten,,,,,,,0.0,0.0
7725913400382290286-2607241603-11,7647,2607241633,2607241634,12,,S,S6,Weil der Stadt|Malmsheim|Renningen|Rutesheim|Leonberg|Höfingen|Ditzingen|Weilimdorf|Korntal|Neuwirtshaus(Porscheplatz),8005778,Stuttgart-Zuffenhausen,Baden-Württemberg,Stuttgart,70435,9.167156375,48.82960884,3,2607241634,,2607241635,,,,,,,,,,,1.0,1.0
-193680393512143758-2607241638-2,7050,2607241641,2607241641,12,,S,S60,Stuttgart-Feuerbach,8005778,Stuttgart-Zuffenhausen,Baden-Württemberg,Stuttgart,70435,9.167156375,48.82960884,3,2607241641,,2607241642,,,,,,,,,,,0.0,1.0
-3086228637643871650-2607241647-4,7646,2607241656,2607241657,11,,S,S6,Stuttgart Hbf|Stuttgart Nordbahnhof|Stuttgart-Feuerbach,8005778,Stuttgart-Zuffenhausen,Baden-Württemberg,Stuttgart,70435,9.167156375,48.82960884,3,2607241656,,2607241657,,,,,,,,,,,0.0,0.0
-4320397447687881024-2607241604-15,7045,2607241648,2607241649,12,,S,S60,Böblingen|Sindelfingen|Maichingen|Maichingen Nord|Magstadt|Renningen Süd|Renningen|Rutesheim|Leonberg|Höfingen|Ditzingen|Weilimdorf|Korntal|Neuwirtshaus(Porscheplatz),8005778,Stuttgart-Zuffenhausen,Baden-Württemberg,Stuttgart,70435,9.167156375,48.82960884,3,2607241648,,2607241649,,,,,,,,,,,0.0,0.0
-7316032691190328672-2607241615-9,7447,2607241643,2607241644,2,,S,S4,Kirchberg(Murr)|Erdmannhausen|Marbach(Neckar)|Benningen(Neckar)|Freiberg(Neckar)|Favoritepark|Ludwigsburg|Kornwestheim Pbf,8005778,Stuttgart-Zuffenhausen,Baden-Württemberg,Stuttgart,70435,9.167156375,48.82960884,3,2607241644,,2607241645,,h,1,Bauarbeiten,,,,,,,1.0,1.0
-3938449558083296947-2607241608-2,7048,2607241611,2607241611,12,,S,S60,Stuttgart-Feuerbach,8005778,Stuttgart-Zuffenhausen,Baden-Württemberg,Stuttgart,70435,9.167156375,48.82960884,3,2607241611,,2607241611,,,,,,,,,,,0.0,0.0
-6317899099651385370-2607241534-15,7043,2607241618,2607241619,12,,S,S60,Böblingen|Sindelfingen|Maichingen|Maichingen Nord|Magstadt|Renningen Süd|Renningen|Rutesheim|Leonberg|Höfingen|Ditzingen|Weilimdorf|Korntal|Neuwirtshaus(Porscheplatz),8005778,Stuttgart-Zuffenhausen,Baden-Württemberg,Stuttgart,70435,9.167156375,48.82960884,3,2607241618,,2607241619,,,,,,,,,,,0.0,0.0
-4827015275996172889-2607241637-2,7549,2607241640,2607241640,2,,S,S5,Bietigheim-Bissingen,8005820,Tamm (Württ),Baden-Württemberg,Tamm,71732,9.125288012,48.92187736,4,2607241640,,2607241641,,,,,,,,,,,0.0,1.0
-4628505577045451249-2607241557-8,7544,2607241620,2607241620,3,,S,S5,Stuttgart Hbf|Stuttgart Nordbahnhof|Stuttgart-Feuerbach|Stuttgart-Zuffenhausen|Kornwestheim Pbf|Ludwigsburg|Asperg,8005820,Tamm (Württ),Baden-Württemberg,Tamm,71732,9.125288012,48.92187736,4,2607241621,,2607241622,,,,,,,,,,,1.0,2.0
4626892396658662892-2607241627-8,7546,2607241650,2607241650,3,,S,S5,Stuttgart Hbf|Stuttgart Nordbahnhof|Stuttgart-Feuerbach|Stuttgart-Zuffenhausen|Kornwestheim Pbf|Ludwigsburg|Asperg,8005820,Tamm (Württ),Baden-Württemberg,Tamm,71732,9.125288012,48.92187736,4,2607241651,,2607241652,,,,,,,,,,,1.0,2.0
3550462619255367417-2607241607-2,7547,2607241610,2607241610,2,,S,S5,Bietigheim-Bissingen,8005820,Tamm (Württ),Baden-Württemberg,Tamm,71732,9.125288012,48.92187736,4,2607241610,,2607241611,,,,,,,,,,,0.0,1.0
-3924626970669458370-2607241541-7,7345,2607241559,2607241600,1,,S,S3,Backnang|Maubach|Nellmersbach|Winnenden|Schwaikheim|Neustadt-Hohenacker,8000180,Waiblingen,Baden-Württemberg,Waiblingen,71332,9.300476874,48.8262444,3,2607241559,,2607241600,,,,,,,,,,,0.0,0.0
-7819160470553148770-2607241641-7,7349,2607241659,2607241700,1,,S,S3,Backnang|Maubach|Nellmersbach|Winnenden|Schwaikheim|Neustadt-Hohenacker,8000180,Waiblingen,Baden-Württemberg,Waiblingen,71332,9.300476874,48.8262444,3,2607241659,,2607241700,,,,,,,,,,,0.0,0.0
-6396384465199611007-2607241546-3,19423,2607241602,2607241602,6,,ARV,MEX13,Stuttgart Hbf|Stuttgart-Bad Cannstatt,8000180,Waiblingen,Baden-Württemberg,Waiblingen,71332,9.300476874,48.8262444,3,2607241601,,2607241602,,,,,,,,,,,-1.0,0.0
6086544143608493018-2607241633-10,7249,2607241654,2607241655,5,,S,S2,Schorndorf|Weiler(Rems)|Winterbach(b Schorndorf)|Geradstetten|Grunbach|Beutelsbach|Endersbach|Stetten-Beinstein|Rommelshausen,8000180,Waiblingen,Baden-Württemberg,Waiblingen,71332,9.300476874,48.8262444,3,2607241654,,2607241655,,,,,,,,,,,0.0,0.0
-6739253170809320051-2607241642-6,7346,2607241659,2607241700,3,,S,S3,Stuttgart Hbf|Stuttgart-Bad Cannstatt|Stuttgart Nürnberger Str.|Stuttgart-Sommerrain|Fellbach,8000180,Waiblingen,Baden-Württemberg,Waiblingen,71332,9.300476874,48.8262444,3,2607241701,,2607241701,,,,,,,,,,,2.0,1.0
-4004274244229684776-2607241612-6,7344,2607241629,2607241630,3,,S,S3,Stuttgart Hbf|Stuttgart-Bad Cannstatt|Stuttgart Nürnberger Str.|Stuttgart-Sommerrain|Fellbach,8000180,Waiblingen,Baden-Württemberg,Waiblingen,71332,9.300476874,48.8262444,3,2607241642,,2607241643,,,,,,,,,,,13.0,13.0
-273547766285307951-2607241511-16,19476,2607241628,2607241628,6,,ARV,MEX13,Ellwangen|Schrezheim|Schwabsberg|Goldshöfe|Hofen(b Aalen)|Wasseralfingen|Aalen Hbf|Mögglingen(Gmünd)|Böbingen(Rems)|Schwäbisch Gmünd|Lorch(Württ)|Waldhausen(b Schorndorf)|Plüderhausen|Urbach(b Schorndorf)|Schorndorf,8000180,Waiblingen,Baden-Württemberg,Waiblingen,71332,9.300476874,48.8262444,3,2607241628,,2607241629,,,,,,,,,,,0.0,1.0
60204090947316905-2607241620-6,7244,2607241634,2607241635,7,,S,S2,Stuttgart Hbf|Stuttgart-Bad Cannstatt|Stuttgart Nürnberger Str.|Stuttgart-Sommerrain|Fellbach,8000180,Waiblingen,Baden-Württemberg,Waiblingen,71332,9.300476874,48.8262444,3,2607241634,,2607241635,,,,,,,,,,,0.0,0.0
-5445906738201891339-2607241603-10,7247,2607241624,2607241625,5,,S,S2,Schorndorf|Weiler(Rems)|Winterbach(b Schorndorf)|Geradstetten|Grunbach|Beutelsbach|Endersbach|Stetten-Beinstein|Rommelshausen,8000180,Waiblingen,Baden-Württemberg,Waiblingen,71332,9.300476874,48.8262444,3,2607241624,,2607241625,,,,,,,,,,,0.0,0.0
3420342321820958894-2607241438-18,88618,2607241651,2607241652,1,,ARV,RE90,Nürnberg Hbf|Roßtal|Heilsbronn|Wicklesgreuth|Ansbach|Leutershausen-Wiedersbach|Dombühl|Schnelldorf|Crailsheim|Eckartshausen-Ilshofen|Schwäbisch Hall-Hessental|Gaildorf West|Murrhardt|Sulzbach(Murr)|Oppenweiler(Württ)|Backnang|Winnenden,8000180,Waiblingen,Baden-Württemberg,Waiblingen,71332,9.300476874,48.8262444,3,2607241715,,2607241720,,,,,,,,,,,24.0,28.0
-2983041268716826074-2607241611-7,7347,2607241629,2607241630,1,,S,S3,Backnang|Maubach|Nellmersbach|Winnenden|Schwaikheim|Neustadt-Hohenacker,8000180,Waiblingen,Baden-Württemberg,Waiblingen,71332,9.300476874,48.8262444,3,2607241631,,2607241631,,,,,,,,,,,2.0,1.0
1014763779494518341-2607241550-6,7242,2607241604,2607241605,7,,S,S2,Stuttgart Hbf|Stuttgart-Bad Cannstatt|Stuttgart Nürnberger Str.|Stuttgart-Sommerrain|Fellbach,8000180,Waiblingen,Baden-Württemberg,Waiblingen,71332,9.300476874,48.8262444,3,2607241609,,2607241610,,,,,,,,,,,5.0,5.0
-5168618100041663203-2607241620-3,19475,2607241632,2607241632,6,,ARV,MEX13,Stuttgart Hbf|Stuttgart-Bad Cannstatt,8000180,Waiblingen,Baden-Württemberg,Waiblingen,71332,9.300476874,48.8262444,3,2607241642,,2607241643,,,,,,,,,,,10.0,11.0
-7555129147761723302-2607241607-10,19428,2607241658,2607241658,6,,ARV,MEX13,Aalen Hbf|Mögglingen(Gmünd)|Böbingen(Rems)|Schwäbisch Gmünd|Lorch(Württ)|Waldhausen(b Schorndorf)|Plüderhausen|Urbach(b Schorndorf)|Schorndorf,8000180,Waiblingen,Baden-Württemberg,Waiblingen,71332,9.300476874,48.8262444,3,2607241658,,2607241658,,,,,,,,,,,0.0,0.0
8256892323728512755-2607241626-3,17541,2607241637,2607241638,3,,RB,MEX90,Stuttgart Hbf|Stuttgart-Bad Cannstatt,8000180,Waiblingen,Baden-Württemberg,Waiblingen,71332,9.300476874,48.8262444,3,2607241638,,2607241640,,,,,,,,,,,1.0,2.0
-1516279282303081361-2607241542-6,7342,2607241559,2607241600,3,,S,S3,Stuttgart Hbf|Stuttgart-Bad Cannstatt|Stuttgart Nürnberger Str.|Stuttgart-Sommerrain|Fellbach,8000180,Waiblingen,Baden-Württemberg,Waiblingen,71332,9.300476874,48.8262444,3,2607241606,,2607241606,,,,,,,,,,,7.0,6.0
-922318236278418485-2607241633-1,7649,,2607241633,,,S,S6,,8006271,Weil der Stadt,Baden-Württemberg,Weil der Stadt,71263,8.873189074,48.7557357,4,,,2607241633,,,,,,,,,,,0.0,0.0
924644417488732877-2607241617-14,7644,2607241657,,2,,S,,Stuttgart Hbf|Stuttgart Nordbahnhof|Stuttgart-Feuerbach|Stuttgart-Zuffenhausen|Neuwirtshaus(Porscheplatz)|Korntal|Weilimdorf|Ditzingen|Höfingen|Leonberg|Rutesheim|Renningen|Malmsheim,8006271,Weil der Stadt,Baden-Württemberg,Weil der Stadt,71263,8.873189074,48.7557357,4,2607241659,,,,,,,,,,,,,2.0,0.0
6028146154918754445-2607241633-1,26166,,2607241633,,,SWE,RB76,,8006271,Weil der Stadt,Baden-Württemberg,Weil der Stadt,71263,8.873189074,48.7557357,4,,,2607241633,,,,,,,,,,,0.0,0.0
7725913400382290286-2607241603-1,7647,,2607241603,,,S,S6,,8006271,Weil der Stadt,Baden-Württemberg,Weil der Stadt,71263,8.873189074,48.7557357,4,,,2607241603,,,,,,,,,,,0.0,0.0
-185130993701459147-2607241556-5,26165,2607241614,,141,,SWE,,Calw|Calw-Heumaden|Althengstett|Ostelsheim,8006271,Weil der Stadt,Baden-Württemberg,Weil der Stadt,71263,8.873189074,48.7557357,4,2607241614,,,,,,,,,,,,,0.0,0.0
313908366016308696-2607241626-5,26167,2607241644,,141,,SWE,,Calw|Calw-Heumaden|Althengstett|Ostelsheim,8006271,Weil der Stadt,Baden-Württemberg,Weil der Stadt,71263,8.873189074,48.7557357,4,2607241644,,,,,,,,,,,,,0.0,0.0
-9218309278969826782-2607241603-1,26164,,2607241603,,,SWE,RB76,,8006271,Weil der Stadt,Baden-Württemberg,Weil der Stadt,71263,8.873189074,48.7557357,4,,,2607241604,,,,,,,,,,,0.0,1.0
-434662733066569795-2607241547-14,7642,2607241627,,2,,S,,Stuttgart Hbf|Stuttgart Nordbahnhof|Stuttgart-Feuerbach|Stuttgart-Zuffenhausen|Neuwirtshaus(Porscheplatz)|Korntal|Weilimdorf|Ditzingen|Höfingen|Leonberg|Rutesheim|Renningen|Malmsheim,8006271,Weil der Stadt,Baden-Württemberg,Weil der Stadt,71263,8.873189074,48.7557357,4,2607241628,,,,,,,,,,,,,1.0,0.0
6086544143608493018-2607241633-2,7249,2607241636,2607241636,2,,S,S2,Schorndorf,8006277,Weiler (Rems),Baden-Württemberg,Schorndorf,76314,9.501891172,48.80034585,5,2607241636,,2607241636,,,,,,,,,,,0.0,0.0
60204090947316905-2607241620-14,7244,2607241652,2607241652,1,,S,S2,Stuttgart Hbf|Stuttgart-Bad Cannstatt|Stuttgart Nürnberger Str.|Stuttgart-Sommerrain|Fellbach|Waiblingen|Rommelshausen|Stetten-Beinstein|Endersbach|Beutelsbach|Grunbach|Geradstetten|Winterbach(b Schorndorf),8006277,Weiler (Rems),Baden-Württemberg,Schorndorf,76314,9.501891172,48.80034585,5,2607241652,,2607241653,,,,,,,,,,,0.0,1.0
-5445906738201891339-2607241603-2,7247,2607241606,2607241606,2,,S,S2,Schorndorf,8006277,Weiler (Rems),Baden-Württemberg,Schorndorf,76314,9.501891172,48.80034585,5,2607241606,,2607241606,,,,,,,,,,,0.0,0.0
1014763779494518341-2607241550-14,7242,2607241622,2607241622,1,,S,S2,Stuttgart Hbf|Stuttgart-Bad Cannstatt|Stuttgart Nürnberger Str.|Stuttgart-Sommerrain|Fellbach|Waiblingen|Rommelshausen|Stetten-Beinstein|Endersbach|Beutelsbach|Grunbach|Geradstetten|Winterbach(b Schorndorf),8006277,Weiler (Rems),Baden-Württemberg,Schorndorf,76314,9.501891172,48.80034585,5,2607241627,,2607241628,,,,,,,,,,,5.0,6.0
-7851813684664054699-2607241620-3,7149,2607241627,2607241628,12,,S,S1,Kirchheim(Teck)|Kirchheim(Teck)-Ötlingen,8006331,Wendlingen (Neckar),Baden-Württemberg,Wendlingen am Neckar,73240,9.373662098,48.67368917,3,2607241638,,2607241639,,h,1,Störung,,,,,,,11.0,11.0
8929966901767185806-2607241629-3,16064,2607241659,,3,,RE,,Ulm Hbf|Merklingen - Schwäbische Alb,8006331,Wendlingen (Neckar),Baden-Württemberg,Wendlingen am Neckar,73240,9.373662098,48.67368917,3,2607241657,,,,h,2,Störung,,,,,,,-2.0,0.0
7941696835731553601-2607241457-13,19229,2607241618,2607241618,2,,RE,MEX12,Heilbronn Hbf|Nordheim(Württ)|Lauffen(Neckar)|Kirchheim(Neckar)|Walheim(Württ)|Besigheim|Bietigheim-Bissingen|Ludwigsburg|Stuttgart Hbf|Stuttgart-Bad Cannstatt|Esslingen(Neckar)|Plochingen,8006331,Wendlingen (Neckar),Baden-Württemberg,Wendlingen am Neckar,73240,9.373662098,48.67368917,3,2607241626,,2607241632,,h,2,Störung,,,,,,,8.0,14.0
-9188152927957683023-2607241624-1,16063,,2607241624,,,RE,RE200,,8006331,Wendlingen (Neckar),Baden-Württemberg,Wendlingen am Neckar,73240,9.373662098,48.67368917,3,,,2607241634,,h,2,Störung,,,,,,,0.0,10.0
-1095345854786785458-2607241605-7,19238,2607241640,2607241641,1,,RE,MEX12,Tübingen Hbf|Reutlingen Hbf|Metzingen(Württ)|Bempflingen|Nürtingen|Oberboihingen,8006331,Wendlingen (Neckar),Baden-Württemberg,Wendlingen am Neckar,73240,9.373662098,48.67368917,3,2607241652,,2607241654,,h,2,Störung,,,,,,,12.0,13.0
713199971080468435-2607241650-3,7151,2607241657,2607241658,12,,S,S1,Kirchheim(Teck)|Kirchheim(Teck)-Ötlingen,8006331,Wendlingen (Neckar),Baden-Württemberg,Wendlingen am Neckar,73240,9.373662098,48.67368917,3,2607241657,,2607241658,,h,1,Störung,,,,,c,,0.0,0.0
-6176428807824195191-2607241525-13,7142,2607241602,2607241603,11,,S,S1,Stuttgart Hbf|Stuttgart-Bad Cannstatt|Stuttgart Neckarpark|Stuttgart-Untertürkheim|Stuttgart-Obertürkheim|Esslingen-Mettingen|Esslingen(Neckar)|Oberesslingen|Esslingen-Zell|Altbach|Plochingen|Wernau(Neckar),8006331,Wendlingen (Neckar),Baden-Württemberg,Wendlingen am Neckar,73240,9.373662098,48.67368917,3,2607241603,,2607241604,,h,1,Störung,,,,,,,1.0,1.0
6037772526634891708-2607241555-13,7144,2607241632,2607241633,11,,S,S1,Stuttgart Hbf|Stuttgart-Bad Cannstatt|Stuttgart Neckarpark|Stuttgart-Untertürkheim|Stuttgart-Obertürkheim|Esslingen-Mettingen|Esslingen(Neckar)|Oberesslingen|Esslingen-Zell|Altbach|Plochingen|Wernau(Neckar),8006331,Wendlingen (Neckar),Baden-Württemberg,Wendlingen am Neckar,73240,9.373662098,48.67368917,3,2607241641,12,2607241639,,h,1,Störung,,,,,,c,9.0,6.0
9072809401414477062-2607241550-4,7147,2607241601,2607241601,1,,S,S1,Kirchheim(Teck)|Kirchheim(Teck)-Ötlingen|Wendlingen(Neckar),8006346,Wernau (Neckar),Baden-Württemberg,Wernau (Neckar),73249,9.413654423,48.69417221,4,2607241605,,2607241605,,h,1,Störung,,,,,,,4.0,4.0
-7851813684664054699-2607241620-4,7149,2607241631,2607241631,1,,S,S1,Kirchheim(Teck)|Kirchheim(Teck)-Ötlingen|Wendlingen(Neckar),8006346,Wernau (Neckar),Baden-Württemberg,Wernau (Neckar),73249,9.413654423,48.69417221,4,2607241641,,2607241642,,h,1,Störung,,,,,,,10.0,11.0
1890742567431507346-2607241625-12,7146,2607241658,2607241659,2,,S,S1,Stuttgart Hbf|Stuttgart-Bad Cannstatt|Stuttgart Neckarpark|Stuttgart-Untertürkheim|Stuttgart-Obertürkheim|Esslingen-Mettingen|Esslingen(Neckar)|Oberesslingen|Esslingen-Zell|Altbach|Plochingen,8006346,Wernau (Neckar),Baden-Württemberg,Wernau (Neckar),73249,9.413654423,48.69417221,4,2607241658,,2607241659,,h,1,Störung,,,,,,,0.0,0.0
6037772526634891708-2607241555-12,7144,2607241628,2607241629,2,,S,S1,Stuttgart Hbf|Stuttgart-Bad Cannstatt|Stuttgart Neckarpark|Stuttgart-Untertürkheim|Stuttgart-Obertürkheim|Esslingen-Mettingen|Esslingen(Neckar)|Oberesslingen|Esslingen-Zell|Altbach|Plochingen,8006346,Wernau (Neckar),Baden-Württemberg,Wernau (Neckar),73249,9.413654423,48.69417221,4,2607241635,,2607241636,,h,1,Störung,,,,,,,7.0,7.0
-7819160470553148770-2607241641-4,7349,2607241649,2607241650,3,,S,S3,Backnang|Maubach|Nellmersbach,8006479,Winnenden,Baden-Württemberg,Winnenden,71364,9.392155928,48.8795625,3,2607241649,,2607241650,,,,,,,,,,,0.0,0.0
-4004274244229684776-2607241612-9,7344,2607241639,2607241639,2,,S,S3,Stuttgart Hbf|Stuttgart-Bad Cannstatt|Stuttgart Nürnberger Str.|Stuttgart-Sommerrain|Fellbach|Waiblingen|Neustadt-Hohenacker|Schwaikheim,8006479,Winnenden,Baden-Württemberg,Winnenden,71364,9.392155928,48.8795625,3,2607241652,,2607241653,,,,,,,,,,,13.0,14.0
3420342321820958894-2607241438-17,88618,2607241644,2607241645,3,,ARV,RE90,Nürnberg Hbf|Roßtal|Heilsbronn|Wicklesgreuth|Ansbach|Leutershausen-Wiedersbach|Dombühl|Schnelldorf|Crailsheim|Eckartshausen-Ilshofen|Schwäbisch Hall-Hessental|Gaildorf West|Murrhardt|Sulzbach(Murr)|Oppenweiler(Württ)|Backnang,8006479,Winnenden,Baden-Württemberg,Winnenden,71364,9.392155928,48.8795625,3,2607241706,,2607241708,,,,,,,,,,,22.0,23.0
-2983041268716826074-2607241611-4,7347,2607241619,2607241620,3,,S,S3,Backnang|Maubach|Nellmersbach,8006479,Winnenden,Baden-Württemberg,Winnenden,71364,9.392155928,48.8795625,3,2607241620,,2607241622,,,,,,,,,,,1.0,2.0
8256892323728512755-2607241626-4,17541,2607241644,2607241645,2,,RB,MEX90,Stuttgart Hbf|Stuttgart-Bad Cannstatt|Waiblingen,8006479,Winnenden,Baden-Württemberg,Winnenden,71364,9.392155928,48.8795625,3,2607241646,,2607241647,,,,,,,,,,,2.0,2.0
-1516279282303081361-2607241542-9,7342,2607241609,2607241609,2,,S,S3,Stuttgart Hbf|Stuttgart-Bad Cannstatt|Stuttgart Nürnberger Str.|Stuttgart-Sommerrain|Fellbach|Waiblingen|Neustadt-Hohenacker|Schwaikheim,8006479,Winnenden,Baden-Württemberg,Winnenden,71364,9.392155928,48.8795625,3,2607241615,,2607241616,,,,,,,,,,,6.0,7.0
6086544143608493018-2607241633-3,7249,2607241638,2607241638,1,,S,S2,Schorndorf|Weiler(Rems),8006485,Winterbach (b Schorndorf),Baden-Württemberg,Winterbach,73650,9.481549751,48.79842743,4,2607241638,,2607241638,,,,,,,,,,,0.0,0.0
60204090947316905-2607241620-13,7244,2607241650,2607241650,2,,S,S2,Stuttgart Hbf|Stuttgart-Bad Cannstatt|Stuttgart Nürnberger Str.|Stuttgart-Sommerrain|Fellbach|Waiblingen|Rommelshausen|Stetten-Beinstein|Endersbach|Beutelsbach|Grunbach|Geradstetten,8006485,Winterbach (b Schorndorf),Baden-Württemberg,Winterbach,73650,9.481549751,48.79842743,4,2607241650,,2607241651,,,,,,,,,,,0.0,1.0
-5445906738201891339-2607241603-3,7247,2607241608,2607241608,1,,S,S2,Schorndorf|Weiler(Rems),8006485,Winterbach (b Schorndorf),Baden-Württemberg,Winterbach,73650,9.481549751,48.79842743,4,2607241608,,2607241608,,,,,,,,,,,0.0,0.0
1014763779494518341-2607241550-13,7242,2607241620,2607241620,2,,S,S2,Stuttgart Hbf|Stuttgart-Bad Cannstatt|Stuttgart Nürnberger Str.|Stuttgart-Sommerrain|Fellbach|Waiblingen|Rommelshausen|Stetten-Beinstein|Endersbach|Beutelsbach|Grunbach|Geradstetten,8006485,Winterbach (b Schorndorf),Baden-Württemberg,Winterbach,73650,9.481549751,48.79842743,4,2607241625,,2607241626,,,,,,,,,,,5.0,6.0
-4934377407582477101-2607241538-12,7046,2607241615,2607241615,2,,S,S60,Stuttgart-Feuerbach|Stuttgart-Zuffenhausen|Neuwirtshaus(Porscheplatz)|Korntal|Weilimdorf|Ditzingen|Höfingen|Leonberg|Rutesheim|Renningen|Renningen Süd,8003807,Magstadt,Baden-Württemberg,Magstadt,71106,8.965315746,48.73616033,6,2607241616,,2607241617,,,,,,,,,,,1.0,2.0
3052355004880075210-2607241634-5,7047,2607241643,2607241644,1,,S,S60,Böblingen|Sindelfingen|Maichingen|Maichingen Nord,8003807,Magstadt,Baden-Württemberg,Magstadt,71106,8.965315746,48.73616033,6,2607241644,,2607241645,,,,,,,,,,,1.0,1.0
-4320397447687881024-2607241604-5,7045,2607241613,2607241614,1,,S,S60,Böblingen|Sindelfingen|Maichingen|Maichingen Nord,8003807,Magstadt,Baden-Württemberg,Magstadt,71106,8.965315746,48.73616033,6,2607241614,,2607241615,,,,,,,,,,,1.0,1.0
-3938449558083296947-2607241608-12,7048,2607241645,2607241645,2,,S,S60,Stuttgart-Feuerbach|Stuttgart-Zuffenhausen|Neuwirtshaus(Porscheplatz)|Korntal|Weilimdorf|Ditzingen|Höfingen|Leonberg|Rutesheim|Renningen|Renningen Süd,8003807,Magstadt,Baden-Württemberg,Magstadt,71106,8.965315746,48.73616033,6,2607241646,,2607241647,,,,,,,,,,,1.0,2.0
-4934377407582477101-2607241538-13,7046,2607241617,2607241617,2,,S,S60,Stuttgart-Feuerbach|Stuttgart-Zuffenhausen|Neuwirtshaus(Porscheplatz)|Korntal|Weilimdorf|Ditzingen|Höfingen|Leonberg|Rutesheim|Renningen|Renningen Süd|Magstadt,8003834,Maichingen Nord,Baden-Württemberg,Sindelfingen,71069,8.979416996,48.72750392,5,2607241619,,2607241619,,,,,,,,,,,2.0,2.0
3052355004880075210-2607241634-4,7047,2607241641,2607241641,1,,S,S60,Böblingen|Sindelfingen|Maichingen,8003834,Maichingen Nord,Baden-Württemberg,Sindelfingen,71069,8.979416996,48.72750392,5,2607241642,,2607241643,,,,,,,,,,,1.0,2.0
-4320397447687881024-2607241604-4,7045,2607241611,2607241611,1,,S,S60,Böblingen|Sindelfingen|Maichingen,8003834,Maichingen Nord,Baden-Württemberg,Sindelfingen,71069,8.979416996,48.72750392,5,2607241612,,2607241613,,,,,,,,,,,1.0,2.0
-3938449558083296947-2607241608-13,7048,2607241647,2607241647,2,,S,S60,Stuttgart-Feuerbach|Stuttgart-Zuffenhausen|Neuwirtshaus(Porscheplatz)|Korntal|Weilimdorf|Ditzingen|Höfingen|Leonberg|Rutesheim|Renningen|Renningen Süd|Magstadt,8003834,Maichingen Nord,Baden-Württemberg,Sindelfingen,71069,8.979416996,48.72750392,5,2607241648,,2607241649,,,,,,,,,,,1.0,2.0
-4934377407582477101-2607241538-14,7046,2607241619,2607241619,1,,S,S60,Stuttgart-Feuerbach|Stuttgart-Zuffenhausen|Neuwirtshaus(Porscheplatz)|Korntal|Weilimdorf|Ditzingen|Höfingen|Leonberg|Rutesheim|Renningen|Renningen Süd|Magstadt|Maichingen Nord,8003808,Maichingen,Baden-Württemberg,Sindelfingen,71069,8.969606704,48.72162074,6,2607241620,,2607241622,,,,,,,,,,,1.0,3.0
3052355004880075210-2607241634-3,7047,2607241639,2607241640,1,,S,S60,Böblingen|Sindelfingen,8003808,Maichingen,Baden-Württemberg,Sindelfingen,71069,8.969606704,48.72162074,6,2607241640,,2607241641,,,,,,,,,,,1.0,1.0
-4320397447687881024-2607241604-3,7045,2607241609,2607241610,1,,S,S60,Böblingen|Sindelfingen,8003808,Maichingen,Baden-Württemberg,Sindelfingen,71069,8.969606704,48.72162074,6,2607241610,,2607241611,,,,,,,,,,,1.0,1.0
-3938449558083296947-2607241608-14,7048,2607241649,2607241649,1,,S,S60,Stuttgart-Feuerbach|Stuttgart-Zuffenhausen|Neuwirtshaus(Porscheplatz)|Korntal|Weilimdorf|Ditzingen|Höfingen|Leonberg|Rutesheim|Renningen|Renningen Süd|Magstadt|Maichingen Nord,8003808,Maichingen,Baden-Württemberg,Sindelfingen,71069,8.969606704,48.72162074,6,2607241650,,2607241651,,,,,,,,,,,1.0,2.0
-4934377407582477101-2607241538-11,7046,2607241611,2607241611,2,,S,S60,Stuttgart-Feuerbach|Stuttgart-Zuffenhausen|Neuwirtshaus(Porscheplatz)|Korntal|Weilimdorf|Ditzingen|Höfingen|Leonberg|Rutesheim|Renningen,8005001,Renningen Süd,Baden-Württemberg,Renningen,71272,8.932068278,48.76261937,6,2607241612,,2607241613,,,,,,,,,,,1.0,2.0
3052355004880075210-2607241634-6,7047,2607241647,2607241648,1,,S,S60,Böblingen|Sindelfingen|Maichingen|Maichingen Nord|Magstadt,8005001,Renningen Süd,Baden-Württemberg,Renningen,71272,8.932068278,48.76261937,6,2607241648,,2607241649,,,,,,,,,,,1.0,1.0
-4320397447687881024-2607241604-6,7045,2607241617,2607241618,1,,S,S60,Böblingen|Sindelfingen|Maichingen|Maichingen Nord|Magstadt,8005001,Renningen Süd,Baden-Württemberg,Renningen,71272,8.932068278,48.76261937,6,2607241618,,2607241621,,,,,,,,,,,1.0,3.0
-3938449558083296947-2607241608-11,7048,2607241641,2607241641,2,,S,S60,Stuttgart-Feuerbach|Stuttgart-Zuffenhausen|Neuwirtshaus(Porscheplatz)|Korntal|Weilimdorf|Ditzingen|Höfingen|Leonberg|Rutesheim|Renningen,8005001,Renningen Süd,Baden-Württemberg,Renningen,71272,8.932068278,48.76261937,6,2607241642,,2607241643,,,,,,,,,,,1.0,2.0
